# Region type : patch Lc1_sub1
# Faces        : 59
# Area         : 1.1202403e-06
# Scale factor : 1.0000000e+00
# Time         	sum(phi)
6e-05          	2.6378688e-10
0.000132       	5.8125045e-10
0.0002184      	9.6087890e-10
0.00032208     	1.4171198e-09
0.000446496    	1.9627744e-09
0.000595795    	2.6178713e-09
0.000774954    	3.3985603e-09
0.000989945    	4.3291044e-09
0.00124793     	5.4248802e-09
0.00155752     	6.7072465e-09
0.00192903     	8.1769485e-09
0.00237483     	9.8321845e-09
0.0029098      	1.1631638e-08
0.00355176     	1.3526887e-08
0.00429765     	1.5374107e-08
0.00475382     	1.6393430e-08
0.00497048     	1.6828355e-08
0.00518408     	1.7240358e-08
0.00542151     	1.7662705e-08
0.00568516     	1.8114386e-08
0.00595414     	1.8541553e-08
0.0062144      	1.8948019e-08
0.00646879     	1.9321608e-08
0.00672414     	1.9695413e-08
0.00698347     	2.0056737e-08
0.0072456      	2.0425338e-08
0.0075082      	2.0782027e-08
0.00777027     	2.1148567e-08
0.00803213     	2.1507546e-08
0.00829441     	2.1882237e-08
0.00855734     	2.2254635e-08
0.00882083     	2.2646671e-08
0.00908463     	2.3039774e-08
0.00934861     	2.3456041e-08
0.00961272     	2.3874617e-08
0.00987701     	2.4316647e-08
0.0101415      	2.4761031e-08
0.0104061      	2.5228444e-08
0.0106708      	2.5699500e-08
0.0109356      	2.6194518e-08
0.0112005      	2.6692814e-08
0.0114655      	2.7214416e-08
0.0117307      	2.7738401e-08
0.0119958      	2.8284643e-08
0.0122611      	2.8834632e-08
0.0125265      	2.9405571e-08
0.0127919      	2.9976180e-08
0.0130543      	3.0559120e-08
0.0133099      	3.1123070e-08
0.0135591      	3.1689743e-08
0.0138025      	3.2239584e-08
0.01404        	3.2790802e-08
0.0142718      	3.3326574e-08
0.0144983      	3.3862629e-08
0.0147199      	3.4381332e-08
0.0149367      	3.4900073e-08
0.0151492      	3.5400167e-08
0.0153574      	3.5899571e-08
0.0155616      	3.6382852e-08
0.0157619      	3.6866236e-08
0.0159587      	3.7334200e-08
0.016152       	3.7802367e-08
0.0163419      	3.8255737e-08
0.0165288      	3.8709413e-08
0.0167125      	3.9148935e-08
0.0168934      	3.9588953e-08
0.0170714      	4.0016549e-08
0.0172468      	4.0446318e-08
0.0174196      	4.0863201e-08
0.0175899      	4.1280898e-08
0.0177578      	4.1686284e-08
0.0179234      	4.2092685e-08
0.0180867      	4.2486028e-08
0.0182479      	4.2879410e-08
0.0184071      	4.3261542e-08
0.0185642      	4.3645022e-08
0.0187193      	4.4017729e-08
0.0188726      	4.4391959e-08
0.019024       	4.4756268e-08
0.0191736      	4.5124246e-08
0.0193216      	4.5482301e-08
0.0194678      	4.5842109e-08
0.0196124      	4.6192382e-08
0.0197555      	4.6544533e-08
0.019897       	4.6887523e-08
0.020037       	4.7231901e-08
0.0201755      	4.7565748e-08
0.0203126      	4.7901686e-08
0.0204484      	4.8229113e-08
0.0205828      	4.8558701e-08
0.0207159      	4.8880066e-08
0.0208477      	4.9203678e-08
0.0209783      	4.9519361e-08
0.0211076      	4.9837365e-08
0.0212358      	5.0147678e-08
0.0213628      	5.0460348e-08
0.0214886      	5.0765547e-08
0.0216134      	5.1073147e-08
0.021737       	5.1373499e-08
0.0218597      	5.1676302e-08
0.0219812      	5.1972077e-08
0.0221018      	5.2272209e-08
0.0222213      	5.2565817e-08
0.0223399      	5.2861889e-08
0.0224576      	5.3151255e-08
0.0225742      	5.3443100e-08
0.02269        	5.3728400e-08
0.0228049      	5.4016196e-08
0.0229189      	5.4297610e-08
0.023032       	5.4580925e-08
0.0231443      	5.4856449e-08
0.0232558      	5.5134493e-08
0.0233664      	5.5406432e-08
0.0234763      	5.5680876e-08
0.0235853      	5.5949336e-08
0.0236936      	5.6220295e-08
0.0238011      	5.6485395e-08
0.0239079      	5.6753008e-08
0.024014       	5.7014891e-08
0.0241193      	5.7279283e-08
0.0242239      	5.7538042e-08
0.0243279      	5.7799291e-08
0.0244311      	5.8055000e-08
0.0245337      	5.8313186e-08
0.0246356      	5.8565929e-08
0.0247369      	5.8821145e-08
0.0248375      	5.9071019e-08
0.0249375      	5.9323369e-08
0.0250369      	5.9571245e-08
0.0251357      	5.9822876e-08
0.0252339      	6.0069316e-08
0.0253315      	6.0318174e-08
0.0254285      	6.0561918e-08
0.0255249      	6.0808064e-08
0.0256208      	6.1049182e-08
0.0257161      	6.1292691e-08
0.0258108      	6.1531250e-08
0.0259051      	6.1772192e-08
0.0259987      	6.2008265e-08
0.0260919      	6.2244707e-08
0.0261846      	6.2476319e-08
0.0262767      	6.2710297e-08
0.0263683      	6.2939521e-08
0.0264595      	6.3171085e-08
0.0265501      	6.3397952e-08
0.0266403      	6.3627147e-08
0.02673        	6.3851712e-08
0.0268192      	6.4078594e-08
0.0269079      	6.4300916e-08
0.0269962      	6.4525554e-08
0.0270841      	6.4747590e-08
0.0271715      	6.4971992e-08
0.0272584      	6.5191918e-08
0.027345       	6.5414107e-08
0.0274311      	6.5631872e-08
0.0275167      	6.5851883e-08
0.027602       	6.6067522e-08
0.0276868      	6.6285395e-08
0.0277713      	6.6498950e-08
0.0278553      	6.6714732e-08
0.0279389      	6.6926255e-08
0.0280222      	6.7139476e-08
0.028105       	6.7347060e-08
0.0281875      	6.7556853e-08
0.0282696      	6.7762489e-08
0.0283513      	6.7970308e-08
0.0284326      	6.8174007e-08
0.0285136      	6.8379872e-08
0.0285942      	6.8581664e-08
0.0286744      	6.8785611e-08
0.0287543      	6.8985534e-08
0.0288339      	6.9187606e-08
0.0289131      	6.9385704e-08
0.0289919      	6.9585952e-08
0.0290705      	6.9782275e-08
0.0291486      	6.9980727e-08
0.0292265      	7.0175287e-08
0.029304       	7.0371957e-08
0.0293812      	7.0564771e-08
0.0294581      	7.0759682e-08
0.0295346      	7.0950775e-08
0.0296109      	7.1143955e-08
0.0296868      	7.1333359e-08
0.0297624      	7.1524844e-08
0.0298378      	7.1712598e-08
0.0299128      	7.1902428e-08
0.0299875      	7.2088573e-08
0.0300619      	7.2278341e-08
0.0301361      	7.2464761e-08
0.0302099      	7.2653211e-08
0.0302834      	7.2838028e-08
0.0303567      	7.3024863e-08
0.0304297      	7.3208098e-08
0.0305024      	7.3393338e-08
0.0305748      	7.3575013e-08
0.030647       	7.3758683e-08
0.0307189      	7.3938821e-08
0.0307905      	7.4120948e-08
0.0308618      	7.4299580e-08
0.0309329      	7.4480194e-08
0.0310038      	7.4657254e-08
0.0310743      	7.4834551e-08
0.0311446      	7.5008426e-08
0.0312147      	7.5184275e-08
0.0312845      	7.5356720e-08
0.0313541      	7.5531121e-08
0.0314234      	7.5702143e-08
0.0314924      	7.5875107e-08
0.0315613      	7.6044720e-08
0.0316298      	7.6216267e-08
0.0316982      	7.6384496e-08
0.0317663      	7.6554654e-08
0.0318342      	7.6721526e-08
0.0319018      	7.6890328e-08
0.0319692      	7.7055881e-08
0.0320364      	7.7223358e-08
0.0321034      	7.7387611e-08
0.0321701      	7.7553773e-08
0.0322366      	7.7716734e-08
0.0323029      	7.7881590e-08
0.032369       	7.8043268e-08
0.0324348      	7.8206830e-08
0.0325005      	7.8367239e-08
0.0325659      	7.8529524e-08
0.0326311      	7.8688684e-08
0.0326961      	7.8849714e-08
0.0327609      	7.9007648e-08
0.0328255      	7.9167446e-08
0.0328899      	7.9324177e-08
0.0329541      	7.9482770e-08
0.0330181      	7.9638825e-08
0.0330819      	7.9798003e-08
0.0331454      	7.9954156e-08
0.0332088      	8.0112135e-08
0.033272       	8.0267104e-08
0.033335       	8.0423889e-08
0.0333978      	8.0577687e-08
0.0334604      	8.0733291e-08
0.0335229      	8.0885930e-08
0.0335851      	8.1040366e-08
0.0336472      	8.1191861e-08
0.033709       	8.1345146e-08
0.0337707      	8.1495511e-08
0.0338322      	8.1647662e-08
0.0338935      	8.1796918e-08
0.0339547      	8.1947955e-08
0.0340156      	8.2095678e-08
0.0340764      	8.2243884e-08
0.034137       	8.2389248e-08
0.0341974      	8.2536384e-08
0.0342577      	8.2680688e-08
0.0343178      	8.2826751e-08
0.0343777      	8.2969999e-08
0.0344375      	8.3114994e-08
0.034497       	8.3257192e-08
0.0345564      	8.3401130e-08
0.0346157      	8.3542289e-08
0.0346748      	8.3685183e-08
0.0347337      	8.3825320e-08
0.0347925      	8.3967192e-08
0.034851       	8.4106333e-08
0.0349095      	8.4247206e-08
0.0349678      	8.4385372e-08
0.0350259      	8.4526027e-08
0.0350838      	8.4664933e-08
0.0351416      	8.4805546e-08
0.0351993      	8.4943472e-08
0.0352568      	8.5083096e-08
0.0353141      	8.5220051e-08
0.0353713      	8.5358695e-08
0.0354284      	8.5494686e-08
0.0354853      	8.5632358e-08
0.035542       	8.5767392e-08
0.0355986      	8.5904100e-08
0.035655       	8.6038190e-08
0.0357113      	8.6173949e-08
0.0357675      	8.6307109e-08
0.0358235      	8.6441932e-08
0.0358794      	8.6574172e-08
0.0359351      	8.6708073e-08
0.0359907      	8.6839411e-08
0.0360462      	8.6971011e-08
0.0361015      	8.7099791e-08
0.0361566      	8.7230230e-08
0.0362117      	8.7358140e-08
0.0362666      	8.7487692e-08
0.0363213      	8.7614726e-08
0.0363759      	8.7743392e-08
0.0364304      	8.7869553e-08
0.0364848      	8.7997338e-08
0.036539       	8.8122632e-08
0.0365931      	8.8249546e-08
0.0366471      	8.8373987e-08
0.0367009      	8.8500042e-08
0.0367546      	8.8623642e-08
0.0368082      	8.8748854e-08
0.0368616      	8.8871627e-08
0.0369149      	8.8996011e-08
0.0369681      	8.9117975e-08
0.0370212      	8.9241545e-08
0.0370741      	8.9362711e-08
0.037127       	8.9485475e-08
0.0371797      	8.9605844e-08
0.0372322      	8.9727800e-08
0.0372847      	8.9847373e-08
0.037337       	8.9968526e-08
0.0373892      	9.0087307e-08
0.0374413      	9.0207661e-08
0.0374933      	9.0325664e-08
0.0375451      	9.0445239e-08
0.0375969      	9.0562470e-08
0.0376485      	9.0681265e-08
0.0377         	9.0797730e-08
0.0377514      	9.0915755e-08
0.0378026      	9.1031469e-08
0.0378538      	9.1148743e-08
0.0379048      	9.1263720e-08
0.0379558      	9.1380251e-08
0.0380066      	9.1494713e-08
0.0380573      	9.1612133e-08
0.0381079      	9.1727273e-08
0.0381584      	9.1843942e-08
0.0382088      	9.1958345e-08
0.038259       	9.2074270e-08
0.0383092      	9.2187941e-08
0.0383592      	9.2303128e-08
0.0384092      	9.2416072e-08
0.038459       	9.2530525e-08
0.0385087      	9.2642747e-08
0.0385583      	9.2756474e-08
0.0386079      	9.2867983e-08
0.0386573      	9.2980990e-08
0.0387066      	9.3091792e-08
0.0387558      	9.3204087e-08
0.0388049      	9.3314187e-08
0.0388539      	9.3425779e-08
0.0389028      	9.3535189e-08
0.0389516      	9.3646087e-08
0.0390003      	9.3754810e-08
0.0390488      	9.3863432e-08
0.0390973      	9.3969905e-08
0.0391457      	9.4077863e-08
0.039194       	9.4183675e-08
0.0392422      	9.4290961e-08
0.0392903      	9.4396107e-08
0.0393383      	9.4502719e-08
0.0393862      	9.4607201e-08
0.039434       	9.4713142e-08
0.0394817      	9.4816962e-08
0.0395293      	9.4922236e-08
0.0395769      	9.5025397e-08
0.0396243      	9.5130016e-08
0.0396716      	9.5232538e-08
0.0397189      	9.5336508e-08
0.039766       	9.5438390e-08
0.0398131      	9.5541717e-08
0.03986        	9.5642971e-08
0.0399069      	9.5745668e-08
0.0399537      	9.5846305e-08
0.0400004      	9.5948468e-08
0.040047       	9.6059465e-08
0.0400935      	9.6171847e-08
0.0401399      	9.6282099e-08
0.0401862      	9.6393744e-08
0.0402324      	9.6503283e-08
0.0402786      	9.6614220e-08
0.0403246      	9.6723063e-08
0.0403706      	9.6833301e-08
0.0404165      	9.6941455e-08
0.0404623      	9.7050996e-08
0.040508       	9.7158461e-08
0.0405536      	9.7267305e-08
0.0405992      	9.7374080e-08
0.0406446      	9.7482227e-08
0.04069        	9.7588311e-08
0.0407353      	9.7695757e-08
0.0407805      	9.7801146e-08
0.0408256      	9.7907902e-08
0.0408706      	9.8012618e-08
0.0409155      	9.8118688e-08
0.0409604      	9.8222718e-08
0.0410052      	9.8328093e-08
0.0410499      	9.8431435e-08
0.0410945      	9.8536109e-08
0.041139       	9.8638753e-08
0.0411835      	9.8742727e-08
0.0412279      	9.8844678e-08
0.0412721      	9.8947948e-08
0.0413164      	9.9049200e-08
0.0413605      	9.9151764e-08
0.0414045      	9.9252313e-08
0.0414485      	9.9354163e-08
0.0414924      	9.9454004e-08
0.0415362      	9.9555138e-08
0.04158        	9.9654271e-08
0.0416236      	9.9754691e-08
0.0416672      	9.9853116e-08
0.0417107      	9.9952823e-08
0.0417542      	1.0005054e-07
0.0417975      	1.0014954e-07
0.0418408      	1.0024657e-07
0.041884       	1.0034487e-07
0.0419271      	1.0044121e-07
0.0419702      	1.0053882e-07
0.0420132      	1.0063401e-07
0.0420561      	1.0072942e-07
0.0420989      	1.0082288e-07
0.0421417      	1.0091761e-07
0.0421843      	1.0101040e-07
0.042227       	1.0110445e-07
0.0422695      	1.0119657e-07
0.042312       	1.0128994e-07
0.0423544      	1.0138138e-07
0.0423967      	1.0147408e-07
0.0424389      	1.0156485e-07
0.0424811      	1.0165687e-07
0.0425232      	1.0174697e-07
0.0425653      	1.0183832e-07
0.0426073      	1.0192777e-07
0.0426492      	1.0201845e-07
0.042691       	1.0210724e-07
0.0427328      	1.0219727e-07
0.0427745      	1.0228542e-07
0.0428161      	1.0237480e-07
0.0428576      	1.0246230e-07
0.0428991      	1.0255104e-07
0.0429405      	1.0263792e-07
0.0429819      	1.0272604e-07
0.0430232      	1.0281314e-07
0.0430644      	1.0290213e-07
0.0431056      	1.0298926e-07
0.0431467      	1.0307761e-07
0.0431877      	1.0316412e-07
0.0432286      	1.0325184e-07
0.0432695      	1.0333773e-07
0.0433104      	1.0342483e-07
0.0433511      	1.0351011e-07
0.0433918      	1.0359659e-07
0.0434324      	1.0368126e-07
0.043473       	1.0376713e-07
0.0435135      	1.0385119e-07
0.0435539      	1.0393646e-07
0.0435943      	1.0401992e-07
0.0436346      	1.0410459e-07
0.0436749      	1.0418746e-07
0.0437151      	1.0427153e-07
0.0437552      	1.0435381e-07
0.0437952      	1.0443730e-07
0.0438352      	1.0451901e-07
0.0438752      	1.0460193e-07
0.0439151      	1.0468307e-07
0.0439549      	1.0476542e-07
0.0439946      	1.0484601e-07
0.0440343      	1.0492780e-07
0.0440739      	1.0500784e-07
0.0441135      	1.0508908e-07
0.044153       	1.0516857e-07
0.0441925      	1.0524926e-07
0.0442319      	1.0532820e-07
0.0442712      	1.0540833e-07
0.0443105      	1.0548674e-07
0.0443497      	1.0556633e-07
0.0443888      	1.0564420e-07
0.0444279      	1.0572325e-07
0.044467       	1.0580058e-07
0.0445059      	1.0587909e-07
0.0445449      	1.0595589e-07
0.0445837      	1.0603388e-07
0.0446225      	1.0611017e-07
0.0446613      	1.0618764e-07
0.0447         	1.0626342e-07
0.0447386      	1.0634037e-07
0.0447772      	1.0641564e-07
0.0448157      	1.0649209e-07
0.0448542      	1.0656686e-07
0.0448926      	1.0664281e-07
0.0449309      	1.0671709e-07
0.0449692      	1.0679255e-07
0.0450075      	1.0686635e-07
0.0450457      	1.0694133e-07
0.0450838      	1.0701466e-07
0.0451219      	1.0708916e-07
0.0451599      	1.0716202e-07
0.0451979      	1.0723604e-07
0.0452358      	1.0730843e-07
0.0452736      	1.0738199e-07
0.0453114      	1.0745392e-07
0.0453492      	1.0752701e-07
0.0453869      	1.0759847e-07
0.0454245      	1.0767109e-07
0.0454621      	1.0774210e-07
0.0454997      	1.0781426e-07
0.0455371      	1.0788480e-07
0.0455746      	1.0795651e-07
0.045612       	1.0802660e-07
0.0456493      	1.0809786e-07
0.0456866      	1.0816752e-07
0.0457238      	1.0823833e-07
0.045761       	1.0830755e-07
0.0457981      	1.0837793e-07
0.0458351      	1.0844672e-07
0.0458722      	1.0851667e-07
0.0459091      	1.0858504e-07
0.0459461      	1.0865457e-07
0.0459829      	1.0872253e-07
0.0460197      	1.0879088e-07
0.0460565      	1.0885701e-07
0.0460932      	1.0892430e-07
0.0461299      	1.0899005e-07
0.0461665      	1.0905694e-07
0.0462031      	1.0912229e-07
0.0462396      	1.0918879e-07
0.0462761      	1.0925374e-07
0.0463125      	1.0931984e-07
0.0463489      	1.0938441e-07
0.0463852      	1.0945012e-07
0.0464215      	1.0951430e-07
0.0464577      	1.0957961e-07
0.0464939      	1.0964341e-07
0.04653        	1.0970834e-07
0.0465661      	1.0977177e-07
0.0466021      	1.0983632e-07
0.0466381      	1.0989937e-07
0.046674       	1.0996355e-07
0.0467099      	1.1002623e-07
0.0467458      	1.1009005e-07
0.0467816      	1.1015236e-07
0.0468173      	1.1021581e-07
0.046853       	1.1027778e-07
0.0468887      	1.1034088e-07
0.0469243      	1.1040250e-07
0.0469599      	1.1046525e-07
0.0469954      	1.1052654e-07
0.0470309      	1.1059017e-07
0.0470663      	1.1065250e-07
0.0471017      	1.1071596e-07
0.047137       	1.1077795e-07
0.0471723      	1.1084106e-07
0.0472075      	1.1090271e-07
0.0472428      	1.1096547e-07
0.0472779      	1.1102678e-07
0.047313       	1.1108920e-07
0.0473481      	1.1115017e-07
0.0473831      	1.1121227e-07
0.0474181      	1.1127292e-07
0.047453       	1.1133468e-07
0.0474879      	1.1139500e-07
0.0475228      	1.1145642e-07
0.0475576      	1.1151641e-07
0.0475923      	1.1157750e-07
0.047627       	1.1163716e-07
0.0476617      	1.1169792e-07
0.0476964      	1.1175727e-07
0.0477309      	1.1181771e-07
0.0477655      	1.1187673e-07
0.0478         	1.1193686e-07
0.0478344      	1.1199557e-07
0.0478689      	1.1205538e-07
0.0479032      	1.1211379e-07
0.0479376      	1.1217329e-07
0.0479719      	1.1223140e-07
0.0480061      	1.1229059e-07
0.0480403      	1.1234839e-07
0.0480745      	1.1240729e-07
0.0481086      	1.1246479e-07
0.0481427      	1.1252338e-07
0.0481767      	1.1258059e-07
0.0482107      	1.1263887e-07
0.0482447      	1.1269578e-07
0.0482786      	1.1275376e-07
0.0483125      	1.1281036e-07
0.0483463      	1.1286805e-07
0.0483801      	1.1292435e-07
0.0484138      	1.1298173e-07
0.0484476      	1.1303775e-07
0.0484812      	1.1309484e-07
0.0485149      	1.1315057e-07
0.0485485      	1.1320736e-07
0.048582       	1.1326278e-07
0.0486155      	1.1331929e-07
0.048649       	1.1337444e-07
0.0486824      	1.1343065e-07
0.0487158      	1.1348551e-07
0.0487492      	1.1354143e-07
0.0487825      	1.1359602e-07
0.0488158      	1.1365167e-07
0.048849       	1.1370598e-07
0.0488822      	1.1376135e-07
0.0489154      	1.1381538e-07
0.0489485      	1.1387047e-07
0.0489816      	1.1392423e-07
0.0490146      	1.1397905e-07
0.0490476      	1.1403254e-07
0.0490806      	1.1408708e-07
0.0491135      	1.1414030e-07
0.0491464      	1.1419457e-07
0.0491793      	1.1424752e-07
0.0492121      	1.1430151e-07
0.0492449      	1.1435419e-07
0.0492776      	1.1440791e-07
0.0493103      	1.1446031e-07
0.049343       	1.1451376e-07
0.0493756      	1.1456589e-07
0.0494082      	1.1461907e-07
0.0494408      	1.1467093e-07
0.0494733      	1.1472383e-07
0.0495058      	1.1477543e-07
0.0495382      	1.1482806e-07
0.0495706      	1.1487938e-07
0.049603       	1.1493175e-07
0.0496353      	1.1498282e-07
0.0496676      	1.1503492e-07
0.0496999      	1.1508573e-07
0.0497321      	1.1513755e-07
0.0497643      	1.1518809e-07
0.0497965      	1.1523965e-07
0.0498286      	1.1528993e-07
0.0498607      	1.1534123e-07
0.0498927      	1.1539126e-07
0.0499247      	1.1544230e-07
0.0499567      	1.1549207e-07
0.0499886      	1.1554287e-07
0.0500206      	1.1528036e-07
0.0500524      	1.1484760e-07
0.0500843      	1.1441599e-07
0.0501162      	1.1398712e-07
0.050148       	1.1355889e-07
0.0501798      	1.1313297e-07
0.0502116      	1.1270737e-07
0.0502434      	1.1228385e-07
0.0502752      	1.1186049e-07
0.050307       	1.1143913e-07
0.0503388      	1.1101788e-07
0.0503705      	1.1059862e-07
0.0504022      	1.1017949e-07
0.0504339      	1.0976237e-07
0.0504656      	1.0934544e-07
0.0504973      	1.0893058e-07
0.050529       	1.0851599e-07
0.0505606      	1.0810355e-07
0.0505923      	1.0769145e-07
0.0506239      	1.0728160e-07
0.0506555      	1.0687217e-07
0.0506871      	1.0646507e-07
0.0507187      	1.0605849e-07
0.0507503      	1.0565434e-07
0.0507818      	1.0525082e-07
0.0508134      	1.0484981e-07
0.0508449      	1.0444952e-07
0.0508764      	1.0405181e-07
0.0509079      	1.0365491e-07
0.0509394      	1.0326069e-07
0.0509708      	1.0286736e-07
0.0510023      	1.0247690e-07
0.0510337      	1.0208866e-07
0.0510652      	1.0170326e-07
0.0510966      	1.0131891e-07
0.051128       	1.0093748e-07
0.0511594      	1.0055719e-07
0.0511907      	1.0017990e-07
0.0512221      	9.9803819e-08
0.0512534      	9.9430806e-08
0.0512848      	9.9059074e-08
0.0513161      	9.8690479e-08
0.0513474      	9.8323232e-08
0.0513787      	9.7959189e-08
0.0514099      	9.7596559e-08
0.0514412      	9.7237183e-08
0.0514725      	9.6879275e-08
0.0515037      	9.6524682e-08
0.0515349      	9.6171625e-08
0.0515661      	9.5821942e-08
0.0515973      	9.5473851e-08
0.0516285      	9.5129182e-08
0.0516596      	9.4786142e-08
0.0516908      	9.4446561e-08
0.0517219      	9.4108662e-08
0.051753       	9.3774274e-08
0.0517842      	9.3441612e-08
0.0518153      	9.3112496e-08
0.0518463      	9.2785144e-08
0.0518774      	9.2461373e-08
0.0519085      	9.2139406e-08
0.0519395      	9.1821058e-08
0.0519705      	9.1504535e-08
0.0520015      	9.1191647e-08
0.0520325      	9.0880611e-08
0.0520635      	9.0573234e-08
0.0520945      	9.0267735e-08
0.0521255      	8.9965918e-08
0.0521564      	8.9666008e-08
0.0521873      	8.9369797e-08
0.0522183      	8.9075510e-08
0.0522492      	8.8784935e-08
0.0522801      	8.8496301e-08
0.0523109      	8.8211396e-08
0.0523418      	8.7928435e-08
0.0523727      	8.7649206e-08
0.0524035      	8.7371931e-08
0.0524343      	8.7098381e-08
0.0524651      	8.6826784e-08
0.0524959      	8.6558923e-08
0.0525267      	8.6293019e-08
0.0525575      	8.6030838e-08
0.0525883      	8.5770612e-08
0.052619       	8.5514117e-08
0.0526497      	8.5259580e-08
0.0526805      	8.5008770e-08
0.0527112      	8.4759927e-08
0.0527419      	8.4514811e-08
0.0527725      	8.4271640e-08
0.0528032      	8.4032179e-08
0.0528339      	8.3794656e-08
0.0528645      	8.3560825e-08
0.0528951      	8.3328904e-08
0.0529257      	8.3100642e-08
0.0529563      	8.2874291e-08
0.0529869      	8.2651602e-08
0.0530175      	8.2430813e-08
0.0530481      	8.2213665e-08
0.0530786      	8.1998393e-08
0.0531092      	8.1786740e-08
0.0531397      	8.1576941e-08
0.0531702      	8.1370736e-08
0.0532007      	8.1166359e-08
0.0532312      	8.0965539e-08
0.0532617      	8.0766516e-08
0.0532921      	8.0571022e-08
0.0533226      	8.0377309e-08
0.053353       	8.0187118e-08
0.0533834      	7.9998689e-08
0.0534138      	7.9813741e-08
0.0534442      	7.9630510e-08
0.0534746      	7.9450722e-08
0.053505       	7.9272619e-08
0.0535354      	7.9097924e-08
0.0535657      	7.8924884e-08
0.053596       	7.8755213e-08
0.0536264      	7.8587156e-08
0.0536567      	7.8422435e-08
0.053687       	7.8259299e-08
0.0537172      	7.8099462e-08
0.0537475      	7.7941176e-08
0.0537778      	7.7786155e-08
0.053808       	7.7632644e-08
0.0538383      	7.7482352e-08
0.0538685      	7.7333536e-08
0.0538987      	7.7187899e-08
0.0539289      	7.7043699e-08
0.0539591      	7.6902640e-08
0.0539892      	7.6762975e-08
0.0540194      	7.6625591e-08
0.0540495      	7.6489111e-08
0.0540797      	7.6355688e-08
0.0541098      	7.6223583e-08
0.0541399      	7.6094493e-08
0.05417        	7.5966672e-08
0.0542001      	7.5841822e-08
0.0542302      	7.5718202e-08
0.0542602      	7.5597495e-08
0.0542903      	7.5477967e-08
0.0543203      	7.5361310e-08
0.0543503      	7.5245792e-08
0.0543803      	7.5133102e-08
0.0544103      	7.5021505e-08
0.0544403      	7.4912674e-08
0.0544703      	7.4804883e-08
0.0545002      	7.4699817e-08
0.0545302      	7.4595749e-08
0.0545601      	7.4494363e-08
0.0545901      	7.4393927e-08
0.05462        	7.4296121e-08
0.0546499      	7.4199230e-08
0.0546798      	7.4104928e-08
0.0547096      	7.4011491e-08
0.0547395      	7.3920588e-08
0.0547694      	7.3830498e-08
0.0547992      	7.3742892e-08
0.054829       	7.3656054e-08
0.0548589      	7.3571660e-08
0.0548887      	7.3487995e-08
0.0549184      	7.3406716e-08
0.0549482      	7.3326112e-08
0.054978       	7.3247850e-08
0.0550078      	7.3170551e-08
0.0550375      	7.3096471e-08
0.0550672      	7.3022972e-08
0.055097       	7.2951714e-08
0.0551267      	7.2880998e-08
0.0551564      	7.2812473e-08
0.0551861      	7.2744434e-08
0.0552157      	7.2678537e-08
0.0552454      	7.2613075e-08
0.055275       	7.2549713e-08
0.0553047      	7.2486746e-08
0.0553343      	7.2425821e-08
0.0553639      	7.2365240e-08
0.0553935      	7.2306651e-08
0.0554231      	7.2248357e-08
0.0554527      	7.2192011e-08
0.0554823      	7.2135923e-08
0.0555118      	7.2081739e-08
0.0555414      	7.2027767e-08
0.0555709      	7.1975647e-08
0.0556004      	7.1923696e-08
0.0556299      	7.1873554e-08
0.0556594      	7.1823533e-08
0.0556889      	7.1775275e-08
0.0557184      	7.1727099e-08
0.0557479      	7.1680632e-08
0.0557773      	7.1634186e-08
0.0558068      	7.1589406e-08
0.0558362      	7.1544621e-08
0.0558656      	7.1501466e-08
0.055895       	7.1458279e-08
0.0559244      	7.1416679e-08
0.0559538      	7.1374995e-08
0.0559832      	7.1334855e-08
0.0560125      	7.1294589e-08
0.0560419      	7.1255824e-08
0.0560712      	7.1216881e-08
0.0561005      	7.1179395e-08
0.0561298      	7.1141685e-08
0.0561591      	7.1105391e-08
0.0561884      	7.1068850e-08
0.0562177      	7.1033681e-08
0.056247       	7.0998218e-08
0.0562762      	7.0964081e-08
0.0563055      	7.0929613e-08
0.0563347      	7.0896435e-08
0.0563639      	7.0862895e-08
0.0563932      	7.0830613e-08
0.0564224      	7.0797923e-08
0.0564515      	7.0766447e-08
0.0564807      	7.0734539e-08
0.0565099      	7.0703808e-08
0.056539       	7.0672603e-08
0.0565682      	7.0642534e-08
0.0565973      	7.0611948e-08
0.0566264      	7.0582461e-08
0.0566556      	7.0552430e-08
0.0566847      	7.0523468e-08
0.0567137      	7.0493928e-08
0.0567428      	7.0465419e-08
0.0567719      	7.0436293e-08
0.0568009      	7.0408167e-08
0.05683        	7.0379409e-08
0.056859       	7.0351608e-08
0.056888       	7.0323130e-08
0.056917       	7.0295586e-08
0.056946       	7.0267348e-08
0.056975       	7.0240012e-08
0.057004       	7.0211938e-08
0.057033       	7.0184738e-08
0.0570619      	7.0156772e-08
0.0570909      	7.0129636e-08
0.0571198      	7.0101709e-08
0.0571487      	7.0074591e-08
0.0571776      	7.0046660e-08
0.0572065      	7.0019507e-08
0.0572354      	6.9991506e-08
0.0572643      	6.9964253e-08
0.0572932      	6.9936132e-08
0.057322       	6.9908730e-08
0.0573509      	6.9880435e-08
0.0573797      	6.9852838e-08
0.0574085      	6.9824325e-08
0.0574374      	6.9796477e-08
0.0574662      	6.9767678e-08
0.057495       	6.9739517e-08
0.0575237      	6.9710385e-08
0.0575525      	6.9681874e-08
0.0575813      	6.9652377e-08
0.05761        	6.9623466e-08
0.0576388      	6.9593547e-08
0.0576675      	6.9564200e-08
0.0576962      	6.9533822e-08
0.0577249      	6.9503995e-08
0.0577536      	6.9473119e-08
0.0577823      	6.9442774e-08
0.057811       	6.9411360e-08
0.0578396      	6.9380457e-08
0.0578683      	6.9348468e-08
0.0578969      	6.9316972e-08
0.0579255      	6.9284369e-08
0.0579542      	6.9252239e-08
0.0579828      	6.9218989e-08
0.0580114      	6.9185715e-08
0.05804        	6.9150579e-08
0.0580685      	6.9115887e-08
0.0580971      	6.9080050e-08
0.0581257      	6.9044634e-08
0.0581542      	6.9008058e-08
0.0581827      	6.8971894e-08
0.0582113      	6.8934549e-08
0.0582398      	6.8897594e-08
0.0582683      	6.8859443e-08
0.0582968      	6.8821666e-08
0.0583253      	6.8782683e-08
0.0583537      	6.8744058e-08
0.0583822      	6.8704213e-08
0.0584107      	6.8664712e-08
0.0584391      	6.8623978e-08
0.0584675      	6.8583583e-08
0.0584959      	6.8541933e-08
0.0585244      	6.8500602e-08
0.0585528      	6.8458019e-08
0.0585811      	6.8415745e-08
0.0586095      	6.8372208e-08
0.0586379      	6.8328964e-08
0.0586663      	6.8284450e-08
0.0586946      	6.8240229e-08
0.0587229      	6.8194734e-08
0.0587513      	6.8149508e-08
0.0587796      	6.8102990e-08
0.0588079      	6.8056740e-08
0.0588362      	6.8009197e-08
0.0588645      	6.7961913e-08
0.0588928      	6.7913336e-08
0.058921       	6.7865021e-08
0.0589493      	6.7815408e-08
0.0589775      	6.7766038e-08
0.0590058      	6.7715604e-08
0.059034       	6.7666352e-08
0.0590622      	6.7615783e-08
0.0590904      	6.7565440e-08
0.0591186      	6.7513778e-08
0.0591468      	6.7462337e-08
0.059175       	6.7409557e-08
0.0592031      	6.7356986e-08
0.0592313      	6.7303084e-08
0.0592594      	6.7249395e-08
0.0592876      	6.7194376e-08
0.0593157      	6.7139562e-08
0.0593438      	6.7083413e-08
0.0593719      	6.7027466e-08
0.0594         	6.6970182e-08
0.0594281      	6.6913094e-08
0.0594562      	6.6854672e-08
0.0594842      	6.6796445e-08
0.0595123      	6.6736874e-08
0.0595403      	6.6677490e-08
0.0595684      	6.6616765e-08
0.0595964      	6.6556241e-08
0.0596244      	6.6494385e-08
0.0596524      	6.6432717e-08
0.0596804      	6.6369707e-08
0.0597084      	6.6306884e-08
0.0597364      	6.6242723e-08
0.0597643      	6.6178748e-08
0.0597923      	6.6113438e-08
0.0598202      	6.6048314e-08
0.0598482      	6.5981853e-08
0.0598761      	6.5915575e-08
0.059904       	6.5847963e-08
0.0599319      	6.5780543e-08
0.0599598      	6.5711792e-08
0.0599877      	6.5643230e-08
0.0600156      	6.5573339e-08
0.0600434      	6.5503637e-08
0.0600713      	6.5432609e-08
0.0600991      	6.5361768e-08
0.060127       	6.5289603e-08
0.0601548      	6.5217628e-08
0.0601826      	6.5144331e-08
0.0602104      	6.5071221e-08
0.0602382      	6.4996791e-08
0.060266       	6.4922560e-08
0.0602938      	6.4847017e-08
0.0603216      	6.4771666e-08
0.0603493      	6.4695003e-08
0.0603771      	6.4618532e-08
0.0604048      	6.4540749e-08
0.0604325      	6.4463168e-08
0.0604603      	6.4384286e-08
0.060488       	6.4305604e-08
0.0605157      	6.4225623e-08
0.0605434      	6.4145853e-08
0.0605711      	6.4064794e-08
0.0605987      	6.3983948e-08
0.0606264      	6.3901810e-08
0.060654       	6.3819878e-08
0.0606817      	6.3736665e-08
0.0607093      	6.3653665e-08
0.0607369      	6.3569391e-08
0.0607646      	6.3485341e-08
0.0607922      	6.3400023e-08
0.0608198      	6.3314931e-08
0.0608473      	6.3228579e-08
0.0608749      	6.3142459e-08
0.0609025      	6.3055087e-08
0.06093        	6.2967954e-08
0.0609576      	6.2879573e-08
0.0609851      	6.2791430e-08
0.0610127      	6.2702044e-08
0.0610402      	6.2612902e-08
0.0610677      	6.2522528e-08
0.0610952      	6.2432410e-08
0.0611227      	6.2341067e-08
0.0611502      	6.2249979e-08
0.0611776      	6.2157673e-08
0.0612051      	6.2065625e-08
0.0612326      	6.1972361e-08
0.06126        	6.1879361e-08
0.0612874      	6.1785153e-08
0.0613149      	6.1691220e-08
0.0613423      	6.1596093e-08
0.0613697      	6.1501249e-08
0.0613971      	6.1405213e-08
0.0614245      	6.1309447e-08
0.0614519      	6.1212489e-08
0.0614792      	6.1115821e-08
0.0615066      	6.1017974e-08
0.0615339      	6.0920424e-08
0.0615613      	6.0821706e-08
0.0615886      	6.0723290e-08
0.0616159      	6.0623713e-08
0.0616433      	6.0524445e-08
0.0616706      	6.0424019e-08
0.0616979      	6.0323907e-08
0.0617251      	6.0222639e-08
0.0617524      	6.0121711e-08
0.0617797      	6.0019659e-08
0.0618069      	5.9917939e-08
0.0618342      	5.9815090e-08
0.0618614      	5.9712577e-08
0.0618887      	5.9608940e-08
0.0619159      	5.9505644e-08
0.0619431      	5.9401237e-08
0.0619703      	5.9297182e-08
0.0619975      	5.9192029e-08
0.0620247      	5.9087237e-08
0.0620519      	5.8981346e-08
0.062079       	5.8875815e-08
0.0621062      	5.8769198e-08
0.0621333      	5.8662956e-08
0.0621605      	5.8555642e-08
0.0621876      	5.8448695e-08
0.0622147      	5.8340672e-08
0.0622419      	5.8233025e-08
0.062269       	5.8124314e-08
0.0622961      	5.8015989e-08
0.0623231      	5.7906611e-08
0.0623502      	5.7797629e-08
0.0623773      	5.7687601e-08
0.0624043      	5.7577977e-08
0.0624314      	5.7467309e-08
0.0624584      	5.7357044e-08
0.0624855      	5.7245749e-08
0.0625125      	5.7134868e-08
0.0625395      	5.7022962e-08
0.0625665      	5.6911475e-08
0.0625935      	5.6798979e-08
0.0626205      	5.6686905e-08
0.0626475      	5.6573826e-08
0.0626744      	5.6461183e-08
0.0627014      	5.6347544e-08
0.0627284      	5.6234340e-08
0.0627553      	5.6120145e-08
0.0627822      	5.6006399e-08
0.0628092      	5.5891676e-08
0.0628361      	5.5777409e-08
0.062863       	5.5662171e-08
0.0628899      	5.5547395e-08
0.0629168      	5.5431657e-08
0.0629437      	5.5316384e-08
0.0629705      	5.5200152e-08
0.0629974      	5.5084393e-08
0.0630243      	5.4966661e-08
0.0630511      	5.4849305e-08
0.0630779      	5.4731011e-08
0.0631048      	5.4613207e-08
0.0631316      	5.4494475e-08
0.0631584      	5.4376232e-08
0.0631852      	5.4257063e-08
0.063212       	5.4138392e-08
0.0632388      	5.4018805e-08
0.0632656      	5.3899721e-08
0.0632923      	5.3779735e-08
0.0633191      	5.3660267e-08
0.0633458      	5.3539899e-08
0.0633726      	5.3420041e-08
0.0633993      	5.3299281e-08
0.063426       	5.3179041e-08
0.0634528      	5.3057912e-08
0.0634795      	5.2937312e-08
0.0635062      	5.2815834e-08
0.0635329      	5.2694883e-08
0.0635595      	5.2573058e-08
0.0635862      	5.2451774e-08
0.0636129      	5.2329612e-08
0.0636395      	5.2207991e-08
0.0636662      	5.2085513e-08
0.0636928      	5.1963586e-08
0.0637195      	5.1840807e-08
0.0637461      	5.1718582e-08
0.0637727      	5.1595516e-08
0.0637993      	5.1473009e-08
0.0638259      	5.1349663e-08
0.0638525      	5.1226883e-08
0.0638791      	5.1103272e-08
0.0639056      	5.0980231e-08
0.0639322      	5.0856360e-08
0.0639587      	5.0733063e-08
0.0639853      	5.0608946e-08
0.0640118      	5.0485907e-08
0.0640384      	5.0362674e-08
0.0640649      	5.0240020e-08
0.0640914      	5.0116557e-08
0.0641179      	4.9993676e-08
0.0641444      	4.9869997e-08
0.0641709      	4.9746915e-08
0.0641974      	4.9623036e-08
0.0642238      	4.9499749e-08
0.0642503      	4.9375669e-08
0.0642767      	4.9252185e-08
0.0643032      	4.9127918e-08
0.0643296      	4.9004255e-08
0.0643561      	4.8879810e-08
0.0643825      	4.8755955e-08
0.0644089      	4.8631319e-08
0.0644353      	4.8507291e-08
0.0644617      	4.8382495e-08
0.0644881      	4.8258316e-08
0.0645144      	4.8133374e-08
0.0645408      	4.8009047e-08
0.0645672      	4.7883959e-08
0.0645935      	4.7759497e-08
0.0646199      	4.7634270e-08
0.0646462      	4.7509661e-08
0.0646725      	4.7384298e-08
0.0646989      	4.7259563e-08
0.0647252      	4.7134083e-08
0.0647515      	4.7009232e-08
0.0647778      	4.6883641e-08
0.0648041      	4.6758693e-08
0.0648303      	4.6633011e-08
0.0648566      	4.6507969e-08
0.0648829      	4.6382194e-08
0.0649091      	4.6257063e-08
0.0649354      	4.6131200e-08
0.0649616      	4.6005977e-08
0.0649878      	4.5880030e-08
0.0650141      	4.5754728e-08
0.0650403      	4.5628707e-08
0.0650665      	4.5503335e-08
0.0650927      	4.5377250e-08
0.0651189      	4.5251818e-08
0.065145       	4.5125675e-08
0.0651712      	4.5000186e-08
0.0651974      	4.4873982e-08
0.0652235      	4.4748432e-08
0.0652497      	4.4622177e-08
0.0652758      	4.4496580e-08
0.065302       	4.4370281e-08
0.0653281      	4.4244636e-08
0.0653542      	4.4118289e-08
0.0653803      	4.3992597e-08
0.0654064      	4.3866210e-08
0.0654325      	4.3740500e-08
0.0654586      	4.3614098e-08
0.0654847      	4.3488358e-08
0.0655107      	4.3361935e-08
0.0655368      	4.3236177e-08
0.0655628      	4.3109732e-08
0.0655889      	4.2983955e-08
0.0656149      	4.2857496e-08
0.0656409      	4.2731710e-08
0.065667       	4.2605247e-08
0.065693       	4.2479442e-08
0.065719       	4.2352955e-08
0.065745       	4.2227142e-08
0.065771       	4.2100660e-08
0.0657969      	4.1974853e-08
0.0658229      	4.1848374e-08
0.0658489      	4.1722569e-08
0.0658748      	4.1596097e-08
0.0659008      	4.1470304e-08
0.0659267      	4.1343847e-08
0.0659527      	4.1218069e-08
0.0659786      	4.1091626e-08
0.0660045      	4.0965866e-08
0.0660304      	4.0839453e-08
0.0660563      	4.0713695e-08
0.0660822      	4.0587274e-08
0.0661081      	4.0461533e-08
0.066134       	4.0335140e-08
0.0661598      	4.0209424e-08
0.0661857      	4.0083045e-08
0.0662115      	3.9957343e-08
0.0662374      	3.9830992e-08
0.0662632      	3.9705325e-08
0.0662891      	3.9579006e-08
0.0663149      	3.9453370e-08
0.0663407      	3.9327085e-08
0.0663665      	3.9201482e-08
0.0663923      	3.9075232e-08
0.0664181      	3.8949665e-08
0.0664439      	3.8823453e-08
0.0664696      	3.8697922e-08
0.0664954      	3.8571746e-08
0.0665212      	3.8446251e-08
0.0665469      	3.8320112e-08
0.0665727      	3.8194648e-08
0.0665984      	3.8068547e-08
0.0666241      	3.7943128e-08
0.0666499      	3.7817069e-08
0.0666756      	3.7691699e-08
0.0667013      	3.7565695e-08
0.066727       	3.7440376e-08
0.0667527      	3.7314423e-08
0.0667784      	3.7189152e-08
0.066804       	3.7063245e-08
0.0668297      	3.6938018e-08
0.0668554      	3.6812156e-08
0.066881       	3.6686972e-08
0.0669067      	3.6561153e-08
0.0669323      	3.6436018e-08
0.0669579      	3.6310254e-08
0.0669835      	3.6185174e-08
0.0670092      	3.6059080e-08
0.0670348      	3.5932981e-08
0.0670604      	3.5806256e-08
0.0670859      	3.5680217e-08
0.0671115      	3.5553549e-08
0.0671371      	3.5427565e-08
0.0671627      	3.5300961e-08
0.0671882      	3.5175035e-08
0.0672138      	3.5048479e-08
0.0672393      	3.4922600e-08
0.0672649      	3.4796098e-08
0.0672904      	3.4670283e-08
0.0673159      	3.4543849e-08
0.0673414      	3.4418093e-08
0.067367       	3.4291711e-08
0.0673925      	3.4166012e-08
0.067418       	3.4039690e-08
0.0674434      	3.3914051e-08
0.0674689      	3.3787787e-08
0.0674944      	3.3662202e-08
0.0675199      	3.3535992e-08
0.0675453      	3.3410463e-08
0.0675708      	3.3284316e-08
0.0675962      	3.3158848e-08
0.0676216      	3.3032762e-08
0.0676471      	3.2907352e-08
0.0676725      	3.2781313e-08
0.0676979      	3.2655951e-08
0.0677233      	3.2529969e-08
0.0677487      	3.2404661e-08
0.0677741      	3.2278732e-08
0.0677995      	3.2153470e-08
0.0678248      	3.2027589e-08
0.0678502      	3.1902384e-08
0.0678756      	3.1776562e-08
0.0679009      	3.1651412e-08
0.0679263      	3.1525643e-08
0.0679516      	3.1400546e-08
0.0679769      	3.1274833e-08
0.0680023      	3.1149889e-08
0.0680276      	3.1025297e-08
0.0680529      	3.0901371e-08
0.0680782      	3.0776824e-08
0.0681035      	3.0652943e-08
0.0681288      	3.0528446e-08
0.068154       	3.0404617e-08
0.0681793      	3.0280165e-08
0.0682046      	3.0156374e-08
0.0682298      	3.0031960e-08
0.0682551      	2.9908208e-08
0.0682803      	2.9783833e-08
0.0683056      	2.9660119e-08
0.0683308      	2.9535788e-08
0.068356       	2.9412115e-08
0.0683812      	2.9287819e-08
0.0684064      	2.9164176e-08
0.0684316      	2.9039917e-08
0.0684568      	2.8916325e-08
0.068482       	2.8792108e-08
0.0685072      	2.8668548e-08
0.0685324      	2.8544369e-08
0.0685575      	2.8420842e-08
0.0685827      	2.8296698e-08
0.0686078      	2.8173216e-08
0.068633       	2.8049109e-08
0.0686581      	2.7925653e-08
0.0686832      	2.7801575e-08
0.0687083      	2.7678148e-08
0.0687335      	2.7554090e-08
0.0687586      	2.7430686e-08
0.0687837      	2.7306670e-08
0.0688088      	2.7183307e-08
0.0688338      	2.7059316e-08
0.0688589      	2.6935972e-08
0.068884       	2.6812011e-08
0.068909       	2.6688690e-08
0.0689341      	2.6564744e-08
0.0689591      	2.6441431e-08
0.0689842      	2.6317493e-08
0.0690092      	2.6194184e-08
0.0690343      	2.6070249e-08
0.0690593      	2.5946958e-08
0.0690843      	2.5823046e-08
0.0691093      	2.5699781e-08
0.0691343      	2.5575886e-08
0.0691593      	2.5452626e-08
0.0691843      	2.5328740e-08
0.0692092      	2.5205495e-08
0.0692342      	2.5081627e-08
0.0692592      	2.4958389e-08
0.0692841      	2.4834527e-08
0.0693091      	2.4711296e-08
0.069334       	2.4587447e-08
0.069359       	2.4464235e-08
0.0693839      	2.4340401e-08
0.0694088      	2.4217183e-08
0.0694337      	2.4093332e-08
0.0694586      	2.3970101e-08
0.0694835      	2.3846240e-08
0.0695084      	2.3723008e-08
0.0695333      	2.3599160e-08
0.0695582      	2.3475935e-08
0.0695831      	2.3352082e-08
0.0696079      	2.3228851e-08
0.0696328      	2.3104992e-08
0.0696576      	2.2981748e-08
0.0696825      	2.2857873e-08
0.0697073      	2.2734614e-08
0.0697321      	2.2610737e-08
0.069757       	2.2487477e-08
0.0697818      	2.2363587e-08
0.0698066      	2.2240319e-08
0.0698314      	2.2116420e-08
0.0698562      	2.1993143e-08
0.069881       	2.1869228e-08
0.0699058      	2.1745917e-08
0.0699305      	2.1621982e-08
0.0699553      	2.1498664e-08
0.0699801      	2.1374727e-08
0.0700048      	2.1251399e-08
0.0700296      	2.1127436e-08
0.0700543      	2.1004085e-08
0.070079       	2.0880105e-08
0.0701038      	2.0756738e-08
0.0701285      	2.0632745e-08
0.0701532      	2.0509371e-08
0.0701779      	2.0385372e-08
0.0702026      	2.0261977e-08
0.0702273      	2.0137957e-08
0.070252       	2.0014550e-08
0.0702767      	1.9890521e-08
0.0703013      	1.9767095e-08
0.070326       	1.9643035e-08
0.0703507      	1.9519571e-08
0.0703753      	1.9395471e-08
0.0704         	1.9271959e-08
0.0704246      	1.9147812e-08
0.0704492      	1.9024265e-08
0.0704739      	1.8900092e-08
0.0704985      	1.8776520e-08
0.0705231      	1.8652320e-08
0.0705477      	1.8528720e-08
0.0705723      	1.8404497e-08
0.0705969      	1.8280852e-08
0.0706215      	1.8156571e-08
0.070646       	1.8032899e-08
0.0706706      	1.7908610e-08
0.0706952      	1.7784921e-08
0.0707197      	1.7660606e-08
0.0707443      	1.7536885e-08
0.0707688      	1.7412540e-08
0.0707934      	1.7288795e-08
0.0708179      	1.7164428e-08
0.0708424      	1.7040653e-08
0.0708669      	1.6916253e-08
0.0708914      	1.6792445e-08
0.0709159      	1.6668010e-08
0.0709404      	1.6544150e-08
0.0709649      	1.6419650e-08
0.0709894      	1.6295730e-08
0.0710139      	1.6170607e-08
0.0710384      	1.6045630e-08
0.0710628      	1.5920035e-08
0.0710873      	1.5795053e-08
0.0711117      	1.5669470e-08
0.0711362      	1.5544488e-08
0.0711606      	1.5418881e-08
0.0711851      	1.5293849e-08
0.0712095      	1.5168187e-08
0.0712339      	1.5043107e-08
0.0712583      	1.4917399e-08
0.0712827      	1.4792263e-08
0.0713071      	1.4666488e-08
0.0713315      	1.4541294e-08
0.0713559      	1.4415478e-08
0.0713803      	1.4290248e-08
0.0714046      	1.4164398e-08
0.071429       	1.4039137e-08
0.0714534      	1.3913250e-08
0.0714777      	1.3787939e-08
0.0715021      	1.3662008e-08
0.0715264      	1.3536674e-08
0.0715507      	1.3410726e-08
0.0715751      	1.3285378e-08
0.0715994      	1.3159406e-08
0.0716237      	1.3034010e-08
0.071648       	1.2907989e-08
0.0716723      	1.2782538e-08
0.0716966      	1.2656462e-08
0.0717209      	1.2530980e-08
0.0717452      	1.2404896e-08
0.0717694      	1.2279387e-08
0.0717937      	1.2153271e-08
0.071818       	1.2027737e-08
0.0718422      	1.1901593e-08
0.0718665      	1.1776017e-08
0.0718907      	1.1649821e-08
0.0719149      	1.1524217e-08
0.0719392      	1.1398002e-08
0.0719634      	1.1272361e-08
0.0719876      	1.1146105e-08
0.0720118      	1.1020909e-08
0.072036       	1.0895589e-08
0.0720602      	1.0770842e-08
0.0720844      	1.0645504e-08
0.0721086      	1.0520748e-08
0.0721328      	1.0395369e-08
0.072157       	1.0270546e-08
0.0721811      	1.0145093e-08
0.0722053      	1.0020213e-08
0.0722294      	9.8947328e-09
0.0722536      	9.7698514e-09
0.0722777      	9.6443568e-09
0.0723019      	9.5194394e-09
0.072326       	9.3939125e-09
0.0723501      	9.2689442e-09
0.0723742      	9.1433768e-09
0.0723983      	9.0184037e-09
0.0724224      	8.8928274e-09
0.0724465      	8.7678180e-09
0.0724706      	8.6422036e-09
0.0724947      	8.5171493e-09
0.0725188      	8.3914403e-09
0.0725428      	8.2662743e-09
0.0725669      	8.1404936e-09
0.072591       	8.0152862e-09
0.072615       	7.8894723e-09
0.0726391      	7.7642212e-09
0.0726631      	7.6383439e-09
0.0726871      	7.5130346e-09
0.0727112      	7.3871061e-09
0.0727352      	7.2617470e-09
0.0727592      	7.1357850e-09
0.0727832      	7.0103773e-09
0.0728072      	6.8843433e-09
0.0728312      	6.7588535e-09
0.0728552      	6.6327744e-09
0.0728792      	6.5072613e-09
0.0729031      	6.3811741e-09
0.0729271      	6.2556597e-09
0.0729511      	6.1295725e-09
0.072975       	6.0040756e-09
0.072999       	5.8779712e-09
0.0730229      	5.7524047e-09
0.0730469      	5.6262105e-09
0.0730708      	5.5005943e-09
0.0730947      	5.3743673e-09
0.0731186      	5.2487026e-09
0.0731425      	5.1224040e-09
0.0731665      	4.9966624e-09
0.0731904      	4.8703172e-09
0.0732143      	4.7445338e-09
0.0732381      	4.6181540e-09
0.073262       	4.4923290e-09
0.0732859      	4.3658932e-09
0.0733098      	4.2400315e-09
0.0733336      	4.1135832e-09
0.0733575      	3.9876879e-09
0.0733813      	3.8611881e-09
0.0734052      	3.7352313e-09
0.073429       	3.6086988e-09
0.0734529      	3.4827411e-09
0.0734767      	3.3562080e-09
0.0735005      	3.2302211e-09
0.0735243      	3.1036045e-09
0.0735481      	2.9775340e-09
0.0735719      	2.8508429e-09
0.0735957      	2.7247075e-09
0.0736195      	2.5979932e-09
0.0736433      	2.4718541e-09
0.0736671      	2.3451184e-09
0.0736909      	2.2189147e-09
0.0737146      	2.0921030e-09
0.0737384      	1.9658318e-09
0.0737621      	1.8389685e-09
0.0737859      	1.7126596e-09
0.0738096      	1.5857852e-09
0.0738334      	1.4594485e-09
0.0738571      	1.3325092e-09
0.0738808      	1.2061254e-09
0.0739045      	1.0791330e-09
0.0739283      	9.5269650e-10
0.073952       	8.2565013e-10
0.0739757      	6.9917172e-10
0.0739993      	5.7210793e-10
0.074023       	4.4559055e-10
0.0740467      	3.1850681e-10
0.0740704      	1.9200813e-10
0.0740941      	6.4925778e-11
0.0741177      	-6.1631344e-11
0.0741414      	-1.8879327e-10
0.074165       	-3.1542514e-10
0.0741887      	-4.4267083e-10
0.0742123      	-5.6934076e-10
0.074236       	-6.9659750e-10
0.0742596      	-8.2329174e-10
0.0742832      	-9.5061567e-10
0.0743068      	-1.0774184e-09
0.0743304      	-1.2048103e-09
0.074354       	-1.3316364e-09
0.0743776      	-1.4590415e-09
0.0744012      	-1.5858763e-09
0.0744248      	-1.7132666e-09
0.0744484      	-1.8401171e-09
0.074472       	-1.9675455e-09
0.0744955      	-2.0944924e-09
0.0745191      	-2.2220424e-09
0.0745426      	-2.3490366e-09
0.0745662      	-2.4766113e-09
0.0745897      	-2.6036769e-09
0.0746133      	-2.7313397e-09
0.0746368      	-2.8584630e-09
0.0746603      	-2.9861705e-09
0.0746839      	-3.1133666e-09
0.0747074      	-3.2411825e-09
0.0747309      	-3.3684664e-09
0.0747544      	-3.4963334e-09
0.0747779      	-3.6236502e-09
0.0748014      	-3.7515302e-09
0.0748249      	-3.8788332e-09
0.0748483      	-4.0067125e-09
0.0748718      	-4.1340471e-09
0.0748953      	-4.2619372e-09
0.0749187      	-4.3892830e-09
0.0749422      	-4.5172150e-09
0.0749656      	-4.6446075e-09
0.0749891      	-4.7726044e-09
0.0750125      	-4.9005871e-09
0.075036       	-5.0295842e-09
0.0750594      	-5.1580545e-09
0.0750828      	-5.2870756e-09
0.0751062      	-5.4155493e-09
0.0751296      	-5.5445960e-09
0.075153       	-5.6731060e-09
0.0751764      	-5.8021920e-09
0.0751998      	-5.9307755e-09
0.0752232      	-6.0599647e-09
0.0752466      	-6.1885676e-09
0.07527        	-6.3177440e-09
0.0752933      	-6.4463632e-09
0.0753167      	-6.5755084e-09
0.0753401      	-6.7041156e-09
0.0753634      	-6.8333370e-09
0.0753868      	-6.9620483e-09
0.0754101      	-7.0913390e-09
0.0754334      	-7.2201177e-09
0.0754568      	-7.3494473e-09
0.0754801      	-7.4782139e-09
0.0755034      	-7.6075211e-09
0.0755267      	-7.7363071e-09
0.07555        	-7.8656516e-09
0.0755733      	-7.9944971e-09
0.0755966      	-8.1239032e-09
0.0756199      	-8.2527879e-09
0.0756432      	-8.3822358e-09
0.0756665      	-8.5111466e-09
0.0756897      	-8.6406391e-09
0.075713       	-8.7696160e-09
0.0757363      	-8.8991723e-09
0.0757595      	-9.0281752e-09
0.0757828      	-9.1577306e-09
0.075806       	-9.2867246e-09
0.0758293      	-9.4162784e-09
0.0758525      	-9.5453005e-09
0.0758757      	-9.6749316e-09
0.0758989      	-9.8039994e-09
0.0759221      	-9.9336050e-09
0.0759454      	-1.0062670e-08
0.0759686      	-1.0192300e-08
0.0759918      	-1.0321417e-08
0.076015       	-1.0450495e-08
0.0760381      	-1.0578689e-08
0.0760613      	-1.0707471e-08
0.0760845      	-1.0835738e-08
0.0761077      	-1.0964552e-08
0.0761308      	-1.1092821e-08
0.076154       	-1.1221641e-08
0.0761771      	-1.1349941e-08
0.0762003      	-1.1478808e-08
0.0762234      	-1.1607162e-08
0.0762466      	-1.1736063e-08
0.0762697      	-1.1864413e-08
0.0762928      	-1.1993307e-08
0.0763159      	-1.2121659e-08
0.0763391      	-1.2250603e-08
0.0763622      	-1.2379034e-08
0.0763853      	-1.2508025e-08
0.0764084      	-1.2636464e-08
0.0764315      	-1.2765461e-08
0.0764545      	-1.2893929e-08
0.0764776      	-1.3022940e-08
0.0765007      	-1.3151431e-08
0.0765238      	-1.3280499e-08
0.0765468      	-1.3409060e-08
0.0765699      	-1.3538149e-08
0.0765929      	-1.3666680e-08
0.076616       	-1.3795768e-08
0.076639       	-1.3924328e-08
0.0766621      	-1.4053428e-08
0.0766851      	-1.4181998e-08
0.0767081      	-1.4311120e-08
0.0767311      	-1.4439723e-08
0.0767542      	-1.4568892e-08
0.0767772      	-1.4697554e-08
0.0768002      	-1.4826743e-08
0.0768232      	-1.4955414e-08
0.0768462      	-1.5084609e-08
0.0768691      	-1.5213300e-08
0.0768921      	-1.5342547e-08
0.0769151      	-1.5471254e-08
0.0769381      	-1.5600509e-08
0.076961       	-1.5729217e-08
0.076984       	-1.5858465e-08
0.0770069      	-1.5987204e-08
0.0770299      	-1.6116478e-08
0.0770528      	-1.6245214e-08
0.0770758      	-1.6374509e-08
0.0770987      	-1.6503285e-08
0.0771216      	-1.6632601e-08
0.0771445      	-1.6761407e-08
0.0771675      	-1.6890737e-08
0.0771904      	-1.7019515e-08
0.0772133      	-1.7148848e-08
0.0772362      	-1.7277666e-08
0.0772591      	-1.7407041e-08
0.077282       	-1.7535886e-08
0.0773048      	-1.7665263e-08
0.0773277      	-1.7794121e-08
0.0773506      	-1.7923505e-08
0.0773734      	-1.8052362e-08
0.0773963      	-1.8181733e-08
0.0774192      	-1.8310553e-08
0.077442       	-1.8439924e-08
0.0774649      	-1.8568779e-08
0.0774877      	-1.8698163e-08
0.0775105      	-1.8826995e-08
0.0775334      	-1.8956380e-08
0.0775562      	-1.9085250e-08
0.077579       	-1.9214651e-08
0.0776018      	-1.9343522e-08
0.0776246      	-1.9472943e-08
0.0776474      	-1.9601840e-08
0.0776702      	-1.9731268e-08
0.077693       	-1.9860165e-08
0.0777158      	-1.9989618e-08
0.0777386      	-2.0118565e-08
0.0777613      	-2.0248020e-08
0.0777841      	-2.0376944e-08
0.0778069      	-2.0506422e-08
0.0778296      	-2.0635381e-08
0.0778524      	-2.0764861e-08
0.0778751      	-2.0893811e-08
0.0778979      	-2.1023268e-08
0.0779206      	-2.1152202e-08
0.0779433      	-2.1281692e-08
0.0779661      	-2.1410671e-08
0.0779888      	-2.1540173e-08
0.0780115      	-2.1669151e-08
0.0780342      	-2.1798642e-08
0.0780569      	-2.1927599e-08
0.0780796      	-2.2057085e-08
0.0781023      	-2.2186048e-08
0.078125       	-2.2315534e-08
0.0781477      	-2.2444515e-08
0.0781704      	-2.2574032e-08
0.078193       	-2.2703061e-08
0.0782157      	-2.2832605e-08
0.0782384      	-2.2961583e-08
0.078261       	-2.3091077e-08
0.0782837      	-2.3220032e-08
0.0783063      	-2.3349542e-08
0.078329       	-2.3478540e-08
0.0783516      	-2.3608082e-08
0.0783742      	-2.3737086e-08
0.0783969      	-2.3866631e-08
0.0784195      	-2.3995610e-08
0.0784421      	-2.4125132e-08
0.0784647      	-2.4254142e-08
0.0784873      	-2.4383661e-08
0.0785099      	-2.4512641e-08
0.0785325      	-2.4642155e-08
0.0785551      	-2.4771165e-08
0.0785777      	-2.4900703e-08
0.0786003      	-2.5029717e-08
0.0786228      	-2.5159260e-08
0.0786454      	-2.5288267e-08
0.078668       	-2.5417805e-08
0.0786905      	-2.5546801e-08
0.0787131      	-2.5676322e-08
0.0787356      	-2.5805311e-08
0.0787582      	-2.5934803e-08
0.0787807      	-2.6063781e-08
0.0788032      	-2.6193289e-08
0.0788258      	-2.6322271e-08
0.0788483      	-2.6451761e-08
0.0788708      	-2.6580732e-08
0.0788933      	-2.6710216e-08
0.0789158      	-2.6839164e-08
0.0789383      	-2.6968634e-08
0.0789608      	-2.7097599e-08
0.0789833      	-2.7227068e-08
0.0790058      	-2.7356249e-08
0.0790283      	-2.7486656e-08
0.0790508      	-2.7616539e-08
0.0790732      	-2.7746933e-08
0.0790957      	-2.7876792e-08
0.0791182      	-2.8007151e-08
0.0791406      	-2.8137017e-08
0.0791631      	-2.8267397e-08
0.0791855      	-2.8397249e-08
0.0792079      	-2.8527605e-08
0.0792304      	-2.8657438e-08
0.0792528      	-2.8787782e-08
0.0792752      	-2.8917575e-08
0.0792977      	-2.9047874e-08
0.0793201      	-2.9177644e-08
0.0793425      	-2.9307908e-08
0.0793649      	-2.9437655e-08
0.0793873      	-2.9567926e-08
0.0794097      	-2.9697693e-08
0.0794321      	-2.9827964e-08
0.0794544      	-2.9957705e-08
0.0794768      	-3.0087961e-08
0.0794992      	-3.0217691e-08
0.0795216      	-3.0347910e-08
0.0795439      	-3.0477599e-08
0.0795663      	-3.0607792e-08
0.0795886      	-3.0737472e-08
0.079611       	-3.0867651e-08
0.0796333      	-3.0997316e-08
0.0796557      	-3.1127499e-08
0.079678       	-3.1257161e-08
0.0797003      	-3.1387325e-08
0.0797227      	-3.1516974e-08
0.079745       	-3.1647122e-08
0.0797673      	-3.1776731e-08
0.0797896      	-3.1906839e-08
0.0798119      	-3.2036426e-08
0.0798342      	-3.2166520e-08
0.0798565      	-3.2296096e-08
0.0798788      	-3.2426156e-08
0.0799011      	-3.2555691e-08
0.0799233      	-3.2685733e-08
0.0799456      	-3.2815253e-08
0.0799679      	-3.2945266e-08
0.0799901      	-3.3074758e-08
0.0800124      	-3.3266418e-08
0.0800347      	-3.3506409e-08
0.0800569      	-3.3746477e-08
0.0800792      	-3.3985681e-08
0.0801014      	-3.4225035e-08
0.0801236      	-3.4463596e-08
0.0801459      	-3.4702358e-08
0.0801681      	-3.4940334e-08
0.0801904      	-3.5178547e-08
0.0802126      	-3.5416049e-08
0.0802348      	-3.5653834e-08
0.0802571      	-3.5890921e-08
0.0802793      	-3.6128309e-08
0.0803015      	-3.6364991e-08
0.0803237      	-3.6601956e-08
0.0803459      	-3.6838232e-08
0.0803681      	-3.7074788e-08
0.0803904      	-3.7310611e-08
0.0804126      	-3.7546696e-08
0.0804348      	-3.7782105e-08
0.080457       	-3.8017797e-08
0.0804792      	-3.8252759e-08
0.0805014      	-3.8487978e-08
0.0805236      	-3.8722490e-08
0.0805458      	-3.8957284e-08
0.080568       	-3.9191303e-08
0.0805901      	-3.9425558e-08
0.0806123      	-3.9659072e-08
0.0806345      	-3.9892812e-08
0.0806567      	-4.0125812e-08
0.0806789      	-4.0359033e-08
0.080701       	-4.0591485e-08
0.0807232      	-4.0824139e-08
0.0807454      	-4.1056023e-08
0.0807675      	-4.1288086e-08
0.0807897      	-4.1519403e-08
0.0808119      	-4.1750885e-08
0.080834       	-4.1981595e-08
0.0808562      	-4.2212477e-08
0.0808783      	-4.2442566e-08
0.0809005      	-4.2672832e-08
0.0809226      	-4.2902301e-08
0.0809448      	-4.3131908e-08
0.0809669      	-4.3360683e-08
0.0809891      	-4.3589587e-08
0.0810112      	-4.3818112e-08
0.0810333      	-4.4047216e-08
0.0810555      	-4.4275465e-08
0.0810776      	-4.4503845e-08
0.0810997      	-4.4731346e-08
0.0811218      	-4.4958961e-08
0.0811439      	-4.5185725e-08
0.0811661      	-4.5412615e-08
0.0811882      	-4.5638604e-08
0.0812103      	-4.5864663e-08
0.0812324      	-4.6089851e-08
0.0812545      	-4.6315114e-08
0.0812766      	-4.6539514e-08
0.0812987      	-4.6763971e-08
0.0813208      	-4.6987538e-08
0.0813429      	-4.7211157e-08
0.081365       	-4.7433869e-08
0.0813871      	-4.7656627e-08
0.0814092      	-4.7878461e-08
0.0814313      	-4.8100334e-08
0.0814534      	-4.8321311e-08
0.0814754      	-4.8542335e-08
0.0814975      	-4.8762436e-08
0.0815196      	-4.8982547e-08
0.0815417      	-4.9201755e-08
0.0815637      	-4.9421002e-08
0.0815858      	-4.9639328e-08
0.0816079      	-4.9857693e-08
0.0816299      	-5.0075107e-08
0.081652       	-5.0292521e-08
0.081674       	-5.0508979e-08
0.0816961      	-5.0725470e-08
0.0817182      	-5.0941018e-08
0.0817402      	-5.1156544e-08
0.0817623      	-5.1371128e-08
0.0817843      	-5.1585703e-08
0.0818063      	-5.1799308e-08
0.0818284      	-5.2012876e-08
0.0818504      	-5.2225510e-08
0.0818724      	-5.2438131e-08
0.0818945      	-5.2649821e-08
0.0819165      	-5.2861508e-08
0.0819385      	-5.3072203e-08
0.0819606      	-5.3282866e-08
0.0819826      	-5.3492574e-08
0.0820046      	-5.3702222e-08
0.0820266      	-5.3910882e-08
0.0820486      	-5.4119518e-08
0.0820706      	-5.4327186e-08
0.0820926      	-5.4534827e-08
0.0821146      	-5.4741464e-08
0.0821366      	-5.4948083e-08
0.0821586      	-5.5153718e-08
0.0821806      	-5.5359323e-08
0.0822026      	-5.5563938e-08
0.0822246      	-5.5768531e-08
0.0822466      	-5.5972128e-08
0.0822686      	-5.6175655e-08
0.0822906      	-5.6378175e-08
0.0823126      	-5.6580656e-08
0.0823346      	-5.6782134e-08
0.0823565      	-5.6983543e-08
0.0823785      	-5.7183967e-08
0.0824005      	-5.7384329e-08
0.0824224      	-5.7583693e-08
0.0824444      	-5.7783004e-08
0.0824664      	-5.7981320e-08
0.0824883      	-5.8179584e-08
0.0825103      	-5.8376858e-08
0.0825323      	-5.8574098e-08
0.0825542      	-5.8770349e-08
0.0825762      	-5.8966535e-08
0.0825981      	-5.9161750e-08
0.08262        	-5.9356913e-08
0.082642       	-5.9551085e-08
0.0826639      	-5.9745238e-08
0.0826859      	-5.9938400e-08
0.0827078      	-6.0131543e-08
0.0827297      	-6.0323671e-08
0.0827517      	-6.0515758e-08
0.0827736      	-6.0706839e-08
0.0827955      	-6.0897834e-08
0.0828174      	-6.1087847e-08
0.0828394      	-6.1277781e-08
0.0828613      	-6.1466737e-08
0.0828832      	-6.1655642e-08
0.0829051      	-6.1843589e-08
0.082927       	-6.2031445e-08
0.0829489      	-6.2218365e-08
0.0829708      	-6.2405224e-08
0.0829927      	-6.2591084e-08
0.0830146      	-6.2776892e-08
0.0830365      	-6.2961711e-08
0.0830584      	-6.3146514e-08
0.0830803      	-6.3330333e-08
0.0831022      	-6.3514107e-08
0.0831241      	-6.3696911e-08
0.083146       	-6.3879672e-08
0.0831679      	-6.4061448e-08
0.0831897      	-6.4243187e-08
0.0832116      	-6.4423964e-08
0.0832335      	-6.4604714e-08
0.0832554      	-6.4784516e-08
0.0832772      	-6.4964308e-08
0.0832991      	-6.5143139e-08
0.0833209      	-6.5321937e-08
0.0833428      	-6.5499780e-08
0.0833647      	-6.5677612e-08
0.0833865      	-6.5854499e-08
0.0834084      	-6.6031343e-08
0.0834302      	-6.6207223e-08
0.0834521      	-6.6383106e-08
0.0834739      	-6.6558021e-08
0.0834958      	-6.6732895e-08
0.0835176      	-6.6906862e-08
0.0835394      	-6.7080812e-08
0.0835613      	-6.7253828e-08
0.0835831      	-6.7426832e-08
0.0836049      	-6.7598905e-08
0.0836268      	-6.7770991e-08
0.0836486      	-6.7942172e-08
0.0836704      	-6.8113351e-08
0.0836922      	-6.8283599e-08
0.0837141      	-6.8453847e-08
0.0837359      	-6.8623216e-08
0.0837577      	-6.8792585e-08
0.0837795      	-6.8961050e-08
0.0838013      	-6.9129518e-08
0.0838231      	-6.9297079e-08
0.0838449      	-6.9464666e-08
0.0838667      	-6.9631330e-08
0.0838885      	-6.9798039e-08
0.0839103      	-6.9963862e-08
0.0839321      	-7.0129714e-08
0.0839539      	-7.0294663e-08
0.0839757      	-7.0459646e-08
0.0839975      	-7.0623764e-08
0.0840192      	-7.0787128e-08
0.084041       	-7.0949511e-08
0.0840628      	-7.1111939e-08
0.0840846      	-7.1273478e-08
0.0841063      	-7.1435074e-08
0.0841281      	-7.1595811e-08
0.0841499      	-7.1756590e-08
0.0841716      	-7.1916492e-08
0.0841934      	-7.2076455e-08
0.0842152      	-7.2235547e-08
0.0842369      	-7.2394705e-08
0.0842587      	-7.2553027e-08
0.0842804      	-7.2711407e-08
0.0843022      	-7.2868944e-08
0.0843239      	-7.3026562e-08
0.0843457      	-7.3183361e-08
0.0843674      	-7.3340222e-08
0.0843892      	-7.3496258e-08
0.0844109      	-7.3652372e-08
0.0844326      	-7.3807651e-08
0.0844544      	-7.3963027e-08
0.0844761      	-7.4117586e-08
0.0844978      	-7.4272239e-08
0.0845195      	-7.4426085e-08
0.0845413      	-7.4580018e-08
0.084563       	-7.4733127e-08
0.0845847      	-7.4886374e-08
0.0846064      	-7.5038806e-08
0.0846281      	-7.5191341e-08
0.0846498      	-7.5343070e-08
0.0846715      	-7.5494930e-08
0.0846932      	-7.5645997e-08
0.0847149      	-7.5797188e-08
0.0847366      	-7.5947621e-08
0.0847583      	-7.6098186e-08
0.08478        	-7.6247960e-08
0.0848017      	-7.6397879e-08
0.0848234      	-7.6547046e-08
0.0848451      	-7.6696346e-08
0.0848668      	-7.6844888e-08
0.0848885      	-7.6993592e-08
0.0849101      	-7.7141538e-08
0.0849318      	-7.7289634e-08
0.0849535      	-7.7436970e-08
0.0849752      	-7.7584452e-08
0.0849968      	-7.7731210e-08
0.0850185      	-7.7878899e-08
0.0850402      	-7.8025990e-08
0.0850618      	-7.8173257e-08
0.0850835      	-7.8319781e-08
0.0851051      	-7.8466484e-08
0.0851268      	-7.8612451e-08
0.0851484      	-7.8758608e-08
0.0851701      	-7.8904042e-08
0.0851917      	-7.9049661e-08
0.0852134      	-7.9194573e-08
0.085235       	-7.9339683e-08
0.0852567      	-7.9484083e-08
0.0852783      	-7.9628681e-08
0.0852999      	-7.9772571e-08
0.0853216      	-7.9916670e-08
0.0853432      	-8.0060076e-08
0.0853648      	-8.0203702e-08
0.0853864      	-8.0346650e-08
0.0854081      	-8.0489817e-08
0.0854297      	-8.0632301e-08
0.0854513      	-8.0775001e-08
0.0854729      	-8.0917024e-08
0.0854945      	-8.1059277e-08
0.0855161      	-8.1200861e-08
0.0855378      	-8.1342681e-08
0.0855594      	-8.1483836e-08
0.085581       	-8.1625227e-08
0.0856026      	-8.1765954e-08
0.0856242      	-8.1906920e-08
0.0856458      	-8.2047242e-08
0.0856673      	-8.2187820e-08
0.0856889      	-8.2327764e-08
0.0857105      	-8.2467963e-08
0.0857321      	-8.2607521e-08
0.0857537      	-8.2747333e-08
0.0857753      	-8.2886514e-08
0.0857968      	-8.3025957e-08
0.0858184      	-8.3164771e-08
0.08584        	-8.3303853e-08
0.0858616      	-8.3442325e-08
0.0858831      	-8.3581069e-08
0.0859047      	-8.3719197e-08
0.0859263      	-8.3857614e-08
0.0859478      	-8.3995426e-08
0.0859694      	-8.4133526e-08
0.0859909      	-8.4271020e-08
0.0860125      	-8.4408807e-08
0.086034       	-8.4545991e-08
0.0860556      	-8.4683474e-08
0.0860771      	-8.4820364e-08
0.0860987      	-8.4957564e-08
0.0861202      	-8.5094182e-08
0.0861418      	-8.5231111e-08
0.0861633      	-8.5367451e-08
0.0861848      	-8.5504102e-08
0.0862064      	-8.5640180e-08
0.0862279      	-8.5776575e-08
0.0862494      	-8.5912399e-08
0.0862709      	-8.6048545e-08
0.0862925      	-8.6184128e-08
0.086314       	-8.6320043e-08
0.0863355      	-8.6455402e-08
0.086357       	-8.6591092e-08
0.0863785      	-8.6726229e-08
0.0864         	-8.6861705e-08
0.0864215      	-8.6996635e-08
0.086443       	-8.7131904e-08
0.0864645      	-8.7266633e-08
0.086486       	-8.7401707e-08
0.0865075      	-8.7536245e-08
0.086529       	-8.7671130e-08
0.0865505      	-8.7805483e-08
0.086572       	-8.7940192e-08
0.0865935      	-8.8074373e-08
0.086615       	-8.8208918e-08
0.0866365      	-8.8342942e-08
0.086658       	-8.8477331e-08
0.0866794      	-8.8611202e-08
0.0867009      	-8.8745438e-08
0.0867224      	-8.8879159e-08
0.0867438      	-8.9013253e-08
0.0867653      	-8.9146841e-08
0.0867868      	-8.9280807e-08
0.0868082      	-8.9414271e-08
0.0868297      	-8.9548116e-08
0.0868512      	-8.9681465e-08
0.0868726      	-8.9815197e-08
0.0868941      	-8.9948435e-08
0.0869155      	-9.0082060e-08
0.086937       	-9.0215196e-08
0.0869584      	-9.0348726e-08
0.0869799      	-9.0481775e-08
0.0870013      	-9.0615217e-08
0.0870227      	-9.0748176e-08
0.0870442      	-9.0881538e-08
0.0870656      	-9.1014428e-08
0.0870871      	-9.1147724e-08
0.0871085      	-9.1280547e-08
0.0871299      	-9.1413777e-08
0.0871513      	-9.1546541e-08
0.0871728      	-9.1679715e-08
0.0871942      	-9.1812429e-08
0.0872156      	-9.1945554e-08
0.087237       	-9.2078219e-08
0.0872584      	-9.2211300e-08
0.0872798      	-9.2343929e-08
0.0873012      	-9.2476980e-08
0.0873226      	-9.2609579e-08
0.087344       	-9.2742601e-08
0.0873654      	-9.2875175e-08
0.0873868      	-9.3008179e-08
0.0874082      	-9.3140740e-08
0.0874296      	-9.3273733e-08
0.087451       	-9.3406286e-08
0.0874724      	-9.3539274e-08
0.0874938      	-9.3671826e-08
0.0875152      	-9.3804818e-08
0.0875366      	-9.3937382e-08
0.087558       	-9.4070381e-08
0.0875793      	-9.4202950e-08
0.0876007      	-9.4335961e-08
0.0876221      	-9.4468549e-08
0.0876434      	-9.4601581e-08
0.0876648      	-9.4734191e-08
0.0876862      	-9.4867250e-08
0.0877075      	-9.4999890e-08
0.0877289      	-9.5132979e-08
0.0877503      	-9.5265653e-08
0.0877716      	-9.5398780e-08
0.087793       	-9.5531493e-08
0.0878143      	-9.5664664e-08
0.0878357      	-9.5797423e-08
0.087857       	-9.5930644e-08
0.0878784      	-9.6063457e-08
0.0878997      	-9.6196732e-08
0.087921       	-9.6329600e-08
0.0879424      	-9.6462934e-08
0.0879637      	-9.6595866e-08
0.087985       	-9.6729263e-08
0.0880064      	-9.6861988e-08
0.0880277      	-9.6994555e-08
0.088049       	-9.7126727e-08
0.0880703      	-9.7259375e-08
0.0880917      	-9.7391631e-08
0.088113       	-9.7524360e-08
0.0881343      	-9.7656701e-08
0.0881556      	-9.7789517e-08
0.0881769      	-9.7921945e-08
0.0881982      	-9.8054852e-08
0.0882195      	-9.8187371e-08
0.0882408      	-9.8320369e-08
0.0882621      	-9.8452986e-08
0.0882834      	-9.8586088e-08
0.0883047      	-9.8718805e-08
0.088326       	-9.8852005e-08
0.0883473      	-9.8984826e-08
0.0883686      	-9.9118137e-08
0.0883899      	-9.9251071e-08
0.0884112      	-9.9384495e-08
0.0884325      	-9.9517541e-08
0.0884537      	-9.9651082e-08
0.088475       	-9.9784247e-08
0.0884963      	-9.9917904e-08
0.0885176      	-1.0005119e-07
0.0885388      	-1.0018496e-07
0.0885601      	-1.0031836e-07
0.0885814      	-1.0045226e-07
0.0886026      	-1.0058578e-07
0.0886239      	-1.0071980e-07
0.0886452      	-1.0085346e-07
0.0886664      	-1.0098760e-07
0.0886877      	-1.0112138e-07
0.0887089      	-1.0125566e-07
0.0887302      	-1.0138958e-07
0.0887514      	-1.0152400e-07
0.0887727      	-1.0165806e-07
0.0887939      	-1.0179261e-07
0.0888151      	-1.0192681e-07
0.0888364      	-1.0206151e-07
0.0888576      	-1.0219585e-07
0.0888788      	-1.0233069e-07
0.0889001      	-1.0246518e-07
0.0889213      	-1.0260017e-07
0.0889425      	-1.0273480e-07
0.0889637      	-1.0286993e-07
0.088985       	-1.0300470e-07
0.0890062      	-1.0314024e-07
0.0890274      	-1.0327606e-07
0.0890486      	-1.0341238e-07
0.0890698      	-1.0354834e-07
0.089091       	-1.0368480e-07
0.0891122      	-1.0382091e-07
0.0891334      	-1.0395752e-07
0.0891546      	-1.0409377e-07
0.0891758      	-1.0423053e-07
0.089197       	-1.0436694e-07
0.0892182      	-1.0450386e-07
0.0892394      	-1.0464042e-07
0.0892606      	-1.0477750e-07
0.0892818      	-1.0491421e-07
0.089303       	-1.0505143e-07
0.0893242      	-1.0518829e-07
0.0893454      	-1.0532566e-07
0.0893665      	-1.0546267e-07
0.0893877      	-1.0560019e-07
0.0894089      	-1.0573737e-07
0.0894301      	-1.0587505e-07
0.0894512      	-1.0601238e-07
0.0894724      	-1.0615020e-07
0.0894936      	-1.0628769e-07
0.0895147      	-1.0642567e-07
0.0895359      	-1.0656330e-07
0.089557       	-1.0670144e-07
0.0895782      	-1.0683923e-07
0.0895994      	-1.0697752e-07
0.0896205      	-1.0711546e-07
0.0896417      	-1.0725390e-07
0.0896628      	-1.0739199e-07
0.0896839      	-1.0753058e-07
0.0897051      	-1.0766883e-07
0.0897262      	-1.0780757e-07
0.0897474      	-1.0794596e-07
0.0897685      	-1.0808485e-07
0.0897896      	-1.0822339e-07
0.0898108      	-1.0836241e-07
0.0898319      	-1.0850109e-07
0.089853       	-1.0864024e-07
0.0898741      	-1.0877905e-07
0.0898953      	-1.0891834e-07
0.0899164      	-1.0905727e-07
0.0899375      	-1.0919669e-07
0.0899586      	-1.0933575e-07
0.0899797      	-1.0947529e-07
0.0900008      	-1.0961446e-07
0.0900219      	-1.0975411e-07
0.090043       	-1.0989339e-07
0.0900641      	-1.1003314e-07
0.0900852      	-1.1017251e-07
0.0901063      	-1.1031233e-07
0.0901274      	-1.1045177e-07
0.0901485      	-1.1059166e-07
0.0901696      	-1.1073114e-07
0.0901907      	-1.1087106e-07
0.0902118      	-1.1101055e-07
0.0902329      	-1.1115045e-07
0.090254       	-1.1128989e-07
0.090275       	-1.1142968e-07
0.0902961      	-1.1156898e-07
0.0903172      	-1.1170857e-07
0.0903383      	-1.1184755e-07
0.0903593      	-1.1198667e-07
0.0903804      	-1.1212497e-07
0.0904012      	-1.1226098e-07
0.0904196      	-1.1238120e-07
0.0904359      	-1.1248703e-07
0.0904501      	-1.1257835e-07
0.0904624      	-1.1265640e-07
0.0904729      	-1.1272144e-07
0.0904818      	-1.1277473e-07
0.0904893      	-1.1281678e-07
0.0904956      	-1.1284871e-07
0.0905008      	-1.1287072e-07
0.090505       	-1.1288336e-07
0.0905086      	-1.1288658e-07
0.0905115      	-1.1288062e-07
0.0905138      	-1.1286510e-07
0.0905157      	-1.1283862e-07
0.0905173      	-1.1279950e-07
0.0905186      	-1.1274565e-07
0.0905196      	-1.1267507e-07
0.0905204      	-1.1258350e-07
0.0905211      	-1.1246570e-07
0.0905216      	-1.1231548e-07
0.090522       	-1.1212597e-07
0.0905224      	-1.1188860e-07
0.0905227      	-1.1159188e-07
0.0905229      	-1.1122105e-07
0.0905231      	-1.1075829e-07
0.0905232      	-1.1018030e-07
0.0905233      	-1.0945894e-07
0.0905234      	-1.0855957e-07
0.0905235      	-1.0743920e-07
0.0905236      	-1.0604343e-07
0.0905236      	-1.0430480e-07
0.0905237      	-1.0213804e-07
0.0905237      	-9.9439569e-08
0.0905237      	-9.6078961e-08
0.0905237      	-9.1893962e-08
0.0905238      	-8.6683086e-08
0.0905238      	-8.0194623e-08
0.0905238      	-7.2116145e-08
0.0905238      	-6.2056004e-08
0.0905238      	-4.9527382e-08
0.0905238      	-3.3921033e-08
0.0905238      	-1.4474725e-08
0.0905238      	9.7428209e-09
0.0905238      	3.9918273e-08
0.0905238      	7.7503213e-08
0.0905238      	1.2431790e-07
0.0905238      	1.8262226e-07
0.0905238      	2.5523857e-07
0.0905238      	3.4568029e-07
0.0905238      	4.5832011e-07
0.0905238      	5.9861083e-07
0.0905238      	7.7333514e-07
0.0905238      	9.9095199e-07
0.0905238      	1.2619807e-06
0.0905238      	1.5995398e-06
0.0905238      	2.0199492e-06
0.0905238      	2.5435769e-06
0.0905238      	3.1957105e-06
0.0905238      	4.0079652e-06
0.0905238      	5.0195389e-06
0.0905238      	6.2795154e-06
0.0905238      	7.8486391e-06
0.0905238      	9.8031302e-06
0.0905238      	1.2237091e-05
0.0905238      	1.5268935e-05
0.0905238      	1.9044375e-05
0.0905238      	2.3747460e-05
0.0905238      	2.9603614e-05
0.0905238      	3.6899094e-05
0.0905238      	4.5983073e-05
0.0905238      	5.7299785e-05
0.0905238      	7.1390728e-05
0.0905238      	8.8945084e-05
0.0905238      	1.1080275e-04
0.0905238      	1.3803285e-04
0.0905238      	1.7193817e-04
0.0905238      	2.1417715e-04
0.0905238      	2.6677062e-04
0.0905238      	3.3229120e-04
0.0905238      	4.1387349e-04
0.0905238      	5.1550817e-04
0.0905238      	6.4205756e-04
0.0905238      	7.9971196e-04
0.0905238      	9.9601372e-04
0.0905238      	1.2405652e-03
0.0905238      	1.5450660e-03
0.0905238      	1.9244111e-03
0.0905238      	2.3967487e-03
0.0905238      	2.9851841e-03
0.0905238      	3.7178680e-03
0.0905238      	4.6306414e-03
0.0905238      	5.7671712e-03
0.0905238      	7.1830536e-03
0.0905238      	8.9460238e-03
0.0905238      	1.1142322e-02
0.0905238      	1.3877019e-02
0.0905238      	1.7283889e-02
0.0905238      	2.1525915e-02
0.0905238      	2.6810609e-02
0.0905238      	3.3390784e-02
0.0905238      	4.1588333e-02
0.0905238      	5.1795416e-02
0.0905238      	6.4511348e-02
0.0905238      	8.0344444e-02
0.0905238      	1.0006923e-01
0.0905238      	1.2462933e-01
0.0905238      	1.5522617e-01
0.0905238      	1.9332347e-01
0.0905238      	2.4078489e-01
0.0905238      	2.9988093e-01
0.0905238      	3.7350249e-01
0.0905238      	4.6517150e-01
0.0905238      	5.7937230e-01
0.0905238      	7.2156809e-01
0.0905238      	8.9871491e-01
0.0905238      	1.1192872e+00
0.0905238      	1.3940750e+00
0.0905238      	1.7362239e+00
0.0905238      	2.1624713e+00
0.0905238      	2.6932082e+00
0.0905238      	3.3543977e+00
0.0905238      	4.1776699e+00
0.0905238      	5.2032985e+00
0.0905238      	6.4803477e+00
0.0905238      	8.0712896e+00
0.0905238      	1.0052232e+01
0.0905238      	1.2520080e+01
0.0905238      	1.5592892e+01
0.0905238      	1.9420987e+01
0.0905238      	2.4187494e+01
0.0905238      	3.0125585e+01
0.0905238      	3.7519328e+01
0.0905238      	4.6730420e+01
0.0905238      	5.8199498e+01
0.0905238      	7.2487625e+01
0.0905238      	9.0278312e+01
0.0905238      	1.1244187e+02
0.0905238      	1.4003855e+02
0.0905238      	1.7441838e+02
0.0905238      	2.1722600e+02
0.0905238      	2.7055554e+02
0.0905238      	3.3695817e+02
0.0905238      	4.1968226e+02
0.0905238      	5.2268516e+02
0.0905238      	6.5100572e+02
0.0905238      	8.1078249e+02
0.0905238      	1.0098317e+03
0.0905238      	1.2576753e+03
0.0905238      	1.5664379e+03
0.0905238      	1.9508898e+03
0.0905238      	2.4298382e+03
0.0905238      	3.0261951e+03
0.0905238      	3.7691338e+03
0.0905238      	4.6941947e+03
0.0905238      	5.8466317e+03
0.0905238      	7.2815744e+03
0.0905238      	9.0692197e+03
0.0905238      	1.1295084e+04
0.0905238      	1.4068057e+04
0.0905238      	1.7520789e+04
0.0905238      	2.1822188e+04
0.0905238      	2.7178022e+04
0.0905238      	3.3850297e+04
0.0905238      	4.2158197e+04
0.0905238      	5.2508144e+04
0.0905238      	6.5395252e+04
0.0905238      	8.1449956e+04
0.0905238      	1.0144027e+05
0.0905238      	1.2634412e+05
0.0905238      	1.5735284e+05
0.0905238      	1.9598337e+05
0.0905238      	2.4408370e+05
0.0905238      	3.0400689e+05
0.0905238      	3.7861948e+05
0.0905238      	4.7157157e+05
0.0905238      	5.8730964e+05
0.0905238      	7.3149575e+05
0.0905238      	9.1102714e+05
0.0905238      	1.1346868e+06
0.0905238      	1.4131735e+06
0.0905238      	1.7601115e+06
0.0905238      	2.1920966e+06
0.0905238      	2.7302623e+06
0.0905238      	3.4003519e+06
0.0905238      	4.2351478e+06
0.0905238      	5.2745820e+06
0.0905238      	6.5695066e+06
0.0905238      	8.1818636e+06
0.0905238      	1.0190534e+07
0.0905238      	1.2691601e+07
0.0905238      	1.5807425e+07
0.0905238      	1.9687048e+07
0.0905238      	2.4520274e+07
0.0905238      	3.0538295e+07
0.0905238      	3.8035533e+07
0.0905238      	4.7370610e+07
0.0905238      	5.9000228e+07
0.0905238      	7.3480680e+07
0.0905238      	9.1520393e+07
0.0905238      	1.1398228e+08
0.0905238      	1.4196525e+08
0.0905238      	1.7680785e+08
0.0905238      	2.2021467e+08
0.0905238      	2.7426205e+08
0.0905238      	3.4159416e+08
0.0905238      	4.2543176e+08
0.0905238      	5.2987645e+08
0.0905238      	6.5992426e+08
0.0905238      	8.2193752e+08
0.0905238      	1.0236660e+09
0.0905238      	1.2749789e+09
0.0905238      	1.5878975e+09
0.0905238      	1.9777308e+09
0.0905238      	2.4631262e+09
0.0905238      	3.0678305e+09
0.0905238      	3.8207695e+09
0.0905238      	4.7587792e+09
0.0905238      	5.9267284e+09
0.0905238      	7.3817569e+09
0.0905238      	9.1934647e+09
0.0905238      	1.1450486e+10
0.0905238      	1.4260784e+10
0.0905238      	1.7761846e+10
0.0905238      	2.2121144e+10
0.0905238      	2.7551947e+10
0.0905238      	3.4314034e+10
