# Region type : patch Lc2
# Faces        : 204
# Area         : 3.3006346e-06
# Scale factor : 1.0000000e+00
# Time         	sum(phi)
6e-05          	1.3101332e-10
0.000132       	2.8948257e-10
0.0002184      	4.8042734e-10
0.00032208     	7.1218387e-10
0.000446496    	9.9302420e-10
0.000595795    	1.3361752e-09
0.000774954    	1.7552350e-09
0.000989945    	2.2716796e-09
0.00124793     	2.9087554e-09
0.00155752     	3.7024358e-09
0.00192903     	4.6932843e-09
0.00237483     	5.9428204e-09
0.0029098      	7.5229111e-09
0.00355176     	9.5395974e-09
0.00429765     	1.2035369e-08
0.00475382     	1.3677846e-08
0.00497048     	1.4478088e-08
0.00518408     	1.5284909e-08
0.00542151     	1.6191611e-08
0.00568516     	1.7220763e-08
0.00595414     	1.8284496e-08
0.0062144      	1.9337309e-08
0.00646879     	2.0377937e-08
0.00672414     	2.1443158e-08
0.00698347     	2.2535491e-08
0.0072456      	2.3659385e-08
0.0075082      	2.4795253e-08
0.00777027     	2.5948510e-08
0.00803213     	2.7109955e-08
0.00829441     	2.8292073e-08
0.00855734     	2.9485451e-08
0.00882083     	3.0699559e-08
0.00908463     	3.1923201e-08
0.00934861     	3.3166016e-08
0.00961272     	3.4416753e-08
0.00987701     	3.5685566e-08
0.0101415      	3.6961455e-08
0.0104061      	3.8254384e-08
0.0106708      	3.9554283e-08
0.0109356      	4.0871220e-08
0.0112005      	4.2194813e-08
0.0114655      	4.3535222e-08
0.0117307      	4.4882067e-08
0.0119958      	4.6245531e-08
0.0122611      	4.7616560e-08
0.0125265      	4.9004140e-08
0.0127919      	5.0397914e-08
0.0130543      	5.1791581e-08
0.0133099      	5.3153656e-08
0.0135591      	5.4496931e-08
0.0138025      	5.5813233e-08
0.01404        	5.7111296e-08
0.0142718      	5.8383959e-08
0.0144983      	5.9640348e-08
0.0147199      	6.0872715e-08
0.0149367      	6.2090759e-08
0.0151492      	6.3285991e-08
0.0153574      	6.4468094e-08
0.0155616      	6.5630108e-08
0.0157619      	6.6780725e-08
0.0159587      	6.7912792e-08
0.016152       	6.9034601e-08
0.0163419      	7.0139169e-08
0.0165288      	7.1234438e-08
0.0167125      	7.2313612e-08
0.0168934      	7.3384335e-08
0.0170714      	7.4440487e-08
0.0172468      	7.5489655e-08
0.0174196      	7.6524617e-08
0.0175899      	7.7552469e-08
0.0177578      	7.8566916e-08
0.0179234      	7.9574827e-08
0.0180867      	8.0569405e-08
0.0182479      	8.1557368e-08
0.0184071      	8.2533277e-08
0.0185642      	8.3503574e-08
0.0187193      	8.4462387e-08
0.0188726      	8.5415985e-08
0.019024       	8.6358815e-08
0.0191736      	8.7297779e-08
0.0193216      	8.8226242e-08
0.0194678      	8.9150137e-08
0.0196124      	9.0063965e-08
0.0197555      	9.0973520e-08
0.019897       	9.1873415e-08
0.020037       	9.2769002e-08
0.0201755      	9.3654448e-08
0.0203126      	9.4536123e-08
0.0204484      	9.5408843e-08
0.0205828      	9.6278000e-08
0.0207159      	9.7138512e-08
0.0208477      	9.7995664e-08
0.0209783      	9.8844472e-08
0.0211076      	9.9690105e-08
0.0212358      	1.0052766e-07
0.0213628      	1.0136220e-07
0.0214886      	1.0218890e-07
0.0216134      	1.0301274e-07
0.021737       	1.0382899e-07
0.0218597      	1.0464253e-07
0.0219812      	1.0544870e-07
0.0221018      	1.0625323e-07
0.0222213      	1.0705078e-07
0.0223399      	1.0784585e-07
0.0224576      	1.0863396e-07
0.0225742      	1.0941972e-07
0.02269        	1.1019870e-07
0.0228049      	1.1097545e-07
0.0229189      	1.1174560e-07
0.023032       	1.1251333e-07
0.0231443      	1.1327386e-07
0.0232558      	1.1403237e-07
0.0233664      	1.1478460e-07
0.0234763      	1.1553489e-07
0.0235853      	1.1627905e-07
0.0236936      	1.1702135e-07
0.0238011      	1.1775768e-07
0.0239079      	1.1849222e-07
0.024014       	1.1922093e-07
0.0241193      	1.1994794e-07
0.0242239      	1.2066924e-07
0.0243279      	1.2138890e-07
0.0244311      	1.2210297e-07
0.0245337      	1.2281546e-07
0.0246356      	1.2352248e-07
0.0247369      	1.2422799e-07
0.0248375      	1.2492814e-07
0.0249375      	1.2562685e-07
0.0250369      	1.2632070e-07
0.0251357      	1.2701381e-07
0.0252339      	1.2770177e-07
0.0253315      	1.2838839e-07
0.0254285      	1.2906996e-07
0.0255249      	1.2975024e-07
0.0256208      	1.3042557e-07
0.0257161      	1.3109966e-07
0.0258108      	1.3176890e-07
0.0259051      	1.3243695e-07
0.0259987      	1.3310024e-07
0.0260919      	1.3376140e-07
0.0261846      	1.3441787e-07
0.0262767      	1.3507324e-07
0.0263683      	1.3572402e-07
0.0264595      	1.3637373e-07
0.0265501      	1.3701892e-07
0.0266403      	1.3766309e-07
0.02673        	1.3830281e-07
0.0268192      	1.3894154e-07
0.0269079      	1.3957591e-07
0.0269962      	1.4020934e-07
0.0270841      	1.4083941e-07
0.0271715      	1.4146862e-07
0.0272584      	1.4209358e-07
0.027345       	1.4271766e-07
0.0274311      	1.4333756e-07
0.0275167      	1.4395662e-07
0.027602       	1.4457157e-07
0.0276868      	1.4518570e-07
0.0277713      	1.4579578e-07
0.0278553      	1.4640508e-07
0.0279389      	1.4701039e-07
0.0280222      	1.4761470e-07
0.028105       	1.4821438e-07
0.0281875      	1.4881333e-07
0.0282696      	1.4940841e-07
0.0283513      	1.5000279e-07
0.0284326      	1.5059335e-07
0.0285136      	1.5118323e-07
0.0285942      	1.5176934e-07
0.0286744      	1.5235479e-07
0.0287543      	1.5293653e-07
0.0288339      	1.5351763e-07
0.0289131      	1.5409507e-07
0.0289919      	1.5467191e-07
0.0290705      	1.5524514e-07
0.0291486      	1.5581777e-07
0.0292265      	1.5638684e-07
0.029304       	1.5695534e-07
0.0293812      	1.5752031e-07
0.0294581      	1.5808473e-07
0.0295346      	1.5864566e-07
0.0296109      	1.5920606e-07
0.0296868      	1.5976303e-07
0.0297624      	1.6031947e-07
0.0298378      	1.6087253e-07
0.0299128      	1.6142509e-07
0.0299875      	1.6197431e-07
0.0300619      	1.6252382e-07
0.0301361      	1.6307018e-07
0.0302099      	1.6361606e-07
0.0302834      	1.6415868e-07
0.0303567      	1.6470085e-07
0.0304297      	1.6523978e-07
0.0305024      	1.6577827e-07
0.0305748      	1.6631357e-07
0.030647       	1.6684844e-07
0.0307189      	1.6738016e-07
0.0307905      	1.6791147e-07
0.0308618      	1.6843966e-07
0.0309329      	1.6896746e-07
0.0310038      	1.6949214e-07
0.0310743      	1.7001558e-07
0.0311446      	1.7053597e-07
0.0312147      	1.7105600e-07
0.0312845      	1.7157301e-07
0.0313541      	1.7208967e-07
0.0314234      	1.7260334e-07
0.0314924      	1.7311667e-07
0.0315613      	1.7362704e-07
0.0316298      	1.7413708e-07
0.0316982      	1.7464419e-07
0.0317663      	1.7515099e-07
0.0318342      	1.7565489e-07
0.0319018      	1.7615848e-07
0.0319692      	1.7665921e-07
0.0320364      	1.7715966e-07
0.0321034      	1.7765726e-07
0.0321701      	1.7815458e-07
0.0322366      	1.7864910e-07
0.0323029      	1.7914333e-07
0.032369       	1.7963479e-07
0.0324348      	1.8012597e-07
0.0325005      	1.8061440e-07
0.0325659      	1.8110256e-07
0.0326311      	1.8158800e-07
0.0326961      	1.8207319e-07
0.0327609      	1.8255567e-07
0.0328255      	1.8303792e-07
0.0328899      	1.8351749e-07
0.0329541      	1.8399684e-07
0.0330181      	1.8447378e-07
0.0330819      	1.8495114e-07
0.0331454      	1.8542587e-07
0.0332088      	1.8590039e-07
0.033272       	1.8637230e-07
0.033335       	1.8684401e-07
0.0333978      	1.8731313e-07
0.0334604      	1.8778206e-07
0.0335229      	1.8824842e-07
0.0335851      	1.8871459e-07
0.0336472      	1.8917823e-07
0.033709       	1.8964169e-07
0.0337707      	1.9010263e-07
0.0338322      	1.9056341e-07
0.0338935      	1.9102169e-07
0.0339547      	1.9147981e-07
0.0340156      	1.9193525e-07
0.0340764      	1.9238989e-07
0.034137       	1.9284209e-07
0.0341974      	1.9329413e-07
0.0342577      	1.9374376e-07
0.0343178      	1.9419324e-07
0.0343777      	1.9464031e-07
0.0344375      	1.9508723e-07
0.034497       	1.9553178e-07
0.0345564      	1.9597618e-07
0.0346157      	1.9641822e-07
0.0346748      	1.9686013e-07
0.0347337      	1.9729969e-07
0.0347925      	1.9773912e-07
0.034851       	1.9817623e-07
0.0349095      	1.9861323e-07
0.0349678      	1.9904791e-07
0.0350259      	1.9948287e-07
0.0350838      	1.9991600e-07
0.0351416      	2.0034903e-07
0.0351993      	2.0077978e-07
0.0352568      	2.0121043e-07
0.0353141      	2.0163882e-07
0.0353713      	2.0206712e-07
0.0354284      	2.0249317e-07
0.0354853      	2.0291913e-07
0.035542       	2.0334287e-07
0.0355986      	2.0376652e-07
0.035655       	2.0418796e-07
0.0357113      	2.0460933e-07
0.0357675      	2.0502850e-07
0.0358235      	2.0544761e-07
0.0358794      	2.0586454e-07
0.0359351      	2.0628140e-07
0.0359907      	2.0669611e-07
0.0360462      	2.0711007e-07
0.0361015      	2.0752175e-07
0.0361566      	2.0793338e-07
0.0362117      	2.0834289e-07
0.0362666      	2.0875234e-07
0.0363213      	2.0915968e-07
0.0363759      	2.0956697e-07
0.0364304      	2.0997216e-07
0.0364848      	2.1037730e-07
0.036539       	2.1078036e-07
0.0365931      	2.1118337e-07
0.0366471      	2.1158432e-07
0.0367009      	2.1198522e-07
0.0367546      	2.1238407e-07
0.0368082      	2.1278289e-07
0.0368616      	2.1317967e-07
0.0369149      	2.1357642e-07
0.0369681      	2.1397116e-07
0.0370212      	2.1436586e-07
0.0370741      	2.1475856e-07
0.037127       	2.1515123e-07
0.0371797      	2.1554191e-07
0.0372322      	2.1593257e-07
0.0372847      	2.1632124e-07
0.037337       	2.1670990e-07
0.0373892      	2.1709658e-07
0.0374413      	2.1748325e-07
0.0374933      	2.1786796e-07
0.0375451      	2.1825265e-07
0.0375969      	2.1863541e-07
0.0376485      	2.1901815e-07
0.0377         	2.1939896e-07
0.0377514      	2.1977976e-07
0.0378026      	2.2015865e-07
0.0378538      	2.2053754e-07
0.0379048      	2.2091452e-07
0.0379558      	2.2129151e-07
0.0380066      	2.2166671e-07
0.0380573      	2.2204261e-07
0.0381079      	2.2241664e-07
0.0381584      	2.2279067e-07
0.0382088      	2.2316283e-07
0.038259       	2.2353499e-07
0.0383092      	2.2390530e-07
0.0383592      	2.2427562e-07
0.0384092      	2.2464409e-07
0.038459       	2.2501257e-07
0.0385087      	2.2537922e-07
0.0385583      	2.2574589e-07
0.0386079      	2.2611073e-07
0.0386573      	2.2647560e-07
0.0387066      	2.2683865e-07
0.0387558      	2.2720172e-07
0.0388049      	2.2756300e-07
0.0388539      	2.2792430e-07
0.0389028      	2.2828382e-07
0.0389516      	2.2864336e-07
0.0390003      	2.2900113e-07
0.0390488      	2.2935815e-07
0.0390973      	2.2971340e-07
0.0391457      	2.3006869e-07
0.039194       	2.3042223e-07
0.0392422      	2.3077580e-07
0.0392903      	2.3112762e-07
0.0393383      	2.3147949e-07
0.0393862      	2.3182961e-07
0.039434       	2.3217977e-07
0.0394817      	2.3252821e-07
0.0395293      	2.3287669e-07
0.0395769      	2.3322344e-07
0.0396243      	2.3357025e-07
0.0396716      	2.3391534e-07
0.0397189      	2.3426048e-07
0.039766       	2.3460393e-07
0.0398131      	2.3494742e-07
0.03986        	2.3528923e-07
0.0399069      	2.3563109e-07
0.0399537      	2.3597128e-07
0.0400004      	2.3631156e-07
0.040047       	2.3665557e-07
0.0400935      	2.3699963e-07
0.0401399      	2.3734201e-07
0.0401862      	2.3768445e-07
0.0402324      	2.3802523e-07
0.0402786      	2.3836608e-07
0.0403246      	2.3870527e-07
0.0403706      	2.3904454e-07
0.0404165      	2.3938216e-07
0.0404623      	2.3971986e-07
0.040508       	2.4005593e-07
0.0405536      	2.4039208e-07
0.0405992      	2.4072661e-07
0.0406446      	2.4106122e-07
0.04069        	2.4139422e-07
0.0407353      	2.4172730e-07
0.0407805      	2.4205878e-07
0.0408256      	2.4239036e-07
0.0408706      	2.4272035e-07
0.0409155      	2.4305043e-07
0.0409604      	2.4337893e-07
0.0410052      	2.4370752e-07
0.0410499      	2.4403455e-07
0.0410945      	2.4436167e-07
0.041139       	2.4468722e-07
0.0411835      	2.4501287e-07
0.0412279      	2.4533697e-07
0.0412721      	2.4566117e-07
0.0413164      	2.4598382e-07
0.0413605      	2.4630657e-07
0.0414045      	2.4662778e-07
0.0414485      	2.4694909e-07
0.0414924      	2.4726886e-07
0.0415362      	2.4758874e-07
0.04158        	2.4790710e-07
0.0416236      	2.4822555e-07
0.0416672      	2.4854249e-07
0.0417107      	2.4885953e-07
0.0417542      	2.4917507e-07
0.0417975      	2.4949071e-07
0.0418408      	2.4980486e-07
0.041884       	2.5011911e-07
0.0419271      	2.5043188e-07
0.0419702      	2.5074475e-07
0.0420132      	2.5105592e-07
0.0420561      	2.5136668e-07
0.0420989      	2.5167596e-07
0.0421417      	2.5198536e-07
0.0421843      	2.5229329e-07
0.042227       	2.5260133e-07
0.0422695      	2.5290791e-07
0.042312       	2.5321461e-07
0.0423544      	2.5351985e-07
0.0423967      	2.5382520e-07
0.0424389      	2.5412910e-07
0.0424811      	2.5443312e-07
0.0425232      	2.5473570e-07
0.0425653      	2.5503839e-07
0.0426073      	2.5533965e-07
0.0426492      	2.5564102e-07
0.042691       	2.5594097e-07
0.0427328      	2.5624103e-07
0.0427745      	2.5653967e-07
0.0428161      	2.5683844e-07
0.0428576      	2.5713578e-07
0.0428991      	2.5743326e-07
0.0429405      	2.5772932e-07
0.0429819      	2.5802551e-07
0.0430232      	2.5832072e-07
0.0430644      	2.5861637e-07
0.0431056      	2.5891063e-07
0.0431467      	2.5920501e-07
0.0431877      	2.5949800e-07
0.0432286      	2.5979112e-07
0.0432695      	2.6008286e-07
0.0433104      	2.6037472e-07
0.0433511      	2.6066520e-07
0.0433918      	2.6095581e-07
0.0434324      	2.6124505e-07
0.043473       	2.6153442e-07
0.0435135      	2.6182242e-07
0.0435539      	2.6211055e-07
0.0435943      	2.6239732e-07
0.0436346      	2.6268422e-07
0.0436749      	2.6296977e-07
0.0437151      	2.6325544e-07
0.0437552      	2.6353977e-07
0.0437952      	2.6382424e-07
0.0438352      	2.6410736e-07
0.0438752      	2.6439062e-07
0.0439151      	2.6467254e-07
0.0439549      	2.6495460e-07
0.0439946      	2.6523534e-07
0.0440343      	2.6551621e-07
0.0440739      	2.6579576e-07
0.0441135      	2.6607545e-07
0.044153       	2.6635383e-07
0.0441925      	2.6663234e-07
0.0442319      	2.6690953e-07
0.0442712      	2.6718687e-07
0.0443105      	2.6746290e-07
0.0443497      	2.6773907e-07
0.0443888      	2.6801394e-07
0.0444279      	2.6828894e-07
0.044467       	2.6856265e-07
0.0445059      	2.6883650e-07
0.0445449      	2.6910906e-07
0.0445837      	2.6938175e-07
0.0446225      	2.6965317e-07
0.0446613      	2.6992473e-07
0.0447         	2.7019501e-07
0.0447386      	2.7046543e-07
0.0447772      	2.7073458e-07
0.0448157      	2.7100387e-07
0.0448542      	2.7127189e-07
0.0448926      	2.7154006e-07
0.0449309      	2.7180696e-07
0.0449692      	2.7207402e-07
0.0450075      	2.7233982e-07
0.0450457      	2.7260576e-07
0.0450838      	2.7287046e-07
0.0451219      	2.7313530e-07
0.0451599      	2.7339890e-07
0.0451979      	2.7366264e-07
0.0452358      	2.7392514e-07
0.0452736      	2.7418779e-07
0.0453114      	2.7444921e-07
0.0453492      	2.7471077e-07
0.0453869      	2.7497110e-07
0.0454245      	2.7523158e-07
0.0454621      	2.7549083e-07
0.0454997      	2.7575022e-07
0.0455371      	2.7600840e-07
0.0455746      	2.7626672e-07
0.045612       	2.7652382e-07
0.0456493      	2.7678107e-07
0.0456866      	2.7703711e-07
0.0457238      	2.7729331e-07
0.045761       	2.7754829e-07
0.0457981      	2.7780342e-07
0.0458351      	2.7805736e-07
0.0458722      	2.7831144e-07
0.0459091      	2.7856433e-07
0.0459461      	2.7881737e-07
0.0459829      	2.7906922e-07
0.0460197      	2.7932085e-07
0.0460565      	2.7957097e-07
0.0460932      	2.7982124e-07
0.0461299      	2.8007033e-07
0.0461665      	2.8031958e-07
0.0462031      	2.8056765e-07
0.0462396      	2.8081587e-07
0.0462761      	2.8106292e-07
0.0463125      	2.8131012e-07
0.0463489      	2.8155615e-07
0.0463852      	2.8180234e-07
0.0464215      	2.8204736e-07
0.0464577      	2.8229253e-07
0.0464939      	2.8253654e-07
0.04653        	2.8278070e-07
0.0465661      	2.8302371e-07
0.0466021      	2.8326688e-07
0.0466381      	2.8350889e-07
0.046674       	2.8375105e-07
0.0467099      	2.8399207e-07
0.0467458      	2.8423324e-07
0.0467816      	2.8447327e-07
0.0468173      	2.8471346e-07
0.046853       	2.8495251e-07
0.0468887      	2.8519171e-07
0.0469243      	2.8542979e-07
0.0469599      	2.8566802e-07
0.0469954      	2.8590512e-07
0.0470309      	2.8614299e-07
0.0470663      	2.8637982e-07
0.0471017      	2.8661681e-07
0.047137       	2.8685268e-07
0.0471723      	2.8708870e-07
0.0472075      	2.8732361e-07
0.0472428      	2.8755867e-07
0.0472779      	2.8779263e-07
0.047313       	2.8802674e-07
0.0473481      	2.8825974e-07
0.0473831      	2.8849291e-07
0.0474181      	2.8872498e-07
0.047453       	2.8895720e-07
0.0474879      	2.8918832e-07
0.0475228      	2.8941960e-07
0.0475576      	2.8964979e-07
0.0475923      	2.8988013e-07
0.047627       	2.9010938e-07
0.0476617      	2.9033879e-07
0.0476964      	2.9056712e-07
0.0477309      	2.9079561e-07
0.0477655      	2.9102301e-07
0.0478         	2.9125057e-07
0.0478344      	2.9147706e-07
0.0478689      	2.9170371e-07
0.0479032      	2.9192929e-07
0.0479376      	2.9215503e-07
0.0479719      	2.9237970e-07
0.0480061      	2.9260454e-07
0.0480403      	2.9282831e-07
0.0480745      	2.9305225e-07
0.0481086      	2.9327512e-07
0.0481427      	2.9349816e-07
0.0481767      	2.9372014e-07
0.0482107      	2.9394228e-07
0.0482447      	2.9416337e-07
0.0482786      	2.9438462e-07
0.0483125      	2.9460483e-07
0.0483463      	2.9482519e-07
0.0483801      	2.9504451e-07
0.0484138      	2.9526400e-07
0.0484476      	2.9548244e-07
0.0484812      	2.9570104e-07
0.0485149      	2.9591861e-07
0.0485485      	2.9613634e-07
0.048582       	2.9635304e-07
0.0486155      	2.9656990e-07
0.048649       	2.9678573e-07
0.0486824      	2.9700173e-07
0.0487158      	2.9721670e-07
0.0487492      	2.9743184e-07
0.0487825      	2.9764596e-07
0.0488158      	2.9786024e-07
0.048849       	2.9807351e-07
0.0488822      	2.9828694e-07
0.0489154      	2.9849936e-07
0.0489485      	2.9871195e-07
0.0489816      	2.9892352e-07
0.0490146      	2.9913527e-07
0.0490476      	2.9934601e-07
0.0490806      	2.9955692e-07
0.0491135      	2.9976682e-07
0.0491464      	2.9997689e-07
0.0491793      	3.0018596e-07
0.0492121      	3.0039520e-07
0.0492449      	3.0060344e-07
0.0492776      	3.0081185e-07
0.0493103      	3.0101926e-07
0.049343       	3.0122684e-07
0.0493756      	3.0143343e-07
0.0494082      	3.0164019e-07
0.0494408      	3.0184596e-07
0.0494733      	3.0205190e-07
0.0495058      	3.0225686e-07
0.0495382      	3.0246198e-07
0.0495706      	3.0266612e-07
0.049603       	3.0287044e-07
0.0496353      	3.0307378e-07
0.0496676      	3.0327728e-07
0.0496999      	3.0347981e-07
0.0497321      	3.0368251e-07
0.0497643      	3.0388424e-07
0.0497965      	3.0408614e-07
0.0498286      	3.0428707e-07
0.0498607      	3.0448817e-07
0.0498927      	3.0468831e-07
0.0499247      	3.0488862e-07
0.0499567      	3.0508798e-07
0.0499886      	3.0528750e-07
0.0500206      	3.0533171e-07
0.0500524      	3.0529086e-07
0.0500843      	3.0524949e-07
0.0501162      	3.0520839e-07
0.050148       	3.0516655e-07
0.0501798      	3.0512482e-07
0.0502116      	3.0508220e-07
0.0502434      	3.0503956e-07
0.0502752      	3.0499596e-07
0.050307       	3.0495226e-07
0.0503388      	3.0490753e-07
0.0503705      	3.0486264e-07
0.0504022      	3.0481668e-07
0.0504339      	3.0477052e-07
0.0504656      	3.0472325e-07
0.0504973      	3.0467576e-07
0.050529       	3.0462712e-07
0.0505606      	3.0457824e-07
0.0505923      	3.0452820e-07
0.0506239      	3.0447789e-07
0.0506555      	3.0442640e-07
0.0506871      	3.0437464e-07
0.0507187      	3.0432168e-07
0.0507503      	3.0426842e-07
0.0507818      	3.0421396e-07
0.0508134      	3.0415919e-07
0.0508449      	3.0410321e-07
0.0508764      	3.0404692e-07
0.0509079      	3.0398940e-07
0.0509394      	3.0393155e-07
0.0509708      	3.0387247e-07
0.0510023      	3.0381310e-07
0.0510337      	3.0375311e-07
0.0510652      	3.0369277e-07
0.0510966      	3.0363118e-07
0.051128       	3.0356925e-07
0.0511594      	3.0350607e-07
0.0511907      	3.0344253e-07
0.0512221      	3.0337774e-07
0.0512534      	3.0331258e-07
0.0512848      	3.0324617e-07
0.0513161      	3.0317941e-07
0.0513474      	3.0311138e-07
0.0513787      	3.0304298e-07
0.0514099      	3.0297333e-07
0.0514412      	3.0290330e-07
0.0514725      	3.0283201e-07
0.0515037      	3.0276036e-07
0.0515349      	3.0268744e-07
0.0515661      	3.0261415e-07
0.0515973      	3.0253960e-07
0.0516285      	3.0246469e-07
0.0516596      	3.0238850e-07
0.0516908      	3.0231195e-07
0.0517219      	3.0223413e-07
0.051753       	3.0215595e-07
0.0517842      	3.0207651e-07
0.0518153      	3.0199670e-07
0.0518463      	3.0191563e-07
0.0518774      	3.0183419e-07
0.0519085      	3.0175150e-07
0.0519395      	3.0166845e-07
0.0519705      	3.0158414e-07
0.0520015      	3.0149947e-07
0.0520325      	3.0141354e-07
0.0520635      	3.0132725e-07
0.0520945      	3.0123971e-07
0.0521255      	3.0115181e-07
0.0521564      	3.0106267e-07
0.0521873      	3.0097317e-07
0.0522183      	3.0088244e-07
0.0522492      	3.0079134e-07
0.0522801      	3.0069901e-07
0.0523109      	3.0060632e-07
0.0523418      	3.0051241e-07
0.0523727      	3.0041814e-07
0.0524035      	3.0032265e-07
0.0524343      	3.0022680e-07
0.0524651      	3.0012972e-07
0.0524959      	3.0003230e-07
0.0525267      	2.9993366e-07
0.0525575      	2.9983467e-07
0.0525883      	2.9973447e-07
0.052619       	2.9963392e-07
0.0526497      	2.9953217e-07
0.0526805      	2.9943008e-07
0.0527112      	2.9932680e-07
0.0527419      	2.9922319e-07
0.0527725      	2.9911838e-07
0.0528032      	2.9901325e-07
0.0528339      	2.9890692e-07
0.0528645      	2.9880028e-07
0.0528951      	2.9869244e-07
0.0529257      	2.9858429e-07
0.0529563      	2.9847494e-07
0.0529869      	2.9836530e-07
0.0530175      	2.9825448e-07
0.0530481      	2.9814335e-07
0.0530786      	2.9803106e-07
0.0531092      	2.9791847e-07
0.0531397      	2.9780472e-07
0.0531702      	2.9769067e-07
0.0532007      	2.9757547e-07
0.0532312      	2.9745997e-07
0.0532617      	2.9734331e-07
0.0532921      	2.9722637e-07
0.0533226      	2.9710829e-07
0.053353       	2.9698993e-07
0.0533834      	2.9687044e-07
0.0534138      	2.9675069e-07
0.0534442      	2.9662979e-07
0.0534746      	2.9650863e-07
0.053505       	2.9638635e-07
0.0535354      	2.9626380e-07
0.0535657      	2.9614014e-07
0.053596       	2.9601621e-07
0.0536264      	2.9589117e-07
0.0536567      	2.9576588e-07
0.053687       	2.9563949e-07
0.0537172      	2.9551285e-07
0.0537475      	2.9538511e-07
0.0537778      	2.9525714e-07
0.053808       	2.9512808e-07
0.0538383      	2.9499878e-07
0.0538685      	2.9486840e-07
0.0538987      	2.9473780e-07
0.0539289      	2.9460612e-07
0.0539591      	2.9447423e-07
0.0539892      	2.9434127e-07
0.0540194      	2.9420769e-07
0.0540495      	2.9407283e-07
0.0540797      	2.9393776e-07
0.0541098      	2.9380164e-07
0.0541399      	2.9366532e-07
0.05417        	2.9352795e-07
0.0542001      	2.9339039e-07
0.0542302      	2.9325179e-07
0.0542602      	2.9311300e-07
0.0542903      	2.9297318e-07
0.0543203      	2.9283317e-07
0.0543503      	2.9269214e-07
0.0543803      	2.9255093e-07
0.0544103      	2.9240870e-07
0.0544403      	2.9226630e-07
0.0544703      	2.9212288e-07
0.0545002      	2.9197930e-07
0.0545302      	2.9183471e-07
0.0545601      	2.9168996e-07
0.0545901      	2.9154421e-07
0.05462        	2.9139831e-07
0.0546499      	2.9125142e-07
0.0546798      	2.9110438e-07
0.0547096      	2.9095637e-07
0.0547395      	2.9080821e-07
0.0547694      	2.9065908e-07
0.0547992      	2.9050981e-07
0.054829       	2.9035957e-07
0.0548589      	2.9020920e-07
0.0548887      	2.9005788e-07
0.0549184      	2.8990643e-07
0.0549482      	2.8975403e-07
0.054978       	2.8960151e-07
0.0550078      	2.8944822e-07
0.0550375      	2.8929527e-07
0.0550672      	2.8914138e-07
0.055097       	2.8898739e-07
0.0551267      	2.8883247e-07
0.0551564      	2.8867745e-07
0.0551861      	2.8852151e-07
0.0552157      	2.8836548e-07
0.0552454      	2.8820853e-07
0.055275       	2.8805149e-07
0.0553047      	2.8789354e-07
0.0553343      	2.8773551e-07
0.0553639      	2.8757658e-07
0.0553935      	2.8741756e-07
0.0554231      	2.8725765e-07
0.0554527      	2.8709766e-07
0.0554823      	2.8693679e-07
0.0555118      	2.8677585e-07
0.0555414      	2.8661403e-07
0.0555709      	2.8645214e-07
0.0556004      	2.8628938e-07
0.0556299      	2.8612657e-07
0.0556594      	2.8596289e-07
0.0556889      	2.8579916e-07
0.0557184      	2.8563457e-07
0.0557479      	2.8546993e-07
0.0557773      	2.8530442e-07
0.0558068      	2.8513888e-07
0.0558362      	2.8497249e-07
0.0558656      	2.8480606e-07
0.055895       	2.8463880e-07
0.0559244      	2.8447151e-07
0.0559538      	2.8430339e-07
0.0559832      	2.8413525e-07
0.0560125      	2.8396629e-07
0.0560419      	2.8379730e-07
0.0560712      	2.8362749e-07
0.0561005      	2.8345768e-07
0.0561298      	2.8328703e-07
0.0561591      	2.8311638e-07
0.0561884      	2.8294492e-07
0.0562177      	2.8277346e-07
0.056247       	2.8260119e-07
0.0562762      	2.8242893e-07
0.0563055      	2.8225586e-07
0.0563347      	2.8208280e-07
0.0563639      	2.8190894e-07
0.0563932      	2.8173510e-07
0.0564224      	2.8156047e-07
0.0564515      	2.8138586e-07
0.0564807      	2.8121047e-07
0.0565099      	2.8103510e-07
0.056539       	2.8085895e-07
0.0565682      	2.8068283e-07
0.0565973      	2.8050593e-07
0.0566264      	2.8032907e-07
0.0566556      	2.8015143e-07
0.0566847      	2.7997383e-07
0.0567137      	2.7979547e-07
0.0567428      	2.7961715e-07
0.0567719      	2.7943807e-07
0.0568009      	2.7925903e-07
0.05683        	2.7907925e-07
0.056859       	2.7889951e-07
0.056888       	2.7871902e-07
0.056917       	2.7853858e-07
0.056946       	2.7835741e-07
0.056975       	2.7817629e-07
0.057004       	2.7799444e-07
0.057033       	2.7781265e-07
0.0570619      	2.7763012e-07
0.0570909      	2.7744765e-07
0.0571198      	2.7726446e-07
0.0571487      	2.7708133e-07
0.0571776      	2.7689748e-07
0.0572065      	2.7671370e-07
0.0572354      	2.7652920e-07
0.0572643      	2.7634477e-07
0.0572932      	2.7615963e-07
0.057322       	2.7597457e-07
0.0573509      	2.7578880e-07
0.0573797      	2.7560311e-07
0.0574085      	2.7541671e-07
0.0574374      	2.7523040e-07
0.0574662      	2.7504338e-07
0.057495       	2.7485644e-07
0.0575237      	2.7466881e-07
0.0575525      	2.7448127e-07
0.0575813      	2.7429303e-07
0.05761        	2.7410488e-07
0.0576388      	2.7391604e-07
0.0576675      	2.7372730e-07
0.0576962      	2.7353787e-07
0.0577249      	2.7334854e-07
0.0577536      	2.7315853e-07
0.0577823      	2.7296862e-07
0.057811       	2.7277803e-07
0.0578396      	2.7258755e-07
0.0578683      	2.7239640e-07
0.0578969      	2.7220535e-07
0.0579255      	2.7201363e-07
0.0579542      	2.7182202e-07
0.0579828      	2.7162975e-07
0.0580114      	2.7143735e-07
0.05804        	2.7124393e-07
0.0580685      	2.7105063e-07
0.0580971      	2.7085667e-07
0.0581257      	2.7066282e-07
0.0581542      	2.7046832e-07
0.0581827      	2.7027394e-07
0.0582113      	2.7007891e-07
0.0582398      	2.6988400e-07
0.0582683      	2.6968843e-07
0.0582968      	2.6949299e-07
0.0583253      	2.6929690e-07
0.0583537      	2.6910093e-07
0.0583822      	2.6890432e-07
0.0584107      	2.6870783e-07
0.0584391      	2.6851070e-07
0.0584675      	2.6831370e-07
0.0584959      	2.6811605e-07
0.0585244      	2.6791854e-07
0.0585528      	2.6772038e-07
0.0585811      	2.6752235e-07
0.0586095      	2.6732369e-07
0.0586379      	2.6712516e-07
0.0586663      	2.6692600e-07
0.0586946      	2.6672697e-07
0.0587229      	2.6652732e-07
0.0587513      	2.6632780e-07
0.0587796      	2.6612764e-07
0.0588079      	2.6592763e-07
0.0588362      	2.6572699e-07
0.0588645      	2.6552649e-07
0.0588928      	2.6532536e-07
0.058921       	2.6512439e-07
0.0589493      	2.6492279e-07
0.0589775      	2.6472134e-07
0.0590058      	2.6451939e-07
0.059034       	2.6431805e-07
0.0590622      	2.6411610e-07
0.0590904      	2.6391429e-07
0.0591186      	2.6371186e-07
0.0591468      	2.6350959e-07
0.059175       	2.6330669e-07
0.0592031      	2.6310394e-07
0.0592313      	2.6290058e-07
0.0592594      	2.6269736e-07
0.0592876      	2.6249354e-07
0.0593157      	2.6228987e-07
0.0593438      	2.6208558e-07
0.0593719      	2.6188145e-07
0.0594         	2.6167672e-07
0.0594281      	2.6147213e-07
0.0594562      	2.6126694e-07
0.0594842      	2.6106190e-07
0.0595123      	2.6085626e-07
0.0595403      	2.6065077e-07
0.0595684      	2.6044468e-07
0.0595964      	2.6023875e-07
0.0596244      	2.6003222e-07
0.0596524      	2.5982584e-07
0.0596804      	2.5961887e-07
0.0597084      	2.5941205e-07
0.0597364      	2.5920464e-07
0.0597643      	2.5899739e-07
0.0597923      	2.5878954e-07
0.0598202      	2.5858185e-07
0.0598482      	2.5837356e-07
0.0598761      	2.5816543e-07
0.059904       	2.5795671e-07
0.0599319      	2.5774815e-07
0.0599598      	2.5753900e-07
0.0599877      	2.5733001e-07
0.0600156      	2.5712043e-07
0.0600434      	2.5691101e-07
0.0600713      	2.5670100e-07
0.0600991      	2.5649115e-07
0.060127       	2.5628072e-07
0.0601548      	2.5607044e-07
0.0601826      	2.5585958e-07
0.0602104      	2.5564887e-07
0.0602382      	2.5543758e-07
0.060266       	2.5522645e-07
0.0602938      	2.5501474e-07
0.0603216      	2.5480318e-07
0.0603493      	2.5459104e-07
0.0603771      	2.5437906e-07
0.0604048      	2.5416649e-07
0.0604325      	2.5395408e-07
0.0604603      	2.5374109e-07
0.060488       	2.5352826e-07
0.0605157      	2.5331485e-07
0.0605434      	2.5310160e-07
0.0605711      	2.5288776e-07
0.0605987      	2.5267410e-07
0.0606264      	2.5245984e-07
0.060654       	2.5224575e-07
0.0606817      	2.5203107e-07
0.0607093      	2.5181655e-07
0.0607369      	2.5160145e-07
0.0607646      	2.5138652e-07
0.0607922      	2.5117101e-07
0.0608198      	2.5095565e-07
0.0608473      	2.5073972e-07
0.0608749      	2.5052395e-07
0.0609025      	2.5030761e-07
0.06093        	2.5009142e-07
0.0609576      	2.4987467e-07
0.0609851      	2.4965806e-07
0.0610127      	2.4944089e-07
0.0610402      	2.4922387e-07
0.0610677      	2.4900628e-07
0.0610952      	2.4878885e-07
0.0611227      	2.4857084e-07
0.0611502      	2.4835300e-07
0.0611776      	2.4813458e-07
0.0612051      	2.4791632e-07
0.0612326      	2.4769748e-07
0.06126        	2.4747880e-07
0.0612874      	2.4725955e-07
0.0613149      	2.4704045e-07
0.0613423      	2.4682078e-07
0.0613697      	2.4660128e-07
0.0613971      	2.4638120e-07
0.0614245      	2.4616127e-07
0.0614519      	2.4594076e-07
0.0614792      	2.4572041e-07
0.0615066      	2.4549948e-07
0.0615339      	2.4527872e-07
0.0615613      	2.4505738e-07
0.0615886      	2.4483619e-07
0.0616159      	2.4461443e-07
0.0616433      	2.4439283e-07
0.0616706      	2.4417066e-07
0.0616979      	2.4394863e-07
0.0617251      	2.4372603e-07
0.0617524      	2.4350360e-07
0.0617797      	2.4328060e-07
0.0618069      	2.4305775e-07
0.0618342      	2.4283434e-07
0.0618614      	2.4261107e-07
0.0618887      	2.4238724e-07
0.0619159      	2.4216355e-07
0.0619431      	2.4193930e-07
0.0619703      	2.4171520e-07
0.0619975      	2.4149054e-07
0.0620247      	2.4126602e-07
0.0620519      	2.4104094e-07
0.062079       	2.4081601e-07
0.0621062      	2.4059050e-07
0.0621333      	2.4036516e-07
0.0621605      	2.4013924e-07
0.0621876      	2.3991347e-07
0.0622147      	2.3968713e-07
0.0622419      	2.3946094e-07
0.062269       	2.3923417e-07
0.0622961      	2.3900756e-07
0.0623231      	2.3878037e-07
0.0623502      	2.3855334e-07
0.0623773      	2.3832573e-07
0.0624043      	2.3809827e-07
0.0624314      	2.3787024e-07
0.0624584      	2.3764236e-07
0.0624855      	2.3741390e-07
0.0625125      	2.3718559e-07
0.0625395      	2.3695672e-07
0.0625665      	2.3672798e-07
0.0625935      	2.3649868e-07
0.0626205      	2.3626952e-07
0.0626475      	2.3603979e-07
0.0626744      	2.3581021e-07
0.0627014      	2.3558006e-07
0.0627284      	2.3535005e-07
0.0627553      	2.3511947e-07
0.0627822      	2.3488903e-07
0.0628092      	2.3465803e-07
0.0628361      	2.3442717e-07
0.062863       	2.3419575e-07
0.0628899      	2.3396446e-07
0.0629168      	2.3373261e-07
0.0629437      	2.3350090e-07
0.0629705      	2.3326863e-07
0.0629974      	2.3303649e-07
0.0630243      	2.3280328e-07
0.0630511      	2.3257015e-07
0.0630779      	2.3233646e-07
0.0631048      	2.3210291e-07
0.0631316      	2.3186879e-07
0.0631584      	2.3163481e-07
0.0631852      	2.3140026e-07
0.063212       	2.3116585e-07
0.0632388      	2.3093087e-07
0.0632656      	2.3069602e-07
0.0632923      	2.3046061e-07
0.0633191      	2.3022533e-07
0.0633458      	2.2998950e-07
0.0633726      	2.2975379e-07
0.0633993      	2.2951751e-07
0.063426       	2.2928136e-07
0.0634528      	2.2904465e-07
0.0634795      	2.2880807e-07
0.0635062      	2.2857092e-07
0.0635329      	2.2833390e-07
0.0635595      	2.2809632e-07
0.0635862      	2.2785887e-07
0.0636129      	2.2762084e-07
0.0636395      	2.2738295e-07
0.0636662      	2.2714449e-07
0.0636928      	2.2690616e-07
0.0637195      	2.2666726e-07
0.0637461      	2.2642849e-07
0.0637727      	2.2618916e-07
0.0637993      	2.2594996e-07
0.0638259      	2.2571019e-07
0.0638525      	2.2547054e-07
0.0638791      	2.2523034e-07
0.0639056      	2.2499026e-07
0.0639322      	2.2474961e-07
0.0639587      	2.2450909e-07
0.0639853      	2.2426800e-07
0.0640118      	2.2402729e-07
0.0640384      	2.2378631e-07
0.0640649      	2.2354547e-07
0.0640914      	2.2330405e-07
0.0641179      	2.2306276e-07
0.0641444      	2.2282091e-07
0.0641709      	2.2257919e-07
0.0641974      	2.2233690e-07
0.0642238      	2.2209474e-07
0.0642503      	2.2185201e-07
0.0642767      	2.2160940e-07
0.0643032      	2.2136623e-07
0.0643296      	2.2112319e-07
0.0643561      	2.2087958e-07
0.0643825      	2.2063608e-07
0.0644089      	2.2039202e-07
0.0644353      	2.2014807e-07
0.0644617      	2.1990357e-07
0.0644881      	2.1965918e-07
0.0645144      	2.1941424e-07
0.0645408      	2.1916941e-07
0.0645672      	2.1892402e-07
0.0645935      	2.1867875e-07
0.0646199      	2.1843292e-07
0.0646462      	2.1818720e-07
0.0646725      	2.1794091e-07
0.0646989      	2.1769475e-07
0.0647252      	2.1744802e-07
0.0647515      	2.1720141e-07
0.0647778      	2.1695424e-07
0.0648041      	2.1670720e-07
0.0648303      	2.1645959e-07
0.0648566      	2.1621210e-07
0.0648829      	2.1596405e-07
0.0649091      	2.1571611e-07
0.0649354      	2.1546762e-07
0.0649616      	2.1521924e-07
0.0649878      	2.1497030e-07
0.0650141      	2.1472148e-07
0.0650403      	2.1447210e-07
0.0650665      	2.1422283e-07
0.0650927      	2.1397300e-07
0.0651189      	2.1372330e-07
0.065145       	2.1347303e-07
0.0651712      	2.1322288e-07
0.0651974      	2.1297216e-07
0.0652235      	2.1272156e-07
0.0652497      	2.1247040e-07
0.0652758      	2.1221935e-07
0.065302       	2.1196775e-07
0.0653281      	2.1171625e-07
0.0653542      	2.1146420e-07
0.0653803      	2.1121226e-07
0.0654064      	2.1095976e-07
0.0654325      	2.1070738e-07
0.0654586      	2.1045444e-07
0.0654847      	2.1020161e-07
0.0655107      	2.0994823e-07
0.0655368      	2.0969495e-07
0.0655628      	2.0944113e-07
0.0655889      	2.0918741e-07
0.0656149      	2.0893313e-07
0.0656409      	2.0867897e-07
0.065667       	2.0842426e-07
0.065693       	2.0816965e-07
0.065719       	2.0791448e-07
0.065745       	2.0765943e-07
0.065771       	2.0740381e-07
0.0657969      	2.0714832e-07
0.0658229      	2.0689226e-07
0.0658489      	2.0663632e-07
0.0658748      	2.0637982e-07
0.0659008      	2.0612343e-07
0.0659267      	2.0586649e-07
0.0659527      	2.0560967e-07
0.0659786      	2.0535228e-07
0.0660045      	2.0509501e-07
0.0660304      	2.0483719e-07
0.0660563      	2.0457947e-07
0.0660822      	2.0432120e-07
0.0661081      	2.0406303e-07
0.066134       	2.0380432e-07
0.0661598      	2.0354571e-07
0.0661857      	2.0328655e-07
0.0662115      	2.0302749e-07
0.0662374      	2.0276789e-07
0.0662632      	2.0250839e-07
0.0662891      	2.0224835e-07
0.0663149      	2.0198841e-07
0.0663407      	2.0172792e-07
0.0663665      	2.0146754e-07
0.0663923      	2.0120661e-07
0.0664181      	2.0094579e-07
0.0664439      	2.0068442e-07
0.0664696      	2.0042316e-07
0.0664954      	2.0016135e-07
0.0665212      	1.9989965e-07
0.0665469      	1.9963740e-07
0.0665727      	1.9937525e-07
0.0665984      	1.9911255e-07
0.0666241      	1.9884997e-07
0.0666499      	1.9858683e-07
0.0666756      	1.9832381e-07
0.0667013      	1.9806024e-07
0.066727       	1.9779678e-07
0.0667527      	1.9753277e-07
0.0667784      	1.9726887e-07
0.066804       	1.9700443e-07
0.0668297      	1.9674009e-07
0.0668554      	1.9647520e-07
0.066881       	1.9621043e-07
0.0669067      	1.9594511e-07
0.0669323      	1.9567989e-07
0.0669579      	1.9541414e-07
0.0669835      	1.9514849e-07
0.0670092      	1.9488211e-07
0.0670348      	1.9461549e-07
0.0670604      	1.9434834e-07
0.0670859      	1.9408129e-07
0.0671115      	1.9381371e-07
0.0671371      	1.9354622e-07
0.0671627      	1.9327820e-07
0.0671882      	1.9301029e-07
0.0672138      	1.9274183e-07
0.0672393      	1.9247347e-07
0.0672649      	1.9220458e-07
0.0672904      	1.9193580e-07
0.0673159      	1.9166648e-07
0.0673414      	1.9139727e-07
0.067367       	1.9112751e-07
0.0673925      	1.9085786e-07
0.067418       	1.9058767e-07
0.0674434      	1.9031759e-07
0.0674689      	1.9004698e-07
0.0674944      	1.8977646e-07
0.0675199      	1.8950541e-07
0.0675453      	1.8923447e-07
0.0675708      	1.8896299e-07
0.0675962      	1.8869162e-07
0.0676216      	1.8841971e-07
0.0676471      	1.8814791e-07
0.0676725      	1.8787557e-07
0.0676979      	1.8760333e-07
0.0677233      	1.8733056e-07
0.0677487      	1.8705790e-07
0.0677741      	1.8678471e-07
0.0677995      	1.8651161e-07
0.0678248      	1.8623799e-07
0.0678502      	1.8596447e-07
0.0678756      	1.8569042e-07
0.0679009      	1.8541648e-07
0.0679263      	1.8514201e-07
0.0679516      	1.8486765e-07
0.0679769      	1.8459276e-07
0.0680023      	1.8431802e-07
0.0680276      	1.8404323e-07
0.0680529      	1.8376856e-07
0.0680782      	1.8349335e-07
0.0681035      	1.8321825e-07
0.0681288      	1.8294262e-07
0.068154       	1.8266710e-07
0.0681793      	1.8239106e-07
0.0682046      	1.8211512e-07
0.0682298      	1.8183865e-07
0.0682551      	1.8156230e-07
0.0682803      	1.8128541e-07
0.0683056      	1.8100864e-07
0.0683308      	1.8073134e-07
0.068356       	1.8045414e-07
0.0683812      	1.8017643e-07
0.0684064      	1.7989881e-07
0.0684316      	1.7962068e-07
0.0684568      	1.7934266e-07
0.068482       	1.7906412e-07
0.0685072      	1.7878569e-07
0.0685324      	1.7850674e-07
0.0685575      	1.7822789e-07
0.0685827      	1.7794853e-07
0.0686078      	1.7766928e-07
0.068633       	1.7738950e-07
0.0686581      	1.7710984e-07
0.0686832      	1.7682965e-07
0.0687083      	1.7654958e-07
0.0687335      	1.7626898e-07
0.0687586      	1.7598850e-07
0.0687837      	1.7570750e-07
0.0688088      	1.7542661e-07
0.0688338      	1.7514520e-07
0.0688589      	1.7486391e-07
0.068884       	1.7458210e-07
0.068909       	1.7430039e-07
0.0689341      	1.7401818e-07
0.0689591      	1.7373607e-07
0.0689842      	1.7345345e-07
0.0690092      	1.7317094e-07
0.0690343      	1.7288792e-07
0.0690593      	1.7260502e-07
0.0690843      	1.7232161e-07
0.0691093      	1.7203831e-07
0.0691343      	1.7175450e-07
0.0691593      	1.7147080e-07
0.0691843      	1.7118659e-07
0.0692092      	1.7090250e-07
0.0692342      	1.7061789e-07
0.0692592      	1.7033340e-07
0.0692841      	1.7004840e-07
0.0693091      	1.6976351e-07
0.069334       	1.6947812e-07
0.069359       	1.6919284e-07
0.0693839      	1.6890705e-07
0.0694088      	1.6862138e-07
0.0694337      	1.6833520e-07
0.0694586      	1.6804913e-07
0.0694835      	1.6776256e-07
0.0695084      	1.6747610e-07
0.0695333      	1.6718913e-07
0.0695582      	1.6690228e-07
0.0695831      	1.6661492e-07
0.0696079      	1.6632768e-07
0.0696328      	1.6603994e-07
0.0696576      	1.6575232e-07
0.0696825      	1.6546419e-07
0.0697073      	1.6517618e-07
0.0697321      	1.6488766e-07
0.069757       	1.6459927e-07
0.0697818      	1.6431037e-07
0.0698066      	1.6402159e-07
0.0698314      	1.6373231e-07
0.0698562      	1.6344315e-07
0.069881       	1.6315349e-07
0.0699058      	1.6286395e-07
0.0699305      	1.6257390e-07
0.0699553      	1.6228398e-07
0.0699801      	1.6199356e-07
0.0700048      	1.6170325e-07
0.0700296      	1.6141245e-07
0.0700543      	1.6112177e-07
0.070079       	1.6083060e-07
0.0701038      	1.6053954e-07
0.0701285      	1.6024799e-07
0.0701532      	1.5995656e-07
0.0701779      	1.5966464e-07
0.0702026      	1.5937283e-07
0.0702273      	1.5908053e-07
0.070252       	1.5878836e-07
0.0702767      	1.5849569e-07
0.0703013      	1.5820313e-07
0.070326       	1.5791009e-07
0.0703507      	1.5761716e-07
0.0703753      	1.5732375e-07
0.0704         	1.5703045e-07
0.0704246      	1.5673667e-07
0.0704492      	1.5644301e-07
0.0704739      	1.5614886e-07
0.0704985      	1.5585483e-07
0.0705231      	1.5556031e-07
0.0705477      	1.5526591e-07
0.0705723      	1.5497102e-07
0.0705969      	1.5467626e-07
0.0706215      	1.5438101e-07
0.070646       	1.5408588e-07
0.0706706      	1.5379027e-07
0.0706952      	1.5349478e-07
0.0707197      	1.5319881e-07
0.0707443      	1.5290296e-07
0.0707688      	1.5260663e-07
0.0707934      	1.5231042e-07
0.0708179      	1.5201373e-07
0.0708424      	1.5171716e-07
0.0708669      	1.5142012e-07
0.0708914      	1.5112320e-07
0.0709159      	1.5082581e-07
0.0709404      	1.5052853e-07
0.0709649      	1.5023078e-07
0.0709894      	1.4993316e-07
0.0710139      	1.4963477e-07
0.0710384      	1.4933628e-07
0.0710628      	1.4903732e-07
0.0710873      	1.4873849e-07
0.0711117      	1.4843920e-07
0.0711362      	1.4814002e-07
0.0711606      	1.4784037e-07
0.0711851      	1.4754084e-07
0.0712095      	1.4724083e-07
0.0712339      	1.4694096e-07
0.0712583      	1.4664062e-07
0.0712827      	1.4634040e-07
0.0713071      	1.4603971e-07
0.0713315      	1.4573915e-07
0.0713559      	1.4543812e-07
0.0713803      	1.4513721e-07
0.0714046      	1.4483584e-07
0.071429       	1.4453459e-07
0.0714534      	1.4423288e-07
0.0714777      	1.4393129e-07
0.0715021      	1.4362924e-07
0.0715264      	1.4332731e-07
0.0715507      	1.4302491e-07
0.0715751      	1.4272265e-07
0.0715994      	1.4241992e-07
0.0716237      	1.4211731e-07
0.071648       	1.4181425e-07
0.0716723      	1.4151131e-07
0.0716966      	1.4120792e-07
0.0717209      	1.4090465e-07
0.0717452      	1.4060091e-07
0.0717694      	1.4029731e-07
0.0717937      	1.3999325e-07
0.071818       	1.3968932e-07
0.0718422      	1.3938493e-07
0.0718665      	1.3908068e-07
0.0718907      	1.3877596e-07
0.0719149      	1.3847138e-07
0.0719392      	1.3816635e-07
0.0719634      	1.3786144e-07
0.0719876      	1.3755608e-07
0.0720118      	1.3725109e-07
0.072036       	1.3694591e-07
0.0720602      	1.3664086e-07
0.0720844      	1.3633536e-07
0.0721086      	1.3603000e-07
0.0721328      	1.3572418e-07
0.072157       	1.3541849e-07
0.0721811      	1.3511235e-07
0.0722053      	1.3480633e-07
0.0722294      	1.3449987e-07
0.0722536      	1.3419354e-07
0.0722777      	1.3388677e-07
0.0723019      	1.3358012e-07
0.072326       	1.3327303e-07
0.0723501      	1.3296607e-07
0.0723742      	1.3265867e-07
0.0723983      	1.3235140e-07
0.0724224      	1.3204369e-07
0.0724465      	1.3173611e-07
0.0724706      	1.3142809e-07
0.0724947      	1.3112021e-07
0.0725188      	1.3081189e-07
0.0725428      	1.3050369e-07
0.0725669      	1.3019506e-07
0.072591       	1.2988655e-07
0.072615       	1.2957760e-07
0.0726391      	1.2926879e-07
0.0726631      	1.2895953e-07
0.0726871      	1.2865041e-07
0.0727112      	1.2834085e-07
0.0727352      	1.2803143e-07
0.0727592      	1.2772157e-07
0.0727832      	1.2741185e-07
0.0728072      	1.2710168e-07
0.0728312      	1.2679165e-07
0.0728552      	1.2648118e-07
0.0728792      	1.2617086e-07
0.0729031      	1.2586010e-07
0.0729271      	1.2554947e-07
0.0729511      	1.2523841e-07
0.072975       	1.2492750e-07
0.072999       	1.2461615e-07
0.0730229      	1.2430494e-07
0.0730469      	1.2399330e-07
0.0730708      	1.2368179e-07
0.0730947      	1.2336985e-07
0.0731186      	1.2305803e-07
0.0731425      	1.2274579e-07
0.0731665      	1.2243368e-07
0.0731904      	1.2212114e-07
0.0732143      	1.2180874e-07
0.0732381      	1.2149591e-07
0.073262       	1.2118324e-07
0.0732859      	1.2087012e-07
0.0733098      	1.2055715e-07
0.0733336      	1.2024374e-07
0.0733575      	1.1993047e-07
0.0733813      	1.1961677e-07
0.0734052      	1.1930321e-07
0.073429       	1.1898923e-07
0.0734529      	1.1867540e-07
0.0734767      	1.1836114e-07
0.0735005      	1.1804702e-07
0.0735243      	1.1773248e-07
0.0735481      	1.1741807e-07
0.0735719      	1.1710324e-07
0.0735957      	1.1678855e-07
0.0736195      	1.1647344e-07
0.0736433      	1.1615848e-07
0.0736671      	1.1584308e-07
0.0736909      	1.1552784e-07
0.0737146      	1.1521216e-07
0.0737384      	1.1489664e-07
0.0737621      	1.1458070e-07
0.0737859      	1.1426490e-07
0.0738096      	1.1394867e-07
0.0738334      	1.1363259e-07
0.0738571      	1.1331608e-07
0.0738808      	1.1299972e-07
0.0739045      	1.1268295e-07
0.0739283      	1.1236632e-07
0.073952       	1.1204928e-07
0.0739757      	1.1173237e-07
0.0739993      	1.1141503e-07
0.074023       	1.1109785e-07
0.0740467      	1.1078025e-07
0.0740704      	1.1046280e-07
0.0740941      	1.1014494e-07
0.0741177      	1.0982723e-07
0.0741414      	1.0950910e-07
0.074165       	1.0919112e-07
0.0741887      	1.0887272e-07
0.0742123      	1.0855447e-07
0.074236       	1.0823582e-07
0.0742596      	1.0791730e-07
0.0742832      	1.0759839e-07
0.0743068      	1.0727962e-07
0.0743304      	1.0696044e-07
0.074354       	1.0664141e-07
0.0743776      	1.0632197e-07
0.0744012      	1.0600267e-07
0.0744248      	1.0568298e-07
0.0744484      	1.0536344e-07
0.074472       	1.0504349e-07
0.0744955      	1.0472368e-07
0.0745191      	1.0440347e-07
0.0745426      	1.0408341e-07
0.0745662      	1.0376293e-07
0.0745897      	1.0344260e-07
0.0746133      	1.0312187e-07
0.0746368      	1.0280129e-07
0.0746603      	1.0248031e-07
0.0746839      	1.0215948e-07
0.0747074      	1.0183826e-07
0.0747309      	1.0151718e-07
0.0747544      	1.0119570e-07
0.0747779      	1.0087437e-07
0.0748014      	1.0055263e-07
0.0748249      	1.0023105e-07
0.0748483      	9.9909061e-08
0.0748718      	9.9587230e-08
0.0748953      	9.9264993e-08
0.0749187      	9.8942910e-08
0.0749422      	9.8620430e-08
0.0749656      	9.8298105e-08
0.0749891      	9.7975382e-08
0.0750125      	9.7652546e-08
0.075036       	9.7329087e-08
0.0750594      	9.7005781e-08
0.0750828      	9.6682080e-08
0.0751062      	9.6358525e-08
0.0751296      	9.6034572e-08
0.075153       	9.5710779e-08
0.0751764      	9.5386593e-08
0.0751998      	9.5062564e-08
0.0752232      	9.4738133e-08
0.0752466      	9.4413860e-08
0.07527        	9.4089188e-08
0.0752933      	9.3764678e-08
0.0753167      	9.3439770e-08
0.0753401      	9.3115008e-08
0.0753634      	9.2789845e-08
0.0753868      	9.2464837e-08
0.0754101      	9.2139426e-08
0.0754334      	9.1814173e-08
0.0754568      	9.1488532e-08
0.0754801      	9.1163052e-08
0.0755034      	9.0837181e-08
0.0755267      	9.0511465e-08
0.07555        	9.0185352e-08
0.0755733      	8.9859401e-08
0.0755966      	8.9533062e-08
0.0756199      	8.9206875e-08
0.0756432      	8.8880301e-08
0.0756665      	8.8553884e-08
0.0756897      	8.8227079e-08
0.075713       	8.7900425e-08
0.0757363      	8.7573384e-08
0.0757595      	8.7246496e-08
0.0757828      	8.6919216e-08
0.075806       	8.6592090e-08
0.0758293      	8.6264578e-08
0.0758525      	8.5937211e-08
0.0758757      	8.5609448e-08
0.0758989      	8.5281830e-08
0.0759221      	8.4953829e-08
0.0759454      	8.4625991e-08
0.0759686      	8.4297759e-08
0.0759918      	8.3969687e-08
0.076015       	8.3641550e-08
0.0760381      	8.3313747e-08
0.0760613      	8.2985555e-08
0.0760845      	8.2657524e-08
0.0761077      	8.2329103e-08
0.0761308      	8.2000852e-08
0.076154       	8.1672244e-08
0.0761771      	8.1343799e-08
0.0762003      	8.1014974e-08
0.0762234      	8.0686305e-08
0.0762466      	8.0357273e-08
0.0762697      	8.0028412e-08
0.0762928      	7.9699165e-08
0.0763159      	7.9370079e-08
0.0763391      	7.9040622e-08
0.0763622      	7.8711325e-08
0.0763853      	7.8381653e-08
0.0764084      	7.8052150e-08
0.0764315      	7.7722271e-08
0.0764545      	7.7392574e-08
0.0764776      	7.7062512e-08
0.0765007      	7.6732600e-08
0.0765238      	7.6402313e-08
0.0765468      	7.6072203e-08
0.0765699      	7.5741713e-08
0.0765929      	7.5411387e-08
0.076616       	7.5080707e-08
0.076639       	7.4750197e-08
0.0766621      	7.4419313e-08
0.0766851      	7.4088589e-08
0.0767081      	7.3757504e-08
0.0767311      	7.3426596e-08
0.0767542      	7.3095323e-08
0.0767772      	7.2764225e-08
0.0768002      	7.2432768e-08
0.0768232      	7.2101490e-08
0.0768462      	7.1769855e-08
0.0768691      	7.1438383e-08
0.0768921      	7.1106525e-08
0.0769151      	7.0774826e-08
0.0769381      	7.0442767e-08
0.076961       	7.0110883e-08
0.076984       	6.9778640e-08
0.0770069      	6.9446568e-08
0.0770299      	6.9114140e-08
0.0770528      	6.8781915e-08
0.0770758      	6.8449342e-08
0.0770987      	6.8116936e-08
0.0771216      	6.7784164e-08
0.0771445      	6.7451568e-08
0.0771675      	6.7118625e-08
0.0771904      	6.6785866e-08
0.0772133      	6.6452739e-08
0.0772362      	6.6119780e-08
0.0772591      	6.5786459e-08
0.077282       	6.5453336e-08
0.0773048      	6.5119894e-08
0.0773277      	6.4786627e-08
0.0773506      	6.4453002e-08
0.0773734      	6.4119545e-08
0.0773963      	6.3785728e-08
0.0774192      	6.3452085e-08
0.077442       	6.3118125e-08
0.0774649      	6.2784338e-08
0.0774877      	6.2450206e-08
0.0775105      	6.2116253e-08
0.0775334      	6.1781958e-08
0.0775562      	6.1447858e-08
0.077579       	6.1113423e-08
0.0776018      	6.0779159e-08
0.0776246      	6.0444549e-08
0.0776474      	6.0110120e-08
0.0776702      	5.9775360e-08
0.077693       	5.9440773e-08
0.0777158      	5.9105849e-08
0.0777386      	5.8771099e-08
0.0777613      	5.8436007e-08
0.0777841      	5.8101084e-08
0.0778069      	5.7765807e-08
0.0778296      	5.7430725e-08
0.0778524      	5.7095326e-08
0.0778751      	5.6760100e-08
0.0778979      	5.6424548e-08
0.0779206      	5.6089165e-08
0.0779433      	5.5753434e-08
0.0779661      	5.5417902e-08
0.0779888      	5.5082018e-08
0.0780115      	5.4746331e-08
0.0780342      	5.4410335e-08
0.0780569      	5.4074530e-08
0.0780796      	5.3738370e-08
0.0781023      	5.3402378e-08
0.078125       	5.3066045e-08
0.0781477      	5.2729893e-08
0.0781704      	5.2393420e-08
0.078193       	5.2057150e-08
0.0782157      	5.1720532e-08
0.0782384      	5.1384099e-08
0.078261       	5.1047335e-08
0.0782837      	5.0710763e-08
0.0783063      	5.0373855e-08
0.078329       	5.0037137e-08
0.0783516      	4.9700084e-08
0.0783742      	4.9363214e-08
0.0783969      	4.9026001e-08
0.0784195      	4.8688953e-08
0.0784421      	4.8351556e-08
0.0784647      	4.8014352e-08
0.0784873      	4.7676809e-08
0.0785099      	4.7339461e-08
0.0785325      	4.7001773e-08
0.0785551      	4.6664275e-08
0.0785777      	4.6326458e-08
0.0786003      	4.5988859e-08
0.0786228      	4.5650923e-08
0.0786454      	4.5313175e-08
0.078668       	4.4975066e-08
0.0786905      	4.4637141e-08
0.0787131      	4.4298871e-08
0.0787356      	4.3960789e-08
0.0787582      	4.3622382e-08
0.0787807      	4.3284137e-08
0.0788032      	4.2945565e-08
0.0788258      	4.2607176e-08
0.0788483      	4.2268495e-08
0.0788708      	4.1930027e-08
0.0788933      	4.1591223e-08
0.0789158      	4.1252611e-08
0.0789383      	4.0913682e-08
0.0789608      	4.0574924e-08
0.0789833      	4.0235834e-08
0.0790058      	3.9896818e-08
0.0790283      	3.9557114e-08
0.0790508      	3.9217594e-08
0.0790732      	3.8877766e-08
0.0790957      	3.8538137e-08
0.0791182      	3.8198185e-08
0.0791406      	3.7858441e-08
0.0791631      	3.7518366e-08
0.0791855      	3.7178452e-08
0.0792079      	3.6838226e-08
0.0792304      	3.6498184e-08
0.0792528      	3.6157830e-08
0.0792752      	3.5817662e-08
0.0792977      	3.5477186e-08
0.0793201      	3.5136883e-08
0.0793425      	3.4796254e-08
0.0793649      	3.4455835e-08
0.0793873      	3.4115107e-08
0.0794097      	3.3774556e-08
0.0794321      	3.3433695e-08
0.0794544      	3.3093009e-08
0.0794768      	3.2752003e-08
0.0794992      	3.2411201e-08
0.0795216      	3.2070056e-08
0.0795439      	3.1729072e-08
0.0795663      	3.1387797e-08
0.0795886      	3.1046703e-08
0.079611       	3.0705266e-08
0.0796333      	3.0364017e-08
0.0796557      	3.0022476e-08
0.079678       	2.9681123e-08
0.0797003      	2.9339456e-08
0.0797227      	2.8997986e-08
0.079745       	2.8656182e-08
0.0797673      	2.8314561e-08
0.0797896      	2.7972631e-08
0.0798119      	2.7630886e-08
0.0798342      	2.7288819e-08
0.0798565      	2.6946946e-08
0.0798788      	2.6604764e-08
0.0799011      	2.6262779e-08
0.0799233      	2.5920475e-08
0.0799456      	2.5578352e-08
0.0799679      	2.5235927e-08
0.0799901      	2.4893678e-08
0.0800124      	2.4520635e-08
0.0800347      	2.4123560e-08
0.0800569      	2.3726207e-08
0.0800792      	2.3329052e-08
0.0801014      	2.2931593e-08
0.0801236      	2.2534299e-08
0.0801459      	2.2136668e-08
0.0801681      	2.1739207e-08
0.0801904      	2.1341420e-08
0.0802126      	2.0943811e-08
0.0802348      	2.0545813e-08
0.0802571      	2.0147947e-08
0.0802793      	1.9749729e-08
0.0803015      	1.9351614e-08
0.0803237      	1.8953151e-08
0.0803459      	1.8554823e-08
0.0803681      	1.8156168e-08
0.0803904      	1.7757606e-08
0.0804126      	1.7358677e-08
0.0804348      	1.6959872e-08
0.080457       	1.6560689e-08
0.0804792      	1.6161616e-08
0.0805014      	1.5762153e-08
0.0805236      	1.5362812e-08
0.0805458      	1.4963083e-08
0.080568       	1.4563428e-08
0.0805901      	1.4163413e-08
0.0806123      	1.3763486e-08
0.0806345      	1.3363154e-08
0.0806567      	1.2962957e-08
0.0806789      	1.2562404e-08
0.080701       	1.2161953e-08
0.0807232      	1.1761123e-08
0.0807454      	1.1360432e-08
0.0807675      	1.0959352e-08
0.0807897      	1.0558341e-08
0.0808119      	1.0156961e-08
0.080834       	9.7556374e-09
0.0808562      	9.3539702e-09
0.0808783      	8.9524204e-09
0.0809005      	8.5504623e-09
0.0809226      	8.1485940e-09
0.0809448      	7.7463417e-09
0.0809669      	7.3441673e-09
0.0809891      	6.9416154e-09
0.0810112      	6.5389100e-09
0.0810333      	6.1356132e-09
0.0810555      	5.7324017e-09
0.0810776      	5.3287836e-09
0.0810997      	4.9252330e-09
0.0811218      	4.5212805e-09
0.0811439      	4.1174490e-09
0.0811661      	3.7132380e-09
0.0811882      	3.3090794e-09
0.0812103      	2.9045139e-09
0.0812324      	2.5000724e-09
0.0812545      	2.0952009e-09
0.0812766      	1.6904247e-09
0.0812987      	1.2852638e-09
0.0813208      	8.8016148e-10
0.0813429      	4.7466705e-10
0.081365       	6.9245363e-11
0.0813871      	-3.3655677e-10
0.0814092      	-7.4227671e-10
0.0814313      	-1.1483954e-09
0.0814534      	-1.5544393e-09
0.0814754      	-1.9608495e-09
0.0814975      	-2.3671935e-09
0.0815196      	-2.7739035e-09
0.0815417      	-3.1805377e-09
0.0815637      	-3.5875703e-09
0.0815858      	-3.9945010e-09
0.0816079      	-4.4018540e-09
0.0816299      	-4.8091322e-09
0.081652       	-5.2167589e-09
0.081674       	-5.6242880e-09
0.0816961      	-6.0322023e-09
0.0817182      	-6.4400641e-09
0.0817402      	-6.8482958e-09
0.0817623      	-7.2564186e-09
0.0817843      	-7.6649170e-09
0.0818063      	-8.0733529e-09
0.0818284      	-8.4821801e-09
0.0818504      	-8.8909202e-09
0.0818724      	-9.3000352e-09
0.0818945      	-9.7090428e-09
0.0819165      	-1.0118466e-08
0.0819385      	-1.0527838e-08
0.0819606      	-1.0937618e-08
0.0819826      	-1.1347260e-08
0.0820046      	-1.1757230e-08
0.0820266      	-1.2167117e-08
0.0820486      	-1.2577376e-08
0.0820706      	-1.2987551e-08
0.0820926      	-1.3398125e-08
0.0821146      	-1.3808625e-08
0.0821366      	-1.4219506e-08
0.0821586      	-1.4630302e-08
0.0821806      	-1.5041524e-08
0.0822026      	-1.5452685e-08
0.0822246      	-1.5864214e-08
0.0822466      	-1.6275643e-08
0.0822686      	-1.6687433e-08
0.0822906      	-1.7099129e-08
0.0823126      	-1.7511223e-08
0.0823346      	-1.7923240e-08
0.0823565      	-1.8335624e-08
0.0823785      	-1.8747926e-08
0.0824005      	-1.9160575e-08
0.0824224      	-1.9573144e-08
0.0824444      	-1.9986064e-08
0.0824664      	-2.0398850e-08
0.0824883      	-2.0811993e-08
0.0825103      	-2.1225055e-08
0.0825323      	-2.1638471e-08
0.0825542      	-2.2051773e-08
0.0825762      	-2.2465444e-08
0.0825981      	-2.2879017e-08
0.08262        	-2.3292989e-08
0.082642       	-2.3706862e-08
0.0826639      	-2.4121100e-08
0.0826859      	-2.4535265e-08
0.0827078      	-2.4949796e-08
0.0827297      	-2.5364225e-08
0.0827517      	-2.5778998e-08
0.0827736      	-2.6193686e-08
0.0827955      	-2.6608733e-08
0.0828174      	-2.7023687e-08
0.0828394      	-2.7438983e-08
0.0828613      	-2.7854185e-08
0.0828832      	-2.8269757e-08
0.0829051      	-2.8685230e-08
0.082927       	-2.9101091e-08
0.0829489      	-2.9516812e-08
0.0829708      	-2.9932886e-08
0.0829927      	-3.0348866e-08
0.0830146      	-3.0765173e-08
0.0830365      	-3.1181345e-08
0.0830584      	-3.1597867e-08
0.0830803      	-3.2014256e-08
0.0831022      	-3.2430989e-08
0.0831241      	-3.2847651e-08
0.083146       	-3.3264717e-08
0.0831679      	-3.3681722e-08
0.0831897      	-3.4099073e-08
0.0832116      	-3.4516268e-08
0.0832335      	-3.4933713e-08
0.0832554      	-3.5351079e-08
0.0832772      	-3.5768865e-08
0.0832991      	-3.6186535e-08
0.0833209      	-3.6604539e-08
0.0833428      	-3.7022450e-08
0.0833647      	-3.7440718e-08
0.0833865      	-3.7858827e-08
0.0834084      	-3.8277267e-08
0.0834302      	-3.8695642e-08
0.0834521      	-3.9114387e-08
0.0834739      	-3.9533097e-08
0.0834958      	-3.9952149e-08
0.0835176      	-4.0370920e-08
0.0835394      	-4.0790054e-08
0.0835613      	-4.1209137e-08
0.0835831      	-4.1628584e-08
0.0836049      	-4.2047956e-08
0.0836268      	-4.2467627e-08
0.0836486      	-4.2887100e-08
0.0836704      	-4.3306945e-08
0.0836922      	-4.3726489e-08
0.0837141      	-4.4146444e-08
0.0837359      	-4.4566362e-08
0.0837577      	-4.4986560e-08
0.0837795      	-4.5406669e-08
0.0838013      	-4.5827052e-08
0.0838231      	-4.6247336e-08
0.0838449      	-4.6667955e-08
0.0838667      	-4.7088480e-08
0.0838885      	-4.7509393e-08
0.0839103      	-4.7930082e-08
0.0839321      	-4.8351050e-08
0.0839539      	-4.8771891e-08
0.0839757      	-4.9193154e-08
0.0839975      	-4.9614279e-08
0.0840192      	-5.0035433e-08
0.084041       	-5.0456412e-08
0.0840628      	-5.0877628e-08
0.0840846      	-5.1298600e-08
0.0841063      	-5.1719890e-08
0.0841281      	-5.2141121e-08
0.0841499      	-5.2562772e-08
0.0841716      	-5.2984266e-08
0.0841934      	-5.3406023e-08
0.0842152      	-5.3827682e-08
0.0842369      	-5.4249690e-08
0.0842587      	-5.4671402e-08
0.0842804      	-5.5093486e-08
0.0843022      	-5.5515484e-08
0.0843239      	-5.5937862e-08
0.0843457      	-5.6360121e-08
0.0843674      	-5.6782638e-08
0.0843892      	-5.7204868e-08
0.0844109      	-5.7627545e-08
0.0844326      	-5.8050070e-08
0.0844544      	-5.8472806e-08
0.0844761      	-5.8895250e-08
0.0844978      	-5.9318071e-08
0.0845195      	-5.9740865e-08
0.0845413      	-6.0163890e-08
0.084563       	-6.0586835e-08
0.0845847      	-6.1009974e-08
0.0846064      	-6.1433002e-08
0.0846281      	-6.1856357e-08
0.0846498      	-6.2279648e-08
0.0846715      	-6.2703289e-08
0.0846932      	-6.3126751e-08
0.0847149      	-6.3550495e-08
0.0847366      	-6.3974044e-08
0.0847583      	-6.4397859e-08
0.08478        	-6.4821499e-08
0.0848017      	-6.5245426e-08
0.0848234      	-6.5669417e-08
0.0848451      	-6.6093761e-08
0.0848668      	-6.6517797e-08
0.0848885      	-6.6942200e-08
0.0849101      	-6.7366484e-08
0.0849318      	-6.7791080e-08
0.0849535      	-6.8215470e-08
0.0849752      	-6.8640300e-08
0.0849968      	-6.9064870e-08
0.0850185      	-6.9490120e-08
0.0850402      	-6.9915210e-08
0.0850618      	-7.0340589e-08
0.0850835      	-7.0765820e-08
0.0851051      	-7.1191182e-08
0.0851268      	-7.1616527e-08
0.0851484      	-7.2042219e-08
0.0851701      	-7.2467749e-08
0.0851917      	-7.2893566e-08
0.0852134      	-7.3319313e-08
0.085235       	-7.3745311e-08
0.0852567      	-7.4171209e-08
0.0852783      	-7.4597376e-08
0.0852999      	-7.5023364e-08
0.0853216      	-7.5449542e-08
0.0853432      	-7.5875576e-08
0.0853648      	-7.6301843e-08
0.0853864      	-7.6727880e-08
0.0854081      	-7.7154237e-08
0.0854297      	-7.7580449e-08
0.0854513      	-7.8006900e-08
0.0854729      	-7.8433249e-08
0.0854945      	-7.8859850e-08
0.0855161      	-7.9286312e-08
0.0855378      	-7.9713050e-08
0.0855594      	-8.0139515e-08
0.085581       	-8.0566226e-08
0.0856026      	-8.0992771e-08
0.0856242      	-8.1419670e-08
0.0856458      	-8.1846412e-08
0.0856673      	-8.2273427e-08
0.0856889      	-8.2700261e-08
0.0857105      	-8.3127369e-08
0.0857321      	-8.3554289e-08
0.0857537      	-8.3981412e-08
0.0857753      	-8.4408388e-08
0.0857968      	-8.4835698e-08
0.0858184      	-8.5262893e-08
0.08584        	-8.5690327e-08
0.0858616      	-8.6117606e-08
0.0858831      	-8.6545158e-08
0.0859047      	-8.6972529e-08
0.0859263      	-8.7400125e-08
0.0859478      	-8.7827505e-08
0.0859694      	-8.8255183e-08
0.0859909      	-8.8682639e-08
0.0860125      	-8.9110407e-08
0.086034       	-8.9537984e-08
0.0860556      	-8.9965827e-08
0.0860771      	-9.0393554e-08
0.0860987      	-9.0821458e-08
0.0861202      	-9.1249159e-08
0.0861418      	-9.1677130e-08
0.0861633      	-9.2104934e-08
0.0861848      	-9.2533011e-08
0.0862064      	-9.2960954e-08
0.0862279      	-9.3389151e-08
0.0862494      	-9.3817153e-08
0.0862709      	-9.4245411e-08
0.0862925      	-9.4673500e-08
0.086314       	-9.5101826e-08
0.0863355      	-9.5529977e-08
0.086357       	-9.5958419e-08
0.0863785      	-9.6386692e-08
0.0864         	-9.6815237e-08
0.0864215      	-9.7243618e-08
0.086443       	-9.7672235e-08
0.0864645      	-9.8100669e-08
0.086486       	-9.8529364e-08
0.0865075      	-9.8957901e-08
0.086529       	-9.9386676e-08
0.0865505      	-9.9815259e-08
0.086572       	-1.0024407e-07
0.0865935      	-1.0067271e-07
0.086615       	-1.0110161e-07
0.0866365      	-1.0153035e-07
0.086658       	-1.0195931e-07
0.0866794      	-1.0238809e-07
0.0867009      	-1.0281712e-07
0.0867224      	-1.0324598e-07
0.0867438      	-1.0367509e-07
0.0867653      	-1.0410402e-07
0.0867868      	-1.0453320e-07
0.0868082      	-1.0496219e-07
0.0868297      	-1.0539144e-07
0.0868512      	-1.0582049e-07
0.0868726      	-1.0624980e-07
0.0868941      	-1.0667891e-07
0.0869155      	-1.0710827e-07
0.086937       	-1.0753744e-07
0.0869584      	-1.0796686e-07
0.0869799      	-1.0839609e-07
0.0870013      	-1.0882557e-07
0.0870227      	-1.0925487e-07
0.0870442      	-1.0968440e-07
0.0870656      	-1.1011375e-07
0.0870871      	-1.1054333e-07
0.0871085      	-1.1097273e-07
0.0871299      	-1.1140237e-07
0.0871513      	-1.1183182e-07
0.0871728      	-1.1226151e-07
0.0871942      	-1.1269101e-07
0.0872156      	-1.1312075e-07
0.087237       	-1.1355030e-07
0.0872584      	-1.1398008e-07
0.0872798      	-1.1440968e-07
0.0873012      	-1.1483951e-07
0.0873226      	-1.1526915e-07
0.087344       	-1.1569903e-07
0.0873654      	-1.1612872e-07
0.0873868      	-1.1655864e-07
0.0874082      	-1.1698837e-07
0.0874296      	-1.1741834e-07
0.087451       	-1.1784812e-07
0.0874724      	-1.1827813e-07
0.0874938      	-1.1870795e-07
0.0875152      	-1.1913800e-07
0.0875366      	-1.1956786e-07
0.087558       	-1.1999795e-07
0.0875793      	-1.2042784e-07
0.0876007      	-1.2085797e-07
0.0876221      	-1.2128790e-07
0.0876434      	-1.2171807e-07
0.0876648      	-1.2214803e-07
0.0876862      	-1.2257824e-07
0.0877075      	-1.2300824e-07
0.0877289      	-1.2343848e-07
0.0877503      	-1.2386851e-07
0.0877716      	-1.2429878e-07
0.087793       	-1.2472885e-07
0.0878143      	-1.2515915e-07
0.0878357      	-1.2558925e-07
0.087857       	-1.2601958e-07
0.0878784      	-1.2644971e-07
0.0878997      	-1.2688007e-07
0.087921       	-1.2731023e-07
0.0879424      	-1.2774062e-07
0.0879637      	-1.2817081e-07
0.087985       	-1.2860123e-07
0.0880064      	-1.2903131e-07
0.0880277      	-1.2946131e-07
0.088049       	-1.2989110e-07
0.0880703      	-1.3032113e-07
0.0880917      	-1.3075095e-07
0.088113       	-1.3118099e-07
0.0881343      	-1.3161084e-07
0.0881556      	-1.3204091e-07
0.0881769      	-1.3247077e-07
0.0881982      	-1.3290086e-07
0.0882195      	-1.3333075e-07
0.0882408      	-1.3376086e-07
0.0882621      	-1.3419076e-07
0.0882834      	-1.3462089e-07
0.0883047      	-1.3505082e-07
0.088326       	-1.3548096e-07
0.0883473      	-1.3591091e-07
0.0883686      	-1.3634107e-07
0.0883899      	-1.3677103e-07
0.0884112      	-1.3720121e-07
0.0884325      	-1.3763119e-07
0.0884537      	-1.3806139e-07
0.088475       	-1.3849138e-07
0.0884963      	-1.3892159e-07
0.0885176      	-1.3935159e-07
0.0885388      	-1.3978181e-07
0.0885601      	-1.4021182e-07
0.0885814      	-1.4064205e-07
0.0886026      	-1.4107208e-07
0.0886239      	-1.4150232e-07
0.0886452      	-1.4193235e-07
0.0886664      	-1.4236260e-07
0.0886877      	-1.4279264e-07
0.0887089      	-1.4322289e-07
0.0887302      	-1.4365294e-07
0.0887514      	-1.4408321e-07
0.0887727      	-1.4451327e-07
0.0887939      	-1.4494354e-07
0.0888151      	-1.4537360e-07
0.0888364      	-1.4580388e-07
0.0888576      	-1.4623396e-07
0.0888788      	-1.4666424e-07
0.0889001      	-1.4709432e-07
0.0889213      	-1.4752461e-07
0.0889425      	-1.4795469e-07
0.0889637      	-1.4838499e-07
0.088985       	-1.4881507e-07
0.0890062      	-1.4924549e-07
0.0890274      	-1.4967602e-07
0.0890486      	-1.5010676e-07
0.0890698      	-1.5053728e-07
0.089091       	-1.5096802e-07
0.0891122      	-1.5139855e-07
0.0891334      	-1.5182929e-07
0.0891546      	-1.5225982e-07
0.0891758      	-1.5269056e-07
0.089197       	-1.5312109e-07
0.0892182      	-1.5355183e-07
0.0892394      	-1.5398236e-07
0.0892606      	-1.5441310e-07
0.0892818      	-1.5484363e-07
0.089303       	-1.5527436e-07
0.0893242      	-1.5570488e-07
0.0893454      	-1.5613561e-07
0.0893665      	-1.5656612e-07
0.0893877      	-1.5699685e-07
0.0894089      	-1.5742736e-07
0.0894301      	-1.5785809e-07
0.0894512      	-1.5828860e-07
0.0894724      	-1.5871932e-07
0.0894936      	-1.5914982e-07
0.0895147      	-1.5958053e-07
0.0895359      	-1.6001103e-07
0.089557       	-1.6044174e-07
0.0895782      	-1.6087223e-07
0.0895994      	-1.6130293e-07
0.0896205      	-1.6173342e-07
0.0896417      	-1.6216411e-07
0.0896628      	-1.6259459e-07
0.0896839      	-1.6302527e-07
0.0897051      	-1.6345575e-07
0.0897262      	-1.6388643e-07
0.0897474      	-1.6431689e-07
0.0897685      	-1.6474757e-07
0.0897896      	-1.6517802e-07
0.0898108      	-1.6560868e-07
0.0898319      	-1.6603913e-07
0.089853       	-1.6646977e-07
0.0898741      	-1.6690021e-07
0.0898953      	-1.6733084e-07
0.0899164      	-1.6776126e-07
0.0899375      	-1.6819189e-07
0.0899586      	-1.6862229e-07
0.0899797      	-1.6905290e-07
0.0900008      	-1.6948330e-07
0.0900219      	-1.6991389e-07
0.090043       	-1.7034427e-07
0.0900641      	-1.7077484e-07
0.0900852      	-1.7120520e-07
0.0901063      	-1.7163576e-07
0.0901274      	-1.7206610e-07
0.0901485      	-1.7249663e-07
0.0901696      	-1.7292695e-07
0.0901907      	-1.7335746e-07
0.0902118      	-1.7378774e-07
0.0902329      	-1.7421822e-07
0.090254       	-1.7464846e-07
0.090275       	-1.7507890e-07
0.0902961      	-1.7550910e-07
0.0903172      	-1.7593948e-07
0.0903383      	-1.7636961e-07
0.0903593      	-1.7679991e-07
0.0903804      	-1.7722993e-07
0.0904012      	-1.7765342e-07
0.0904196      	-1.7803031e-07
0.0904359      	-1.7836316e-07
0.0904501      	-1.7865388e-07
0.0904624      	-1.7890531e-07
0.0904729      	-1.7912040e-07
0.0904818      	-1.7930287e-07
0.0904893      	-1.7945624e-07
0.0904956      	-1.7958431e-07
0.0905008      	-1.7969038e-07
0.090505       	-1.7977766e-07
0.0905086      	-1.7984886e-07
0.0905115      	-1.7990649e-07
0.0905138      	-1.7995255e-07
0.0905157      	-1.7998873e-07
0.0905173      	-1.8001632e-07
0.0905186      	-1.8003638e-07
0.0905196      	-1.8004971e-07
0.0905204      	-1.8005671e-07
0.0905211      	-1.8005749e-07
0.0905216      	-1.8005194e-07
0.090522       	-1.8003974e-07
0.0905224      	-1.8002030e-07
0.0905227      	-1.7999261e-07
0.0905229      	-1.7995522e-07
0.0905231      	-1.7990628e-07
0.0905232      	-1.7984326e-07
0.0905233      	-1.7976305e-07
0.0905234      	-1.7966174e-07
0.0905235      	-1.7953446e-07
0.0905236      	-1.7937497e-07
0.0905236      	-1.7917552e-07
0.0905237      	-1.7892628e-07
0.0905237      	-1.7861528e-07
0.0905237      	-1.7822743e-07
0.0905237      	-1.7774394e-07
0.0905238      	-1.7714151e-07
0.0905238      	-1.7639088e-07
0.0905238      	-1.7545582e-07
0.0905238      	-1.7429109e-07
0.0905238      	-1.7284000e-07
0.0905238      	-1.7103248e-07
0.0905238      	-1.6878114e-07
0.0905238      	-1.6597694e-07
0.0905238      	-1.6248451e-07
0.0905238      	-1.5813485e-07
0.0905238      	-1.5271786e-07
0.0905238      	-1.4597160e-07
0.0905238      	-1.3757089e-07
0.0905238      	-1.2710967e-07
0.0905238      	-1.1408389e-07
0.0905238      	-9.7859248e-08
0.0905238      	-7.7655001e-08
0.0905238      	-5.2494134e-08
0.0905238      	-2.1153792e-08
0.0905238      	1.7872110e-08
0.0905238      	6.6431447e-08
0.0905238      	1.2698047e-07
0.0905238      	2.0242630e-07
0.0905238      	2.9640794e-07
0.0905238      	4.1345242e-07
0.0905238      	5.5923599e-07
0.0905238      	7.4078764e-07
0.0905238      	9.6692628e-07
0.0905238      	1.2485413e-06
0.0905238      	1.5993320e-06
0.0905238      	2.0361582e-06
0.0905238      	2.5803134e-06
0.0905238      	3.2578786e-06
0.0905238      	4.1019732e-06
0.0905238      	5.1529978e-06
0.0905238      	6.4623498e-06
0.0905238      	8.0926816e-06
0.0905238      	1.0123732e-05
0.0905238      	1.2652678e-05
0.0905238      	1.5803216e-05
0.0905238      	1.9726079e-05
0.0905238      	2.4613151e-05
0.0905238      	3.0698243e-05
0.0905238      	3.8279004e-05
0.0905238      	4.7718116e-05
0.0905238      	5.9477294e-05
0.0905238      	7.4119119e-05
0.0905238      	9.2359806e-05
0.0905238      	1.1507201e-04
0.0905238      	1.4336673e-04
0.0905238      	1.7859761e-04
0.0905238      	2.2248802e-04
0.0905238      	2.7713770e-04
0.0905238      	3.4521994e-04
0.0905238      	4.2999181e-04
0.0905238      	5.3560010e-04
0.0905238      	6.6709713e-04
0.0905238      	8.3091536e-04
0.0905238      	1.0348919e-03
0.0905238      	1.2890046e-03
0.0905238      	1.6054103e-03
0.0905238      	1.9995867e-03
0.0905238      	2.4903911e-03
0.0905238      	3.1018325e-03
0.0905238      	3.8631619e-03
0.0905238      	4.8116220e-03
0.0905238      	5.9925863e-03
0.0905238      	7.4638254e-03
0.0905238      	9.2957220e-03
0.0905238      	1.1577889e-02
0.0905238      	1.4419504e-02
0.0905238      	1.7959572e-02
0.0905238      	2.2367447e-02
0.0905238      	2.7858755e-02
0.0905238      	3.4696195e-02
0.0905238      	4.3214242e-02
0.0905238      	5.3820390e-02
0.0905238      	6.7033474e-02
0.0905238      	8.3485594e-02
0.0905238      	1.0398156e-01
0.0905238      	1.2950188e-01
0.0905238      	1.6129496e-01
0.0905238      	2.0088174e-01
0.0905238      	2.5019876e-01
0.0905238      	3.1160526e-01
0.0905238      	3.8810518e-01
0.0905238      	4.8335816e-01
0.0905238      	6.0202386e-01
0.0905238      	7.4977905e-01
0.0905238      	9.3385174e-01
0.0905238      	1.1630477e+00
0.0905238      	1.4485789e+00
0.0905238      	1.8041047e+00
0.0905238      	2.2470170e+00
0.0905238      	2.7985040e+00
0.0905238      	3.4855439e+00
0.0905238      	4.3410035e+00
0.0905238      	5.4067308e+00
0.0905238      	6.7337087e+00
0.0905238      	8.3868513e+00
0.0905238      	1.0445242e+01
0.0905238      	1.3009576e+01
0.0905238      	1.6202525e+01
0.0905238      	2.0180286e+01
0.0905238      	2.5133148e+01
0.0905238      	3.1303400e+01
0.0905238      	3.8986215e+01
0.0905238      	4.8557430e+01
0.0905238      	6.0474915e+01
0.0905238      	7.5321660e+01
0.0905238      	9.3807908e+01
0.0905238      	1.1683799e+02
0.0905238      	1.4551362e+02
0.0905238      	1.8123758e+02
0.0905238      	2.2571885e+02
0.0905238      	2.8113340e+02
0.0905238      	3.5013216e+02
0.0905238      	4.3609050e+02
0.0905238      	5.4312050e+02
0.0905238      	6.7645797e+02
0.0905238      	8.4248152e+02
0.0905238      	1.0493129e+03
0.0905238      	1.3068465e+03
0.0905238      	1.6276806e+03
0.0905238      	2.0271634e+03
0.0905238      	2.5248372e+03
0.0905238      	3.1445097e+03
0.0905238      	3.9164949e+03
0.0905238      	4.8777229e+03
0.0905238      	6.0752164e+03
0.0905238      	7.5662608e+03
0.0905238      	9.4237974e+03
0.0905238      	1.1736686e+04
0.0905238      	1.4618073e+04
0.0905238      	1.8205796e+04
0.0905238      	2.2675367e+04
0.0905238      	2.8240595e+04
0.0905238      	3.5173738e+04
0.0905238      	4.3806446e+04
0.0905238      	5.4561052e+04
0.0905238      	6.7951987e+04
0.0905238      	8.4634408e+04
0.0905238      	1.0540624e+05
0.0905238      	1.3128381e+05
0.0905238      	1.6350480e+05
0.0905238      	2.0364576e+05
0.0905238      	2.5362654e+05
0.0905238      	3.1589268e+05
0.0905238      	3.9342220e+05
0.0905238      	4.9000867e+05
0.0905238      	6.1027144e+05
0.0905238      	7.6009515e+05
0.0905238      	9.4664517e+05
0.0905238      	1.1790498e+06
0.0905238      	1.4684238e+06
0.0905238      	1.8289269e+06
0.0905238      	2.2778000e+06
0.0905238      	2.8370078e+06
0.0905238      	3.5332940e+06
0.0905238      	4.4007299e+06
0.0905238      	5.4808001e+06
0.0905238      	6.8263555e+06
0.0905238      	8.5017465e+06
0.0905238      	1.0588955e+07
0.0905238      	1.3187800e+07
0.0905238      	1.6425450e+07
0.0905238      	2.0456745e+07
0.0905238      	2.5478946e+07
0.0905238      	3.1732238e+07
0.0905238      	3.9522613e+07
0.0905238      	4.9222639e+07
0.0905238      	6.1306967e+07
0.0905238      	7.6353523e+07
0.0905238      	9.5098577e+07
0.0905238      	1.1843860e+08
0.0905238      	1.4751569e+08
0.0905238      	1.8372043e+08
0.0905238      	2.2882443e+08
0.0905238      	2.8498476e+08
0.0905238      	3.5494951e+08
0.0905238      	4.4206469e+08
0.0905238      	5.5059310e+08
0.0905238      	6.8572505e+08
0.0905238      	8.5407291e+08
0.0905238      	1.0636879e+09
0.0905238      	1.3248269e+09
0.0905238      	1.6499789e+09
0.0905238      	2.0550544e+09
0.0905238      	2.5594260e+09
0.0905238      	3.1877739e+09
0.0905238      	3.9701486e+09
