# Region type : patch inlet
# Faces        : 43858
# Area         : 7.2615141e-04
# Scale factor : 1.0000000e+00
# Time         	sum(phi)
6e-05          	-6.3278160e-08
0.000132       	-1.3969285e-07
0.0002184      	-2.3208299e-07
0.00032208     	-3.4394835e-07
0.000446496    	-4.7962274e-07
0.000595795    	-6.4449981e-07
0.000774954    	-8.4532991e-07
0.000989945    	-1.0906138e-06
0.00124793     	-1.3911908e-06
0.00155752     	-1.7608118e-06
0.00192903     	-2.2172108e-06
0.00237483     	-2.7832211e-06
0.0029098      	-3.4889494e-06
0.00355176     	-4.3740536e-06
0.00429765     	-5.4551009e-06
0.00475382     	-6.1442914e-06
0.00497048     	-6.4790266e-06
0.00518408     	-6.8135169e-06
0.00542151     	-7.1907024e-06
0.00568516     	-7.6162279e-06
0.00595414     	-8.0576134e-06
0.0062144      	-8.4919242e-06
0.00646879     	-8.9231352e-06
0.00672414     	-9.3625963e-06
0.00698347     	-9.8156920e-06
0.0072456      	-1.0280258e-05
0.0075082      	-1.0752614e-05
0.00777027     	-1.1230955e-05
0.00803213     	-1.1715878e-05
0.00829441     	-1.2208519e-05
0.00855734     	-1.2709382e-05
0.00882083     	-1.3218307e-05
0.00908463     	-1.3735052e-05
0.00934861     	-1.4259513e-05
0.00961272     	-1.4791349e-05
0.00987701     	-1.5330615e-05
0.0101415      	-1.5877058e-05
0.0104061      	-1.6430639e-05
0.0106708      	-1.6991551e-05
0.0109356      	-1.7559764e-05
0.0112005      	-1.8135297e-05
0.0114655      	-1.8718147e-05
0.0117307      	-1.9308319e-05
0.0119958      	-1.9905787e-05
0.0122611      	-2.0511201e-05
0.0125265      	-2.1123940e-05
0.0127919      	-2.1744009e-05
0.0130543      	-2.2363878e-05
0.0133099      	-2.2973881e-05
0.0135591      	-2.3575175e-05
0.0138025      	-2.4168320e-05
0.01404        	-2.4752848e-05
0.0142718      	-2.5329630e-05
0.0144983      	-2.5898554e-05
0.0147199      	-2.6460024e-05
0.0149367      	-2.7014410e-05
0.0151492      	-2.7561599e-05
0.0153574      	-2.8102170e-05
0.0155616      	-2.8636604e-05
0.0157619      	-2.9165166e-05
0.0159587      	-2.9688103e-05
0.016152       	-3.0205643e-05
0.0163419      	-3.0717999e-05
0.0165288      	-3.1225372e-05
0.0167125      	-3.1727946e-05
0.0168934      	-3.2225896e-05
0.0170714      	-3.2719629e-05
0.0172468      	-3.3209416e-05
0.0174196      	-3.3695036e-05
0.0175899      	-3.4176625e-05
0.0177578      	-3.4654312e-05
0.0179234      	-3.5128220e-05
0.0180867      	-3.5598150e-05
0.0182479      	-3.6064253e-05
0.0184071      	-3.6526911e-05
0.0185642      	-3.6986222e-05
0.0187193      	-3.7442281e-05
0.0188726      	-3.7895176e-05
0.019024       	-3.8345084e-05
0.0191736      	-3.8792478e-05
0.0193216      	-3.9236947e-05
0.0194678      	-3.9678568e-05
0.0196124      	-4.0117410e-05
0.0197555      	-4.0553542e-05
0.019897       	-4.0987029e-05
0.020037       	-4.1417785e-05
0.0201755      	-4.1845608e-05
0.0203126      	-4.2270970e-05
0.0204484      	-4.2693926e-05
0.0205828      	-4.3114529e-05
0.0207159      	-4.3532830e-05
0.0208477      	-4.3948879e-05
0.0209783      	-4.4362723e-05
0.0211076      	-4.4774408e-05
0.0212358      	-4.5183977e-05
0.0213628      	-4.5591473e-05
0.0214886      	-4.5996937e-05
0.0216134      	-4.6400409e-05
0.021737       	-4.6801928e-05
0.0218597      	-4.7201529e-05
0.0219812      	-4.7599250e-05
0.0221018      	-4.7995574e-05
0.0222213      	-4.8390166e-05
0.0223399      	-4.8782974e-05
0.0224576      	-4.9174032e-05
0.0225742      	-4.9563368e-05
0.02269        	-4.9951013e-05
0.0228049      	-5.0336996e-05
0.0229189      	-5.0721345e-05
0.023032       	-5.1103939e-05
0.0231443      	-5.1484581e-05
0.0232558      	-5.1863670e-05
0.0233664      	-5.2241232e-05
0.0234763      	-5.2617290e-05
0.0235853      	-5.2991869e-05
0.0236936      	-5.3364991e-05
0.0238011      	-5.3736678e-05
0.0239079      	-5.4106952e-05
0.024014       	-5.4475835e-05
0.0241193      	-5.4843346e-05
0.0242239      	-5.5209506e-05
0.0243279      	-5.5574335e-05
0.0244311      	-5.5937851e-05
0.0245337      	-5.6300073e-05
0.0246356      	-5.6661020e-05
0.0247369      	-5.7020708e-05
0.0248375      	-5.7379156e-05
0.0249375      	-5.7736380e-05
0.0250369      	-5.8092581e-05
0.0251357      	-5.8447902e-05
0.0252339      	-5.8802046e-05
0.0253315      	-5.9155026e-05
0.0254285      	-5.9506860e-05
0.0255249      	-5.9857561e-05
0.0256208      	-6.0207144e-05
0.0257161      	-6.0555622e-05
0.0258108      	-6.0903010e-05
0.0259051      	-6.1249321e-05
0.0259987      	-6.1594569e-05
0.0260919      	-6.1938285e-05
0.0261846      	-6.2280959e-05
0.0262767      	-6.2622609e-05
0.0263683      	-6.2963248e-05
0.0264595      	-6.3302886e-05
0.0265501      	-6.3641535e-05
0.0266403      	-6.3979208e-05
0.02673        	-6.4315914e-05
0.0268192      	-6.4651666e-05
0.0269079      	-6.4986473e-05
0.0269962      	-6.5320347e-05
0.0270841      	-6.5653752e-05
0.0271715      	-6.5986262e-05
0.0272584      	-6.6317868e-05
0.027345       	-6.6648577e-05
0.0274311      	-6.6978401e-05
0.0275167      	-6.7307348e-05
0.027602       	-6.7635428e-05
0.0276868      	-6.7962650e-05
0.0277713      	-6.8289022e-05
0.0278553      	-6.8614553e-05
0.0279389      	-6.8939253e-05
0.0280222      	-6.9263004e-05
0.028105       	-6.9585598e-05
0.0281875      	-6.9907387e-05
0.0282696      	-7.0228378e-05
0.0283513      	-7.0548579e-05
0.0284326      	-7.0867998e-05
0.0285136      	-7.1186642e-05
0.0285942      	-7.1504519e-05
0.0286744      	-7.1821636e-05
0.0287543      	-7.2138000e-05
0.0288339      	-7.2453619e-05
0.0289131      	-7.2768499e-05
0.0289919      	-7.3082647e-05
0.0290705      	-7.3396069e-05
0.0291486      	-7.3708774e-05
0.0292265      	-7.4020766e-05
0.029304       	-7.4332053e-05
0.0293812      	-7.4642640e-05
0.0294581      	-7.4952535e-05
0.0295346      	-7.5261743e-05
0.0296109      	-7.5570269e-05
0.0296868      	-7.5878121e-05
0.0297624      	-7.6185304e-05
0.0298378      	-7.6491824e-05
0.0299128      	-7.6797686e-05
0.0299875      	-7.7102895e-05
0.0300619      	-7.7407831e-05
0.0301361      	-7.7712200e-05
0.0302099      	-7.8015931e-05
0.0302834      	-7.8319031e-05
0.0303567      	-7.8621504e-05
0.0304297      	-7.8923356e-05
0.0305024      	-7.9224591e-05
0.0305748      	-7.9525215e-05
0.030647       	-7.9825233e-05
0.0307189      	-8.0124649e-05
0.0307905      	-8.0423468e-05
0.0308618      	-8.0721695e-05
0.0309329      	-8.1019335e-05
0.0310038      	-8.1316368e-05
0.0310743      	-8.1612408e-05
0.0311446      	-8.1907876e-05
0.0312147      	-8.2202775e-05
0.0312845      	-8.2497110e-05
0.0313541      	-8.2790886e-05
0.0314234      	-8.3084106e-05
0.0314924      	-8.3376775e-05
0.0315613      	-8.3668897e-05
0.0316298      	-8.3960475e-05
0.0316982      	-8.4251515e-05
0.0317663      	-8.4542020e-05
0.0318342      	-8.4831993e-05
0.0319018      	-8.5121439e-05
0.0319692      	-8.5410361e-05
0.0320364      	-8.5698764e-05
0.0321034      	-8.5986651e-05
0.0321701      	-8.6274025e-05
0.0322366      	-8.6560890e-05
0.0323029      	-8.6847250e-05
0.032369       	-8.7133109e-05
0.0324348      	-8.7418469e-05
0.0325005      	-8.7703335e-05
0.0325659      	-8.7987709e-05
0.0326311      	-8.8271595e-05
0.0326961      	-8.8554997e-05
0.0327609      	-8.8837917e-05
0.0328255      	-8.9120359e-05
0.0328899      	-8.9402327e-05
0.0329541      	-8.9683822e-05
0.0330181      	-8.9964969e-05
0.0330819      	-9.0245952e-05
0.0331454      	-9.0526472e-05
0.0332088      	-9.0806531e-05
0.033272       	-9.1086133e-05
0.033335       	-9.1365281e-05
0.0333978      	-9.1643977e-05
0.0334604      	-9.1922225e-05
0.0335229      	-9.2200027e-05
0.0335851      	-9.2477386e-05
0.0336472      	-9.2754305e-05
0.033709       	-9.3030786e-05
0.0337707      	-9.3306833e-05
0.0338322      	-9.3582448e-05
0.0338935      	-9.3857634e-05
0.0339547      	-9.4132394e-05
0.0340156      	-9.4406623e-05
0.0340764      	-9.4680123e-05
0.034137       	-9.4953206e-05
0.0341974      	-9.5225873e-05
0.0342577      	-9.5498127e-05
0.0343178      	-9.5769971e-05
0.0343777      	-9.6041408e-05
0.0344375      	-9.6312439e-05
0.034497       	-9.6583067e-05
0.0345564      	-9.6853294e-05
0.0346157      	-9.7123124e-05
0.0346748      	-9.7392557e-05
0.0347337      	-9.7661597e-05
0.0347925      	-9.7930245e-05
0.034851       	-9.8198504e-05
0.0349095      	-9.8466377e-05
0.0349678      	-9.8733865e-05
0.0350259      	-9.9001152e-05
0.0350838      	-9.9268284e-05
0.0351416      	-9.9535037e-05
0.0351993      	-9.9801414e-05
0.0352568      	-1.0006742e-04
0.0353141      	-1.0033304e-04
0.0353713      	-1.0059830e-04
0.0354284      	-1.0086319e-04
0.0354853      	-1.0112772e-04
0.035542       	-1.0139188e-04
0.0355986      	-1.0165567e-04
0.035655       	-1.0191911e-04
0.0357113      	-1.0218219e-04
0.0357675      	-1.0244491e-04
0.0358235      	-1.0270728e-04
0.0358794      	-1.0296929e-04
0.0359351      	-1.0323096e-04
0.0359907      	-1.0349227e-04
0.0360462      	-1.0375291e-04
0.0361015      	-1.0401313e-04
0.0361566      	-1.0427301e-04
0.0362117      	-1.0453255e-04
0.0362666      	-1.0479175e-04
0.0363213      	-1.0505061e-04
0.0363759      	-1.0530914e-04
0.0364304      	-1.0556734e-04
0.0364848      	-1.0582520e-04
0.036539       	-1.0608273e-04
0.0365931      	-1.0633993e-04
0.0366471      	-1.0659681e-04
0.0367009      	-1.0685336e-04
0.0367546      	-1.0710959e-04
0.0368082      	-1.0736549e-04
0.0368616      	-1.0762108e-04
0.0369149      	-1.0787634e-04
0.0369681      	-1.0813129e-04
0.0370212      	-1.0838592e-04
0.0370741      	-1.0864024e-04
0.037127       	-1.0889424e-04
0.0371797      	-1.0914794e-04
0.0372322      	-1.0940132e-04
0.0372847      	-1.0965440e-04
0.037337       	-1.0990717e-04
0.0373892      	-1.1015963e-04
0.0374413      	-1.1041179e-04
0.0374933      	-1.1066365e-04
0.0375451      	-1.1091521e-04
0.0375969      	-1.1116647e-04
0.0376485      	-1.1141743e-04
0.0377         	-1.1166809e-04
0.0377514      	-1.1191846e-04
0.0378026      	-1.1216854e-04
0.0378538      	-1.1241832e-04
0.0379048      	-1.1266781e-04
0.0379558      	-1.1291701e-04
0.0380066      	-1.1316598e-04
0.0380573      	-1.1341499e-04
0.0381079      	-1.1366372e-04
0.0381584      	-1.1391216e-04
0.0382088      	-1.1416031e-04
0.038259       	-1.1440819e-04
0.0383092      	-1.1465578e-04
0.0383592      	-1.1490310e-04
0.0384092      	-1.1515013e-04
0.038459       	-1.1539689e-04
0.0385087      	-1.1564337e-04
0.0385583      	-1.1588958e-04
0.0386079      	-1.1613551e-04
0.0386573      	-1.1638117e-04
0.0387066      	-1.1662656e-04
0.0387558      	-1.1687168e-04
0.0388049      	-1.1711653e-04
0.0388539      	-1.1736111e-04
0.0389028      	-1.1760543e-04
0.0389516      	-1.1784948e-04
0.0390003      	-1.1809326e-04
0.0390488      	-1.1833641e-04
0.0390973      	-1.1857929e-04
0.0391457      	-1.1882191e-04
0.039194       	-1.1906427e-04
0.0392422      	-1.1930638e-04
0.0392903      	-1.1954823e-04
0.0393383      	-1.1978982e-04
0.0393862      	-1.2003116e-04
0.039434       	-1.2027224e-04
0.0394817      	-1.2051307e-04
0.0395293      	-1.2075365e-04
0.0395769      	-1.2099398e-04
0.0396243      	-1.2123406e-04
0.0396716      	-1.2147389e-04
0.0397189      	-1.2171347e-04
0.039766       	-1.2195281e-04
0.0398131      	-1.2219190e-04
0.03986        	-1.2243075e-04
0.0399069      	-1.2266935e-04
0.0399537      	-1.2290771e-04
0.0400004      	-1.2314585e-04
0.040047       	-1.2338634e-04
0.0400935      	-1.2362659e-04
0.0401399      	-1.2386660e-04
0.0401862      	-1.2410636e-04
0.0402324      	-1.2434588e-04
0.0402786      	-1.2458517e-04
0.0403246      	-1.2482421e-04
0.0403706      	-1.2506302e-04
0.0404165      	-1.2530159e-04
0.0404623      	-1.2553992e-04
0.040508       	-1.2577802e-04
0.0405536      	-1.2601589e-04
0.0405992      	-1.2625352e-04
0.0406446      	-1.2649092e-04
0.04069        	-1.2672809e-04
0.0407353      	-1.2696502e-04
0.0407805      	-1.2720173e-04
0.0408256      	-1.2743821e-04
0.0408706      	-1.2767446e-04
0.0409155      	-1.2791049e-04
0.0409604      	-1.2814629e-04
0.0410052      	-1.2838186e-04
0.0410499      	-1.2861721e-04
0.0410945      	-1.2885234e-04
0.041139       	-1.2908724e-04
0.0411835      	-1.2932192e-04
0.0412279      	-1.2955639e-04
0.0412721      	-1.2979063e-04
0.0413164      	-1.3002465e-04
0.0413605      	-1.3025845e-04
0.0414045      	-1.3049204e-04
0.0414485      	-1.3072541e-04
0.0414924      	-1.3095856e-04
0.0415362      	-1.3119150e-04
0.04158        	-1.3142422e-04
0.0416236      	-1.3165673e-04
0.0416672      	-1.3188902e-04
0.0417107      	-1.3212111e-04
0.0417542      	-1.3235298e-04
0.0417975      	-1.3258464e-04
0.0418408      	-1.3281610e-04
0.041884       	-1.3304734e-04
0.0419271      	-1.3327837e-04
0.0419702      	-1.3350920e-04
0.0420132      	-1.3373971e-04
0.0420561      	-1.3396977e-04
0.0420989      	-1.3419962e-04
0.0421417      	-1.3442926e-04
0.0421843      	-1.3465870e-04
0.042227       	-1.3488794e-04
0.0422695      	-1.3511698e-04
0.042312       	-1.3534581e-04
0.0423544      	-1.3557445e-04
0.0423967      	-1.3580289e-04
0.0424389      	-1.3603112e-04
0.0424811      	-1.3625916e-04
0.0425232      	-1.3648700e-04
0.0425653      	-1.3671464e-04
0.0426073      	-1.3694209e-04
0.0426492      	-1.3716934e-04
0.042691       	-1.3739640e-04
0.0427328      	-1.3762326e-04
0.0427745      	-1.3784993e-04
0.0428161      	-1.3807640e-04
0.0428576      	-1.3830268e-04
0.0428991      	-1.3852878e-04
0.0429405      	-1.3875468e-04
0.0429819      	-1.3898038e-04
0.0430232      	-1.3920610e-04
0.0430644      	-1.3943179e-04
0.0431056      	-1.3965729e-04
0.0431467      	-1.3988259e-04
0.0431877      	-1.4010771e-04
0.0432286      	-1.4033265e-04
0.0432695      	-1.4055739e-04
0.0433104      	-1.4078195e-04
0.0433511      	-1.4100633e-04
0.0433918      	-1.4123052e-04
0.0434324      	-1.4145453e-04
0.043473       	-1.4167835e-04
0.0435135      	-1.4190199e-04
0.0435539      	-1.4212545e-04
0.0435943      	-1.4234872e-04
0.0436346      	-1.4257182e-04
0.0436749      	-1.4279473e-04
0.0437151      	-1.4301747e-04
0.0437552      	-1.4324002e-04
0.0437952      	-1.4346240e-04
0.0438352      	-1.4368460e-04
0.0438752      	-1.4390662e-04
0.0439151      	-1.4412846e-04
0.0439549      	-1.4435013e-04
0.0439946      	-1.4457162e-04
0.0440343      	-1.4479294e-04
0.0440739      	-1.4501408e-04
0.0441135      	-1.4523505e-04
0.044153       	-1.4545584e-04
0.0441925      	-1.4567646e-04
0.0442319      	-1.4589691e-04
0.0442712      	-1.4611718e-04
0.0443105      	-1.4633729e-04
0.0443497      	-1.4655722e-04
0.0443888      	-1.4677698e-04
0.0444279      	-1.4699657e-04
0.044467       	-1.4721600e-04
0.0445059      	-1.4743525e-04
0.0445449      	-1.4765434e-04
0.0445837      	-1.4787326e-04
0.0446225      	-1.4809201e-04
0.0446613      	-1.4831059e-04
0.0447         	-1.4852901e-04
0.0447386      	-1.4874726e-04
0.0447772      	-1.4896534e-04
0.0448157      	-1.4918326e-04
0.0448542      	-1.4940102e-04
0.0448926      	-1.4961861e-04
0.0449309      	-1.4983604e-04
0.0449692      	-1.5005331e-04
0.0450075      	-1.5027042e-04
0.0450457      	-1.5048736e-04
0.0450838      	-1.5070414e-04
0.0451219      	-1.5092076e-04
0.0451599      	-1.5113722e-04
0.0451979      	-1.5135352e-04
0.0452358      	-1.5156966e-04
0.0452736      	-1.5178564e-04
0.0453114      	-1.5200146e-04
0.0453492      	-1.5221713e-04
0.0453869      	-1.5243263e-04
0.0454245      	-1.5264798e-04
0.0454621      	-1.5286317e-04
0.0454997      	-1.5307821e-04
0.0455371      	-1.5329309e-04
0.0455746      	-1.5350782e-04
0.045612       	-1.5372239e-04
0.0456493      	-1.5393680e-04
0.0456866      	-1.5415107e-04
0.0457238      	-1.5436517e-04
0.045761       	-1.5457913e-04
0.0457981      	-1.5479293e-04
0.0458351      	-1.5500658e-04
0.0458722      	-1.5522008e-04
0.0459091      	-1.5543343e-04
0.0459461      	-1.5564662e-04
0.0459829      	-1.5585967e-04
0.0460197      	-1.5607238e-04
0.0460565      	-1.5628479e-04
0.0460932      	-1.5649704e-04
0.0461299      	-1.5670915e-04
0.0461665      	-1.5692112e-04
0.0462031      	-1.5713293e-04
0.0462396      	-1.5734460e-04
0.0462761      	-1.5755611e-04
0.0463125      	-1.5776749e-04
0.0463489      	-1.5797871e-04
0.0463852      	-1.5818980e-04
0.0464215      	-1.5840073e-04
0.0464577      	-1.5861152e-04
0.0464939      	-1.5882217e-04
0.04653        	-1.5903267e-04
0.0465661      	-1.5924303e-04
0.0466021      	-1.5945325e-04
0.0466381      	-1.5966332e-04
0.046674       	-1.5987325e-04
0.0467099      	-1.6008304e-04
0.0467458      	-1.6029269e-04
0.0467816      	-1.6050219e-04
0.0468173      	-1.6071155e-04
0.046853       	-1.6092078e-04
0.0468887      	-1.6112986e-04
0.0469243      	-1.6133881e-04
0.0469599      	-1.6154761e-04
0.0469954      	-1.6175627e-04
0.0470309      	-1.6196509e-04
0.0470663      	-1.6217381e-04
0.0471017      	-1.6238240e-04
0.047137       	-1.6259084e-04
0.0471723      	-1.6279915e-04
0.0472075      	-1.6300732e-04
0.0472428      	-1.6321535e-04
0.0472779      	-1.6342325e-04
0.047313       	-1.6363101e-04
0.0473481      	-1.6383863e-04
0.0473831      	-1.6404612e-04
0.0474181      	-1.6425348e-04
0.047453       	-1.6446070e-04
0.0474879      	-1.6466778e-04
0.0475228      	-1.6487473e-04
0.0475576      	-1.6508155e-04
0.0475923      	-1.6528823e-04
0.047627       	-1.6549479e-04
0.0476617      	-1.6570120e-04
0.0476964      	-1.6590749e-04
0.0477309      	-1.6611364e-04
0.0477655      	-1.6631967e-04
0.0478         	-1.6652556e-04
0.0478344      	-1.6673132e-04
0.0478689      	-1.6693695e-04
0.0479032      	-1.6714244e-04
0.0479376      	-1.6734781e-04
0.0479719      	-1.6755305e-04
0.0480061      	-1.6775816e-04
0.0480403      	-1.6796314e-04
0.0480745      	-1.6816800e-04
0.0481086      	-1.6837272e-04
0.0481427      	-1.6857732e-04
0.0481767      	-1.6878178e-04
0.0482107      	-1.6898612e-04
0.0482447      	-1.6919034e-04
0.0482786      	-1.6939442e-04
0.0483125      	-1.6959838e-04
0.0483463      	-1.6980222e-04
0.0483801      	-1.7000593e-04
0.0484138      	-1.7020951e-04
0.0484476      	-1.7041297e-04
0.0484812      	-1.7061630e-04
0.0485149      	-1.7081951e-04
0.0485485      	-1.7102259e-04
0.048582       	-1.7122555e-04
0.0486155      	-1.7142839e-04
0.048649       	-1.7163110e-04
0.0486824      	-1.7183369e-04
0.0487158      	-1.7203616e-04
0.0487492      	-1.7223850e-04
0.0487825      	-1.7244072e-04
0.0488158      	-1.7264282e-04
0.048849       	-1.7284480e-04
0.0488822      	-1.7304666e-04
0.0489154      	-1.7324839e-04
0.0489485      	-1.7345001e-04
0.0489816      	-1.7365150e-04
0.0490146      	-1.7385288e-04
0.0490476      	-1.7405413e-04
0.0490806      	-1.7425527e-04
0.0491135      	-1.7445628e-04
0.0491464      	-1.7465718e-04
0.0491793      	-1.7485796e-04
0.0492121      	-1.7505862e-04
0.0492449      	-1.7525916e-04
0.0492776      	-1.7545958e-04
0.0493103      	-1.7565989e-04
0.049343       	-1.7586008e-04
0.0493756      	-1.7606015e-04
0.0494082      	-1.7626010e-04
0.0494408      	-1.7645994e-04
0.0494733      	-1.7665966e-04
0.0495058      	-1.7685927e-04
0.0495382      	-1.7705876e-04
0.0495706      	-1.7725813e-04
0.049603       	-1.7745739e-04
0.0496353      	-1.7765654e-04
0.0496676      	-1.7785557e-04
0.0496999      	-1.7805448e-04
0.0497321      	-1.7825328e-04
0.0497643      	-1.7845197e-04
0.0497965      	-1.7865054e-04
0.0498286      	-1.7884900e-04
0.0498607      	-1.7904735e-04
0.0498927      	-1.7924559e-04
0.0499247      	-1.7944371e-04
0.0499567      	-1.7964172e-04
0.0499886      	-1.7983961e-04
0.0500206      	-1.7996323e-04
0.0500524      	-1.8004581e-04
0.0500843      	-1.8012836e-04
0.0501162      	-1.8021087e-04
0.050148       	-1.8029334e-04
0.0501798      	-1.8037577e-04
0.0502116      	-1.8045816e-04
0.0502434      	-1.8054052e-04
0.0502752      	-1.8062284e-04
0.050307       	-1.8070512e-04
0.0503388      	-1.8078737e-04
0.0503705      	-1.8086958e-04
0.0504022      	-1.8095175e-04
0.0504339      	-1.8103388e-04
0.0504656      	-1.8111598e-04
0.0504973      	-1.8119804e-04
0.050529       	-1.8128006e-04
0.0505606      	-1.8136204e-04
0.0505923      	-1.8144399e-04
0.0506239      	-1.8152590e-04
0.0506555      	-1.8160777e-04
0.0506871      	-1.8168961e-04
0.0507187      	-1.8177141e-04
0.0507503      	-1.8185317e-04
0.0507818      	-1.8193490e-04
0.0508134      	-1.8201658e-04
0.0508449      	-1.8209824e-04
0.0508764      	-1.8217985e-04
0.0509079      	-1.8226143e-04
0.0509394      	-1.8234298e-04
0.0509708      	-1.8242448e-04
0.0510023      	-1.8250597e-04
0.0510337      	-1.8258772e-04
0.0510652      	-1.8266943e-04
0.0510966      	-1.8275111e-04
0.051128       	-1.8283275e-04
0.0511594      	-1.8291435e-04
0.0511907      	-1.8299591e-04
0.0512221      	-1.8307744e-04
0.0512534      	-1.8315894e-04
0.0512848      	-1.8324039e-04
0.0513161      	-1.8332181e-04
0.0513474      	-1.8340320e-04
0.0513787      	-1.8348455e-04
0.0514099      	-1.8356586e-04
0.0514412      	-1.8364713e-04
0.0514725      	-1.8372837e-04
0.0515037      	-1.8380958e-04
0.0515349      	-1.8389075e-04
0.0515661      	-1.8397188e-04
0.0515973      	-1.8405297e-04
0.0516285      	-1.8413404e-04
0.0516596      	-1.8421506e-04
0.0516908      	-1.8429605e-04
0.0517219      	-1.8437700e-04
0.051753       	-1.8445792e-04
0.0517842      	-1.8453881e-04
0.0518153      	-1.8461965e-04
0.0518463      	-1.8470047e-04
0.0518774      	-1.8478124e-04
0.0519085      	-1.8486198e-04
0.0519395      	-1.8494269e-04
0.0519705      	-1.8502336e-04
0.0520015      	-1.8510400e-04
0.0520325      	-1.8518460e-04
0.0520635      	-1.8526516e-04
0.0520945      	-1.8534569e-04
0.0521255      	-1.8542619e-04
0.0521564      	-1.8550665e-04
0.0521873      	-1.8558707e-04
0.0522183      	-1.8566747e-04
0.0522492      	-1.8574782e-04
0.0522801      	-1.8582814e-04
0.0523109      	-1.8590843e-04
0.0523418      	-1.8598868e-04
0.0523727      	-1.8606890e-04
0.0524035      	-1.8614908e-04
0.0524343      	-1.8622923e-04
0.0524651      	-1.8630934e-04
0.0524959      	-1.8638942e-04
0.0525267      	-1.8646947e-04
0.0525575      	-1.8654948e-04
0.0525883      	-1.8662945e-04
0.052619       	-1.8670939e-04
0.0526497      	-1.8678930e-04
0.0526805      	-1.8686918e-04
0.0527112      	-1.8694901e-04
0.0527419      	-1.8702882e-04
0.0527725      	-1.8710859e-04
0.0528032      	-1.8718833e-04
0.0528339      	-1.8726803e-04
0.0528645      	-1.8734770e-04
0.0528951      	-1.8742734e-04
0.0529257      	-1.8750694e-04
0.0529563      	-1.8758651e-04
0.0529869      	-1.8766604e-04
0.0530175      	-1.8774554e-04
0.0530481      	-1.8782501e-04
0.0530786      	-1.8790444e-04
0.0531092      	-1.8798384e-04
0.0531397      	-1.8806320e-04
0.0531702      	-1.8814254e-04
0.0532007      	-1.8822184e-04
0.0532312      	-1.8830110e-04
0.0532617      	-1.8838033e-04
0.0532921      	-1.8845953e-04
0.0533226      	-1.8853870e-04
0.053353       	-1.8861783e-04
0.0533834      	-1.8869693e-04
0.0534138      	-1.8877599e-04
0.0534442      	-1.8885503e-04
0.0534746      	-1.8893403e-04
0.053505       	-1.8901299e-04
0.0535354      	-1.8909193e-04
0.0535657      	-1.8917083e-04
0.053596       	-1.8924970e-04
0.0536264      	-1.8932853e-04
0.0536567      	-1.8940733e-04
0.053687       	-1.8948610e-04
0.0537172      	-1.8956484e-04
0.0537475      	-1.8964354e-04
0.0537778      	-1.8972221e-04
0.053808       	-1.8980085e-04
0.0538383      	-1.8987946e-04
0.0538685      	-1.8995803e-04
0.0538987      	-1.9003657e-04
0.0539289      	-1.9011508e-04
0.0539591      	-1.9019356e-04
0.0539892      	-1.9027200e-04
0.0540194      	-1.9035022e-04
0.0540495      	-1.9042830e-04
0.0540797      	-1.9050634e-04
0.0541098      	-1.9058436e-04
0.0541399      	-1.9066234e-04
0.05417        	-1.9074029e-04
0.0542001      	-1.9081821e-04
0.0542302      	-1.9089609e-04
0.0542602      	-1.9097395e-04
0.0542903      	-1.9105177e-04
0.0543203      	-1.9112956e-04
0.0543503      	-1.9120732e-04
0.0543803      	-1.9128505e-04
0.0544103      	-1.9136274e-04
0.0544403      	-1.9144041e-04
0.0544703      	-1.9151804e-04
0.0545002      	-1.9159564e-04
0.0545302      	-1.9167321e-04
0.0545601      	-1.9175075e-04
0.0545901      	-1.9182826e-04
0.05462        	-1.9190574e-04
0.0546499      	-1.9198318e-04
0.0546798      	-1.9206059e-04
0.0547096      	-1.9213798e-04
0.0547395      	-1.9221533e-04
0.0547694      	-1.9229265e-04
0.0547992      	-1.9236994e-04
0.054829       	-1.9244719e-04
0.0548589      	-1.9252442e-04
0.0548887      	-1.9260162e-04
0.0549184      	-1.9267878e-04
0.0549482      	-1.9275592e-04
0.054978       	-1.9283302e-04
0.0550078      	-1.9291017e-04
0.0550375      	-1.9298751e-04
0.0550672      	-1.9306482e-04
0.055097       	-1.9314209e-04
0.0551267      	-1.9321934e-04
0.0551564      	-1.9329656e-04
0.0551861      	-1.9337374e-04
0.0552157      	-1.9345089e-04
0.0552454      	-1.9352802e-04
0.055275       	-1.9360511e-04
0.0553047      	-1.9368217e-04
0.0553343      	-1.9375920e-04
0.0553639      	-1.9383620e-04
0.0553935      	-1.9391317e-04
0.0554231      	-1.9399011e-04
0.0554527      	-1.9406702e-04
0.0554823      	-1.9414390e-04
0.0555118      	-1.9422074e-04
0.0555414      	-1.9429756e-04
0.0555709      	-1.9437435e-04
0.0556004      	-1.9445111e-04
0.0556299      	-1.9452783e-04
0.0556594      	-1.9460453e-04
0.0556889      	-1.9468119e-04
0.0557184      	-1.9475783e-04
0.0557479      	-1.9483443e-04
0.0557773      	-1.9491101e-04
0.0558068      	-1.9498755e-04
0.0558362      	-1.9506407e-04
0.0558656      	-1.9514055e-04
0.055895       	-1.9521701e-04
0.0559244      	-1.9529343e-04
0.0559538      	-1.9536983e-04
0.0559832      	-1.9544620e-04
0.0560125      	-1.9552253e-04
0.0560419      	-1.9559884e-04
0.0560712      	-1.9567511e-04
0.0561005      	-1.9575136e-04
0.0561298      	-1.9582758e-04
0.0561591      	-1.9590376e-04
0.0561884      	-1.9597992e-04
0.0562177      	-1.9605605e-04
0.056247       	-1.9613215e-04
0.0562762      	-1.9620821e-04
0.0563055      	-1.9628425e-04
0.0563347      	-1.9636026e-04
0.0563639      	-1.9643624e-04
0.0563932      	-1.9651219e-04
0.0564224      	-1.9658812e-04
0.0564515      	-1.9666401e-04
0.0564807      	-1.9673987e-04
0.0565099      	-1.9681570e-04
0.056539       	-1.9689151e-04
0.0565682      	-1.9696728e-04
0.0565973      	-1.9704303e-04
0.0566264      	-1.9711875e-04
0.0566556      	-1.9719443e-04
0.0566847      	-1.9727009e-04
0.0567137      	-1.9734572e-04
0.0567428      	-1.9742132e-04
0.0567719      	-1.9749690e-04
0.0568009      	-1.9757244e-04
0.05683        	-1.9764795e-04
0.056859       	-1.9772344e-04
0.056888       	-1.9779889e-04
0.056917       	-1.9787432e-04
0.056946       	-1.9794972e-04
0.056975       	-1.9802509e-04
0.057004       	-1.9810043e-04
0.057033       	-1.9817575e-04
0.0570619      	-1.9825103e-04
0.0570909      	-1.9832628e-04
0.0571198      	-1.9840151e-04
0.0571487      	-1.9847671e-04
0.0571776      	-1.9855188e-04
0.0572065      	-1.9862702e-04
0.0572354      	-1.9870214e-04
0.0572643      	-1.9877722e-04
0.0572932      	-1.9885228e-04
0.057322       	-1.9892730e-04
0.0573509      	-1.9900230e-04
0.0573797      	-1.9907728e-04
0.0574085      	-1.9915222e-04
0.0574374      	-1.9922713e-04
0.0574662      	-1.9930202e-04
0.057495       	-1.9937688e-04
0.0575237      	-1.9945171e-04
0.0575525      	-1.9952651e-04
0.0575813      	-1.9960129e-04
0.05761        	-1.9967603e-04
0.0576388      	-1.9975075e-04
0.0576675      	-1.9982544e-04
0.0576962      	-1.9990010e-04
0.0577249      	-1.9997474e-04
0.0577536      	-2.0004935e-04
0.0577823      	-2.0012393e-04
0.057811       	-2.0019848e-04
0.0578396      	-2.0027300e-04
0.0578683      	-2.0034750e-04
0.0578969      	-2.0042196e-04
0.0579255      	-2.0049640e-04
0.0579542      	-2.0057082e-04
0.0579828      	-2.0064520e-04
0.0580114      	-2.0071945e-04
0.05804        	-2.0079349e-04
0.0580685      	-2.0086751e-04
0.0580971      	-2.0094150e-04
0.0581257      	-2.0101546e-04
0.0581542      	-2.0108939e-04
0.0581827      	-2.0116330e-04
0.0582113      	-2.0123718e-04
0.0582398      	-2.0131104e-04
0.0582683      	-2.0138486e-04
0.0582968      	-2.0145866e-04
0.0583253      	-2.0153244e-04
0.0583537      	-2.0160618e-04
0.0583822      	-2.0167990e-04
0.0584107      	-2.0175359e-04
0.0584391      	-2.0182726e-04
0.0584675      	-2.0190089e-04
0.0584959      	-2.0197451e-04
0.0585244      	-2.0204809e-04
0.0585528      	-2.0212165e-04
0.0585811      	-2.0219518e-04
0.0586095      	-2.0226868e-04
0.0586379      	-2.0234216e-04
0.0586663      	-2.0241561e-04
0.0586946      	-2.0248903e-04
0.0587229      	-2.0256243e-04
0.0587513      	-2.0263580e-04
0.0587796      	-2.0270914e-04
0.0588079      	-2.0278246e-04
0.0588362      	-2.0285575e-04
0.0588645      	-2.0292902e-04
0.0588928      	-2.0300225e-04
0.058921       	-2.0307547e-04
0.0589493      	-2.0314865e-04
0.0589775      	-2.0322181e-04
0.0590058      	-2.0329500e-04
0.059034       	-2.0336839e-04
0.0590622      	-2.0344175e-04
0.0590904      	-2.0351509e-04
0.0591186      	-2.0358839e-04
0.0591468      	-2.0366168e-04
0.059175       	-2.0373493e-04
0.0592031      	-2.0380816e-04
0.0592313      	-2.0388137e-04
0.0592594      	-2.0395454e-04
0.0592876      	-2.0402770e-04
0.0593157      	-2.0410082e-04
0.0593438      	-2.0417392e-04
0.0593719      	-2.0424699e-04
0.0594         	-2.0432004e-04
0.0594281      	-2.0439306e-04
0.0594562      	-2.0446605e-04
0.0594842      	-2.0453902e-04
0.0595123      	-2.0461196e-04
0.0595403      	-2.0468488e-04
0.0595684      	-2.0475777e-04
0.0595964      	-2.0483063e-04
0.0596244      	-2.0490347e-04
0.0596524      	-2.0497628e-04
0.0596804      	-2.0504907e-04
0.0597084      	-2.0512183e-04
0.0597364      	-2.0519457e-04
0.0597643      	-2.0526727e-04
0.0597923      	-2.0533996e-04
0.0598202      	-2.0541262e-04
0.0598482      	-2.0548525e-04
0.0598761      	-2.0555785e-04
0.059904       	-2.0563043e-04
0.0599319      	-2.0570299e-04
0.0599598      	-2.0577552e-04
0.0599877      	-2.0584802e-04
0.0600156      	-2.0592050e-04
0.0600434      	-2.0599295e-04
0.0600713      	-2.0606538e-04
0.0600991      	-2.0613778e-04
0.060127       	-2.0621016e-04
0.0601548      	-2.0628251e-04
0.0601826      	-2.0635483e-04
0.0602104      	-2.0642713e-04
0.0602382      	-2.0649941e-04
0.060266       	-2.0657166e-04
0.0602938      	-2.0664388e-04
0.0603216      	-2.0671608e-04
0.0603493      	-2.0678826e-04
0.0603771      	-2.0686040e-04
0.0604048      	-2.0693253e-04
0.0604325      	-2.0700463e-04
0.0604603      	-2.0707670e-04
0.060488       	-2.0714875e-04
0.0605157      	-2.0722077e-04
0.0605434      	-2.0729277e-04
0.0605711      	-2.0736474e-04
0.0605987      	-2.0743669e-04
0.0606264      	-2.0750861e-04
0.060654       	-2.0758051e-04
0.0606817      	-2.0765238e-04
0.0607093      	-2.0772423e-04
0.0607369      	-2.0779606e-04
0.0607646      	-2.0786786e-04
0.0607922      	-2.0793963e-04
0.0608198      	-2.0801138e-04
0.0608473      	-2.0808310e-04
0.0608749      	-2.0815480e-04
0.0609025      	-2.0822648e-04
0.06093        	-2.0829813e-04
0.0609576      	-2.0836975e-04
0.0609851      	-2.0844135e-04
0.0610127      	-2.0851293e-04
0.0610402      	-2.0858448e-04
0.0610677      	-2.0865601e-04
0.0610952      	-2.0872751e-04
0.0611227      	-2.0879899e-04
0.0611502      	-2.0887045e-04
0.0611776      	-2.0894187e-04
0.0612051      	-2.0901328e-04
0.0612326      	-2.0908466e-04
0.06126        	-2.0915602e-04
0.0612874      	-2.0922735e-04
0.0613149      	-2.0929866e-04
0.0613423      	-2.0936994e-04
0.0613697      	-2.0944120e-04
0.0613971      	-2.0951243e-04
0.0614245      	-2.0958364e-04
0.0614519      	-2.0965483e-04
0.0614792      	-2.0972599e-04
0.0615066      	-2.0979713e-04
0.0615339      	-2.0986824e-04
0.0615613      	-2.0993933e-04
0.0615886      	-2.1001040e-04
0.0616159      	-2.1008144e-04
0.0616433      	-2.1015246e-04
0.0616706      	-2.1022345e-04
0.0616979      	-2.1029442e-04
0.0617251      	-2.1036537e-04
0.0617524      	-2.1043629e-04
0.0617797      	-2.1050719e-04
0.0618069      	-2.1057806e-04
0.0618342      	-2.1064891e-04
0.0618614      	-2.1071974e-04
0.0618887      	-2.1079054e-04
0.0619159      	-2.1086132e-04
0.0619431      	-2.1093207e-04
0.0619703      	-2.1100281e-04
0.0619975      	-2.1107351e-04
0.0620247      	-2.1114420e-04
0.0620519      	-2.1121486e-04
0.062079       	-2.1128549e-04
0.0621062      	-2.1135611e-04
0.0621333      	-2.1142670e-04
0.0621605      	-2.1149726e-04
0.0621876      	-2.1156780e-04
0.0622147      	-2.1163832e-04
0.0622419      	-2.1170882e-04
0.062269       	-2.1177929e-04
0.0622961      	-2.1184974e-04
0.0623231      	-2.1192016e-04
0.0623502      	-2.1199057e-04
0.0623773      	-2.1206094e-04
0.0624043      	-2.1213130e-04
0.0624314      	-2.1220163e-04
0.0624584      	-2.1227194e-04
0.0624855      	-2.1234222e-04
0.0625125      	-2.1241248e-04
0.0625395      	-2.1248272e-04
0.0625665      	-2.1255294e-04
0.0625935      	-2.1262313e-04
0.0626205      	-2.1269330e-04
0.0626475      	-2.1276344e-04
0.0626744      	-2.1283357e-04
0.0627014      	-2.1290367e-04
0.0627284      	-2.1297374e-04
0.0627553      	-2.1304379e-04
0.0627822      	-2.1311383e-04
0.0628092      	-2.1318383e-04
0.0628361      	-2.1325382e-04
0.062863       	-2.1332378e-04
0.0628899      	-2.1339372e-04
0.0629168      	-2.1346363e-04
0.0629437      	-2.1353352e-04
0.0629705      	-2.1360339e-04
0.0629974      	-2.1367324e-04
0.0630243      	-2.1374282e-04
0.0630511      	-2.1381235e-04
0.0630779      	-2.1388186e-04
0.0631048      	-2.1395135e-04
0.0631316      	-2.1402082e-04
0.0631584      	-2.1409026e-04
0.0631852      	-2.1415968e-04
0.063212       	-2.1422908e-04
0.0632388      	-2.1429845e-04
0.0632656      	-2.1436780e-04
0.0632923      	-2.1443713e-04
0.0633191      	-2.1450644e-04
0.0633458      	-2.1457573e-04
0.0633726      	-2.1464499e-04
0.0633993      	-2.1471423e-04
0.063426       	-2.1478345e-04
0.0634528      	-2.1485264e-04
0.0634795      	-2.1492182e-04
0.0635062      	-2.1499097e-04
0.0635329      	-2.1506010e-04
0.0635595      	-2.1512920e-04
0.0635862      	-2.1519829e-04
0.0636129      	-2.1526735e-04
0.0636395      	-2.1533639e-04
0.0636662      	-2.1540541e-04
0.0636928      	-2.1547440e-04
0.0637195      	-2.1554338e-04
0.0637461      	-2.1561233e-04
0.0637727      	-2.1568126e-04
0.0637993      	-2.1575017e-04
0.0638259      	-2.1581905e-04
0.0638525      	-2.1588792e-04
0.0638791      	-2.1595676e-04
0.0639056      	-2.1602558e-04
0.0639322      	-2.1609438e-04
0.0639587      	-2.1616315e-04
0.0639853      	-2.1623191e-04
0.0640118      	-2.1630076e-04
0.0640384      	-2.1636973e-04
0.0640649      	-2.1643869e-04
0.0640914      	-2.1650762e-04
0.0641179      	-2.1657653e-04
0.0641444      	-2.1664542e-04
0.0641709      	-2.1671428e-04
0.0641974      	-2.1678313e-04
0.0642238      	-2.1685195e-04
0.0642503      	-2.1692075e-04
0.0642767      	-2.1698953e-04
0.0643032      	-2.1705828e-04
0.0643296      	-2.1712702e-04
0.0643561      	-2.1719573e-04
0.0643825      	-2.1726442e-04
0.0644089      	-2.1733309e-04
0.0644353      	-2.1740174e-04
0.0644617      	-2.1747037e-04
0.0644881      	-2.1753897e-04
0.0645144      	-2.1760756e-04
0.0645408      	-2.1767612e-04
0.0645672      	-2.1774466e-04
0.0645935      	-2.1781318e-04
0.0646199      	-2.1788167e-04
0.0646462      	-2.1795015e-04
0.0646725      	-2.1801860e-04
0.0646989      	-2.1808703e-04
0.0647252      	-2.1815544e-04
0.0647515      	-2.1822383e-04
0.0647778      	-2.1829220e-04
0.0648041      	-2.1836055e-04
0.0648303      	-2.1842887e-04
0.0648566      	-2.1849718e-04
0.0648829      	-2.1856546e-04
0.0649091      	-2.1863372e-04
0.0649354      	-2.1870196e-04
0.0649616      	-2.1877018e-04
0.0649878      	-2.1883838e-04
0.0650141      	-2.1890655e-04
0.0650403      	-2.1897471e-04
0.0650665      	-2.1904284e-04
0.0650927      	-2.1911095e-04
0.0651189      	-2.1917904e-04
0.065145       	-2.1924711e-04
0.0651712      	-2.1931516e-04
0.0651974      	-2.1938319e-04
0.0652235      	-2.1945120e-04
0.0652497      	-2.1951918e-04
0.0652758      	-2.1958715e-04
0.065302       	-2.1965509e-04
0.0653281      	-2.1972301e-04
0.0653542      	-2.1979091e-04
0.0653803      	-2.1985879e-04
0.0654064      	-2.1992665e-04
0.0654325      	-2.1999449e-04
0.0654586      	-2.2006231e-04
0.0654847      	-2.2013011e-04
0.0655107      	-2.2019788e-04
0.0655368      	-2.2026564e-04
0.0655628      	-2.2033337e-04
0.0655889      	-2.2040108e-04
0.0656149      	-2.2046878e-04
0.0656409      	-2.2053645e-04
0.065667       	-2.2060410e-04
0.065693       	-2.2067173e-04
0.065719       	-2.2073934e-04
0.065745       	-2.2080693e-04
0.065771       	-2.2087449e-04
0.0657969      	-2.2094204e-04
0.0658229      	-2.2100957e-04
0.0658489      	-2.2107708e-04
0.0658748      	-2.2114456e-04
0.0659008      	-2.2121203e-04
0.0659267      	-2.2127947e-04
0.0659527      	-2.2134689e-04
0.0659786      	-2.2141430e-04
0.0660045      	-2.2148168e-04
0.0660304      	-2.2154904e-04
0.0660563      	-2.2161638e-04
0.0660822      	-2.2168370e-04
0.0661081      	-2.2175101e-04
0.066134       	-2.2181829e-04
0.0661598      	-2.2188555e-04
0.0661857      	-2.2195279e-04
0.0662115      	-2.2202000e-04
0.0662374      	-2.2208720e-04
0.0662632      	-2.2215438e-04
0.0662891      	-2.2222154e-04
0.0663149      	-2.2228868e-04
0.0663407      	-2.2235580e-04
0.0663665      	-2.2242289e-04
0.0663923      	-2.2248997e-04
0.0664181      	-2.2255703e-04
0.0664439      	-2.2262406e-04
0.0664696      	-2.2269108e-04
0.0664954      	-2.2275808e-04
0.0665212      	-2.2282505e-04
0.0665469      	-2.2289201e-04
0.0665727      	-2.2295895e-04
0.0665984      	-2.2302586e-04
0.0666241      	-2.2309276e-04
0.0666499      	-2.2315963e-04
0.0666756      	-2.2322649e-04
0.0667013      	-2.2329332e-04
0.066727       	-2.2336014e-04
0.0667527      	-2.2342694e-04
0.0667784      	-2.2349371e-04
0.066804       	-2.2356047e-04
0.0668297      	-2.2362720e-04
0.0668554      	-2.2369392e-04
0.066881       	-2.2376061e-04
0.0669067      	-2.2382729e-04
0.0669323      	-2.2389395e-04
0.0669579      	-2.2396058e-04
0.0669835      	-2.2402720e-04
0.0670092      	-2.2409371e-04
0.0670348      	-2.2416003e-04
0.0670604      	-2.2422633e-04
0.0670859      	-2.2429261e-04
0.0671115      	-2.2435887e-04
0.0671371      	-2.2442511e-04
0.0671627      	-2.2449134e-04
0.0671882      	-2.2455754e-04
0.0672138      	-2.2462372e-04
0.0672393      	-2.2468989e-04
0.0672649      	-2.2475603e-04
0.0672904      	-2.2482216e-04
0.0673159      	-2.2488827e-04
0.0673414      	-2.2495435e-04
0.067367       	-2.2502042e-04
0.0673925      	-2.2508647e-04
0.067418       	-2.2515250e-04
0.0674434      	-2.2521851e-04
0.0674689      	-2.2528449e-04
0.0674944      	-2.2535047e-04
0.0675199      	-2.2541642e-04
0.0675453      	-2.2548235e-04
0.0675708      	-2.2554826e-04
0.0675962      	-2.2561415e-04
0.0676216      	-2.2568003e-04
0.0676471      	-2.2574588e-04
0.0676725      	-2.2581172e-04
0.0676979      	-2.2587753e-04
0.0677233      	-2.2594333e-04
0.0677487      	-2.2600911e-04
0.0677741      	-2.2607487e-04
0.0677995      	-2.2614061e-04
0.0678248      	-2.2620633e-04
0.0678502      	-2.2627203e-04
0.0678756      	-2.2633771e-04
0.0679009      	-2.2640338e-04
0.0679263      	-2.2646902e-04
0.0679516      	-2.2653465e-04
0.0679769      	-2.2660025e-04
0.0680023      	-2.2666586e-04
0.0680276      	-2.2673168e-04
0.0680529      	-2.2679749e-04
0.0680782      	-2.2686327e-04
0.0681035      	-2.2692903e-04
0.0681288      	-2.2699478e-04
0.068154       	-2.2706051e-04
0.0681793      	-2.2712621e-04
0.0682046      	-2.2719190e-04
0.0682298      	-2.2725757e-04
0.0682551      	-2.2732322e-04
0.0682803      	-2.2738885e-04
0.0683056      	-2.2745446e-04
0.0683308      	-2.2752006e-04
0.068356       	-2.2758563e-04
0.0683812      	-2.2765119e-04
0.0684064      	-2.2771672e-04
0.0684316      	-2.2778224e-04
0.0684568      	-2.2784774e-04
0.068482       	-2.2791322e-04
0.0685072      	-2.2797868e-04
0.0685324      	-2.2804412e-04
0.0685575      	-2.2810955e-04
0.0685827      	-2.2817495e-04
0.0686078      	-2.2824034e-04
0.068633       	-2.2830571e-04
0.0686581      	-2.2837106e-04
0.0686832      	-2.2843639e-04
0.0687083      	-2.2850170e-04
0.0687335      	-2.2856699e-04
0.0687586      	-2.2863226e-04
0.0687837      	-2.2869752e-04
0.0688088      	-2.2876276e-04
0.0688338      	-2.2882797e-04
0.0688589      	-2.2889317e-04
0.068884       	-2.2895835e-04
0.068909       	-2.2902352e-04
0.0689341      	-2.2908866e-04
0.0689591      	-2.2915379e-04
0.0689842      	-2.2921889e-04
0.0690092      	-2.2928398e-04
0.0690343      	-2.2934905e-04
0.0690593      	-2.2941410e-04
0.0690843      	-2.2947914e-04
0.0691093      	-2.2954415e-04
0.0691343      	-2.2960915e-04
0.0691593      	-2.2967412e-04
0.0691843      	-2.2973908e-04
0.0692092      	-2.2980403e-04
0.0692342      	-2.2986895e-04
0.0692592      	-2.2993385e-04
0.0692841      	-2.2999874e-04
0.0693091      	-2.3006361e-04
0.069334       	-2.3012846e-04
0.069359       	-2.3019329e-04
0.0693839      	-2.3025810e-04
0.0694088      	-2.3032289e-04
0.0694337      	-2.3038767e-04
0.0694586      	-2.3045243e-04
0.0694835      	-2.3051717e-04
0.0695084      	-2.3058189e-04
0.0695333      	-2.3064659e-04
0.0695582      	-2.3071128e-04
0.0695831      	-2.3077595e-04
0.0696079      	-2.3084060e-04
0.0696328      	-2.3090523e-04
0.0696576      	-2.3096984e-04
0.0696825      	-2.3103444e-04
0.0697073      	-2.3109901e-04
0.0697321      	-2.3116357e-04
0.069757       	-2.3122811e-04
0.0697818      	-2.3129264e-04
0.0698066      	-2.3135714e-04
0.0698314      	-2.3142163e-04
0.0698562      	-2.3148610e-04
0.069881       	-2.3155055e-04
0.0699058      	-2.3161498e-04
0.0699305      	-2.3167939e-04
0.0699553      	-2.3174379e-04
0.0699801      	-2.3180817e-04
0.0700048      	-2.3187253e-04
0.0700296      	-2.3193688e-04
0.0700543      	-2.3200120e-04
0.070079       	-2.3206551e-04
0.0701038      	-2.3212980e-04
0.0701285      	-2.3219407e-04
0.0701532      	-2.3225833e-04
0.0701779      	-2.3232256e-04
0.0702026      	-2.3238678e-04
0.0702273      	-2.3245098e-04
0.070252       	-2.3251517e-04
0.0702767      	-2.3257933e-04
0.0703013      	-2.3264348e-04
0.070326       	-2.3270761e-04
0.0703507      	-2.3277172e-04
0.0703753      	-2.3283582e-04
0.0704         	-2.3289990e-04
0.0704246      	-2.3296396e-04
0.0704492      	-2.3302800e-04
0.0704739      	-2.3309202e-04
0.0704985      	-2.3315603e-04
0.0705231      	-2.3322002e-04
0.0705477      	-2.3328399e-04
0.0705723      	-2.3334794e-04
0.0705969      	-2.3341188e-04
0.0706215      	-2.3347580e-04
0.070646       	-2.3353970e-04
0.0706706      	-2.3360359e-04
0.0706952      	-2.3366745e-04
0.0707197      	-2.3373130e-04
0.0707443      	-2.3379513e-04
0.0707688      	-2.3385895e-04
0.0707934      	-2.3392274e-04
0.0708179      	-2.3398652e-04
0.0708424      	-2.3405029e-04
0.0708669      	-2.3411403e-04
0.0708914      	-2.3417776e-04
0.0709159      	-2.3424147e-04
0.0709404      	-2.3430516e-04
0.0709649      	-2.3436884e-04
0.0709894      	-2.3443250e-04
0.0710139      	-2.3449600e-04
0.0710384      	-2.3455938e-04
0.0710628      	-2.3462274e-04
0.0710873      	-2.3468608e-04
0.0711117      	-2.3474941e-04
0.0711362      	-2.3481272e-04
0.0711606      	-2.3487601e-04
0.0711851      	-2.3493929e-04
0.0712095      	-2.3500255e-04
0.0712339      	-2.3506579e-04
0.0712583      	-2.3512902e-04
0.0712827      	-2.3519223e-04
0.0713071      	-2.3525542e-04
0.0713315      	-2.3531859e-04
0.0713559      	-2.3538175e-04
0.0713803      	-2.3544489e-04
0.0714046      	-2.3550801e-04
0.071429       	-2.3557112e-04
0.0714534      	-2.3563421e-04
0.0714777      	-2.3569728e-04
0.0715021      	-2.3576034e-04
0.0715264      	-2.3582338e-04
0.0715507      	-2.3588640e-04
0.0715751      	-2.3594941e-04
0.0715994      	-2.3601239e-04
0.0716237      	-2.3607537e-04
0.071648       	-2.3613832e-04
0.0716723      	-2.3620126e-04
0.0716966      	-2.3626418e-04
0.0717209      	-2.3632708e-04
0.0717452      	-2.3638997e-04
0.0717694      	-2.3645284e-04
0.0717937      	-2.3651570e-04
0.071818       	-2.3657854e-04
0.0718422      	-2.3664136e-04
0.0718665      	-2.3670416e-04
0.0718907      	-2.3676695e-04
0.0719149      	-2.3682972e-04
0.0719392      	-2.3689247e-04
0.0719634      	-2.3695521e-04
0.0719876      	-2.3701793e-04
0.0720118      	-2.3708076e-04
0.072036       	-2.3714369e-04
0.0720602      	-2.3720660e-04
0.0720844      	-2.3726950e-04
0.0721086      	-2.3733238e-04
0.0721328      	-2.3739524e-04
0.072157       	-2.3745809e-04
0.0721811      	-2.3752092e-04
0.0722053      	-2.3758373e-04
0.0722294      	-2.3764653e-04
0.0722536      	-2.3770931e-04
0.0722777      	-2.3777207e-04
0.0723019      	-2.3783482e-04
0.072326       	-2.3789755e-04
0.0723501      	-2.3796026e-04
0.0723742      	-2.3802296e-04
0.0723983      	-2.3808564e-04
0.0724224      	-2.3814830e-04
0.0724465      	-2.3821095e-04
0.0724706      	-2.3827358e-04
0.0724947      	-2.3833620e-04
0.0725188      	-2.3839880e-04
0.0725428      	-2.3846138e-04
0.0725669      	-2.3852394e-04
0.072591       	-2.3858649e-04
0.072615       	-2.3864903e-04
0.0726391      	-2.3871154e-04
0.0726631      	-2.3877404e-04
0.0726871      	-2.3883653e-04
0.0727112      	-2.3889899e-04
0.0727352      	-2.3896145e-04
0.0727592      	-2.3902388e-04
0.0727832      	-2.3908630e-04
0.0728072      	-2.3914870e-04
0.0728312      	-2.3921109e-04
0.0728552      	-2.3927346e-04
0.0728792      	-2.3933581e-04
0.0729031      	-2.3939815e-04
0.0729271      	-2.3946047e-04
0.0729511      	-2.3952277e-04
0.072975       	-2.3958506e-04
0.072999       	-2.3964733e-04
0.0730229      	-2.3970959e-04
0.0730469      	-2.3977183e-04
0.0730708      	-2.3983405e-04
0.0730947      	-2.3989626e-04
0.0731186      	-2.3995845e-04
0.0731425      	-2.4002063e-04
0.0731665      	-2.4008279e-04
0.0731904      	-2.4014493e-04
0.0732143      	-2.4020706e-04
0.0732381      	-2.4026917e-04
0.073262       	-2.4033126e-04
0.0732859      	-2.4039334e-04
0.0733098      	-2.4045540e-04
0.0733336      	-2.4051745e-04
0.0733575      	-2.4057948e-04
0.0733813      	-2.4064150e-04
0.0734052      	-2.4070350e-04
0.073429       	-2.4076548e-04
0.0734529      	-2.4082744e-04
0.0734767      	-2.4088940e-04
0.0735005      	-2.4095133e-04
0.0735243      	-2.4101325e-04
0.0735481      	-2.4107515e-04
0.0735719      	-2.4113704e-04
0.0735957      	-2.4119891e-04
0.0736195      	-2.4126077e-04
0.0736433      	-2.4132261e-04
0.0736671      	-2.4138443e-04
0.0736909      	-2.4144624e-04
0.0737146      	-2.4150803e-04
0.0737384      	-2.4156981e-04
0.0737621      	-2.4163157e-04
0.0737859      	-2.4169331e-04
0.0738096      	-2.4175504e-04
0.0738334      	-2.4181676e-04
0.0738571      	-2.4187845e-04
0.0738808      	-2.4194013e-04
0.0739045      	-2.4200180e-04
0.0739283      	-2.4206345e-04
0.073952       	-2.4212509e-04
0.0739757      	-2.4218670e-04
0.0739993      	-2.4224831e-04
0.074023       	-2.4230990e-04
0.0740467      	-2.4237147e-04
0.0740704      	-2.4243302e-04
0.0740941      	-2.4249456e-04
0.0741177      	-2.4255609e-04
0.0741414      	-2.4261760e-04
0.074165       	-2.4267909e-04
0.0741887      	-2.4274057e-04
0.0742123      	-2.4280203e-04
0.074236       	-2.4286348e-04
0.0742596      	-2.4292491e-04
0.0742832      	-2.4298633e-04
0.0743068      	-2.4304773e-04
0.0743304      	-2.4310911e-04
0.074354       	-2.4317048e-04
0.0743776      	-2.4323184e-04
0.0744012      	-2.4329318e-04
0.0744248      	-2.4335450e-04
0.0744484      	-2.4341581e-04
0.074472       	-2.4347710e-04
0.0744955      	-2.4353838e-04
0.0745191      	-2.4359964e-04
0.0745426      	-2.4366088e-04
0.0745662      	-2.4372211e-04
0.0745897      	-2.4378333e-04
0.0746133      	-2.4384453e-04
0.0746368      	-2.4390571e-04
0.0746603      	-2.4396688e-04
0.0746839      	-2.4402804e-04
0.0747074      	-2.4408918e-04
0.0747309      	-2.4415030e-04
0.0747544      	-2.4421141e-04
0.0747779      	-2.4427250e-04
0.0748014      	-2.4433358e-04
0.0748249      	-2.4439464e-04
0.0748483      	-2.4445568e-04
0.0748718      	-2.4451672e-04
0.0748953      	-2.4457773e-04
0.0749187      	-2.4463873e-04
0.0749422      	-2.4469972e-04
0.0749656      	-2.4476069e-04
0.0749891      	-2.4482165e-04
0.0750125      	-2.4488246e-04
0.075036       	-2.4494315e-04
0.0750594      	-2.4500383e-04
0.0750828      	-2.4506449e-04
0.0751062      	-2.4512513e-04
0.0751296      	-2.4518576e-04
0.075153       	-2.4524638e-04
0.0751764      	-2.4530698e-04
0.0751998      	-2.4536757e-04
0.0752232      	-2.4542814e-04
0.0752466      	-2.4548869e-04
0.07527        	-2.4554923e-04
0.0752933      	-2.4560976e-04
0.0753167      	-2.4567027e-04
0.0753401      	-2.4573077e-04
0.0753634      	-2.4579125e-04
0.0753868      	-2.4585171e-04
0.0754101      	-2.4591217e-04
0.0754334      	-2.4597260e-04
0.0754568      	-2.4603302e-04
0.0754801      	-2.4609343e-04
0.0755034      	-2.4615382e-04
0.0755267      	-2.4621420e-04
0.07555        	-2.4627456e-04
0.0755733      	-2.4633491e-04
0.0755966      	-2.4639524e-04
0.0756199      	-2.4645556e-04
0.0756432      	-2.4651587e-04
0.0756665      	-2.4657615e-04
0.0756897      	-2.4663643e-04
0.075713       	-2.4669669e-04
0.0757363      	-2.4675693e-04
0.0757595      	-2.4681716e-04
0.0757828      	-2.4687738e-04
0.075806       	-2.4693758e-04
0.0758293      	-2.4699776e-04
0.0758525      	-2.4705793e-04
0.0758757      	-2.4711809e-04
0.0758989      	-2.4717823e-04
0.0759221      	-2.4723836e-04
0.0759454      	-2.4729847e-04
0.0759686      	-2.4735857e-04
0.0759918      	-2.4741865e-04
0.076015       	-2.4747887e-04
0.0760381      	-2.4753916e-04
0.0760613      	-2.4759943e-04
0.0760845      	-2.4765969e-04
0.0761077      	-2.4771993e-04
0.0761308      	-2.4778015e-04
0.076154       	-2.4784037e-04
0.0761771      	-2.4790056e-04
0.0762003      	-2.4796075e-04
0.0762234      	-2.4802092e-04
0.0762466      	-2.4808107e-04
0.0762697      	-2.4814121e-04
0.0762928      	-2.4820134e-04
0.0763159      	-2.4826145e-04
0.0763391      	-2.4832154e-04
0.0763622      	-2.4838162e-04
0.0763853      	-2.4844169e-04
0.0764084      	-2.4850174e-04
0.0764315      	-2.4856178e-04
0.0764545      	-2.4862180e-04
0.0764776      	-2.4868181e-04
0.0765007      	-2.4874181e-04
0.0765238      	-2.4880179e-04
0.0765468      	-2.4886175e-04
0.0765699      	-2.4892170e-04
0.0765929      	-2.4898164e-04
0.076616       	-2.4904156e-04
0.076639       	-2.4910147e-04
0.0766621      	-2.4916136e-04
0.0766851      	-2.4922124e-04
0.0767081      	-2.4928111e-04
0.0767311      	-2.4934096e-04
0.0767542      	-2.4940079e-04
0.0767772      	-2.4946061e-04
0.0768002      	-2.4952042e-04
0.0768232      	-2.4958021e-04
0.0768462      	-2.4963999e-04
0.0768691      	-2.4969975e-04
0.0768921      	-2.4975950e-04
0.0769151      	-2.4981924e-04
0.0769381      	-2.4987896e-04
0.076961       	-2.4993867e-04
0.076984       	-2.4999836e-04
0.0770069      	-2.5005804e-04
0.0770299      	-2.5011770e-04
0.0770528      	-2.5017735e-04
0.0770758      	-2.5023699e-04
0.0770987      	-2.5029661e-04
0.0771216      	-2.5035622e-04
0.0771445      	-2.5041581e-04
0.0771675      	-2.5047539e-04
0.0771904      	-2.5053495e-04
0.0772133      	-2.5059450e-04
0.0772362      	-2.5065404e-04
0.0772591      	-2.5071356e-04
0.077282       	-2.5077307e-04
0.0773048      	-2.5083257e-04
0.0773277      	-2.5089205e-04
0.0773506      	-2.5095151e-04
0.0773734      	-2.5101096e-04
0.0773963      	-2.5107040e-04
0.0774192      	-2.5112982e-04
0.077442       	-2.5118923e-04
0.0774649      	-2.5124863e-04
0.0774877      	-2.5130801e-04
0.0775105      	-2.5136738e-04
0.0775334      	-2.5142673e-04
0.0775562      	-2.5148607e-04
0.077579       	-2.5154540e-04
0.0776018      	-2.5160471e-04
0.0776246      	-2.5166400e-04
0.0776474      	-2.5172329e-04
0.0776702      	-2.5178256e-04
0.077693       	-2.5184181e-04
0.0777158      	-2.5190105e-04
0.0777386      	-2.5196028e-04
0.0777613      	-2.5201950e-04
0.0777841      	-2.5207870e-04
0.0778069      	-2.5213788e-04
0.0778296      	-2.5219705e-04
0.0778524      	-2.5225621e-04
0.0778751      	-2.5231536e-04
0.0778979      	-2.5237449e-04
0.0779206      	-2.5243360e-04
0.0779433      	-2.5249271e-04
0.0779661      	-2.5255179e-04
0.0779888      	-2.5261087e-04
0.0780115      	-2.5266993e-04
0.0780342      	-2.5272898e-04
0.0780569      	-2.5278801e-04
0.0780796      	-2.5284703e-04
0.0781023      	-2.5290604e-04
0.078125       	-2.5296503e-04
0.0781477      	-2.5302401e-04
0.0781704      	-2.5308297e-04
0.078193       	-2.5314192e-04
0.0782157      	-2.5320086e-04
0.0782384      	-2.5325978e-04
0.078261       	-2.5331869e-04
0.0782837      	-2.5337759e-04
0.0783063      	-2.5343647e-04
0.078329       	-2.5349534e-04
0.0783516      	-2.5355420e-04
0.0783742      	-2.5361304e-04
0.0783969      	-2.5367187e-04
0.0784195      	-2.5373068e-04
0.0784421      	-2.5378948e-04
0.0784647      	-2.5384827e-04
0.0784873      	-2.5390704e-04
0.0785099      	-2.5396580e-04
0.0785325      	-2.5402455e-04
0.0785551      	-2.5408328e-04
0.0785777      	-2.5414200e-04
0.0786003      	-2.5420070e-04
0.0786228      	-2.5425939e-04
0.0786454      	-2.5431807e-04
0.078668       	-2.5437674e-04
0.0786905      	-2.5443539e-04
0.0787131      	-2.5449403e-04
0.0787356      	-2.5455265e-04
0.0787582      	-2.5461126e-04
0.0787807      	-2.5466986e-04
0.0788032      	-2.5472844e-04
0.0788258      	-2.5478701e-04
0.0788483      	-2.5484557e-04
0.0788708      	-2.5490411e-04
0.0788933      	-2.5496264e-04
0.0789158      	-2.5502116e-04
0.0789383      	-2.5507966e-04
0.0789608      	-2.5513815e-04
0.0789833      	-2.5519663e-04
0.0790058      	-2.5525503e-04
0.0790283      	-2.5531326e-04
0.0790508      	-2.5537147e-04
0.0790732      	-2.5542967e-04
0.0790957      	-2.5548785e-04
0.0791182      	-2.5554602e-04
0.0791406      	-2.5560418e-04
0.0791631      	-2.5566233e-04
0.0791855      	-2.5572046e-04
0.0792079      	-2.5577858e-04
0.0792304      	-2.5583668e-04
0.0792528      	-2.5589477e-04
0.0792752      	-2.5595285e-04
0.0792977      	-2.5601092e-04
0.0793201      	-2.5606897e-04
0.0793425      	-2.5612701e-04
0.0793649      	-2.5618504e-04
0.0793873      	-2.5624305e-04
0.0794097      	-2.5630105e-04
0.0794321      	-2.5635904e-04
0.0794544      	-2.5641701e-04
0.0794768      	-2.5647497e-04
0.0794992      	-2.5653292e-04
0.0795216      	-2.5659085e-04
0.0795439      	-2.5664877e-04
0.0795663      	-2.5670668e-04
0.0795886      	-2.5676458e-04
0.079611       	-2.5682246e-04
0.0796333      	-2.5688033e-04
0.0796557      	-2.5693819e-04
0.079678       	-2.5699603e-04
0.0797003      	-2.5705386e-04
0.0797227      	-2.5711168e-04
0.079745       	-2.5716948e-04
0.0797673      	-2.5722727e-04
0.0797896      	-2.5728505e-04
0.0798119      	-2.5734282e-04
0.0798342      	-2.5740057e-04
0.0798565      	-2.5745831e-04
0.0798788      	-2.5751603e-04
0.0799011      	-2.5757375e-04
0.0799233      	-2.5763145e-04
0.0799456      	-2.5768913e-04
0.0799679      	-2.5774681e-04
0.0799901      	-2.5780447e-04
0.0800124      	-2.5784749e-04
0.0800347      	-2.5787886e-04
0.0800569      	-2.5791024e-04
0.0800792      	-2.5794161e-04
0.0801014      	-2.5797298e-04
0.0801236      	-2.5800434e-04
0.0801459      	-2.5803570e-04
0.0801681      	-2.5806706e-04
0.0801904      	-2.5809841e-04
0.0802126      	-2.5812976e-04
0.0802348      	-2.5816110e-04
0.0802571      	-2.5819244e-04
0.0802793      	-2.5822378e-04
0.0803015      	-2.5825511e-04
0.0803237      	-2.5828644e-04
0.0803459      	-2.5831777e-04
0.0803681      	-2.5834909e-04
0.0803904      	-2.5838041e-04
0.0804126      	-2.5841172e-04
0.0804348      	-2.5844303e-04
0.080457       	-2.5847434e-04
0.0804792      	-2.5850564e-04
0.0805014      	-2.5853694e-04
0.0805236      	-2.5856824e-04
0.0805458      	-2.5859953e-04
0.080568       	-2.5863081e-04
0.0805901      	-2.5866210e-04
0.0806123      	-2.5869338e-04
0.0806345      	-2.5872465e-04
0.0806567      	-2.5875593e-04
0.0806789      	-2.5878720e-04
0.080701       	-2.5881846e-04
0.0807232      	-2.5884972e-04
0.0807454      	-2.5888098e-04
0.0807675      	-2.5891223e-04
0.0807897      	-2.5894348e-04
0.0808119      	-2.5897473e-04
0.080834       	-2.5900597e-04
0.0808562      	-2.5903721e-04
0.0808783      	-2.5906844e-04
0.0809005      	-2.5909968e-04
0.0809226      	-2.5913090e-04
0.0809448      	-2.5916213e-04
0.0809669      	-2.5919335e-04
0.0809891      	-2.5922456e-04
0.0810112      	-2.5925566e-04
0.0810333      	-2.5928665e-04
0.0810555      	-2.5931763e-04
0.0810776      	-2.5934861e-04
0.0810997      	-2.5937959e-04
0.0811218      	-2.5941056e-04
0.0811439      	-2.5944153e-04
0.0811661      	-2.5947249e-04
0.0811882      	-2.5950345e-04
0.0812103      	-2.5953441e-04
0.0812324      	-2.5956537e-04
0.0812545      	-2.5959632e-04
0.0812766      	-2.5962726e-04
0.0812987      	-2.5965820e-04
0.0813208      	-2.5968914e-04
0.0813429      	-2.5972008e-04
0.081365       	-2.5975101e-04
0.0813871      	-2.5978194e-04
0.0814092      	-2.5981286e-04
0.0814313      	-2.5984378e-04
0.0814534      	-2.5987470e-04
0.0814754      	-2.5990561e-04
0.0814975      	-2.5993652e-04
0.0815196      	-2.5996743e-04
0.0815417      	-2.5999833e-04
0.0815637      	-2.6002923e-04
0.0815858      	-2.6006013e-04
0.0816079      	-2.6009102e-04
0.0816299      	-2.6012190e-04
0.081652       	-2.6015279e-04
0.081674       	-2.6018367e-04
0.0816961      	-2.6021454e-04
0.0817182      	-2.6024542e-04
0.0817402      	-2.6027629e-04
0.0817623      	-2.6030715e-04
0.0817843      	-2.6033801e-04
0.0818063      	-2.6036887e-04
0.0818284      	-2.6039973e-04
0.0818504      	-2.6043058e-04
0.0818724      	-2.6046143e-04
0.0818945      	-2.6049227e-04
0.0819165      	-2.6052311e-04
0.0819385      	-2.6055395e-04
0.0819606      	-2.6058478e-04
0.0819826      	-2.6061561e-04
0.0820046      	-2.6064643e-04
0.0820266      	-2.6067725e-04
0.0820486      	-2.6070807e-04
0.0820706      	-2.6073889e-04
0.0820926      	-2.6076970e-04
0.0821146      	-2.6080050e-04
0.0821366      	-2.6083131e-04
0.0821586      	-2.6086211e-04
0.0821806      	-2.6089290e-04
0.0822026      	-2.6092370e-04
0.0822246      	-2.6095449e-04
0.0822466      	-2.6098527e-04
0.0822686      	-2.6101605e-04
0.0822906      	-2.6104683e-04
0.0823126      	-2.6107761e-04
0.0823346      	-2.6110838e-04
0.0823565      	-2.6113914e-04
0.0823785      	-2.6116991e-04
0.0824005      	-2.6120067e-04
0.0824224      	-2.6123142e-04
0.0824444      	-2.6126218e-04
0.0824664      	-2.6129293e-04
0.0824883      	-2.6132367e-04
0.0825103      	-2.6135441e-04
0.0825323      	-2.6138515e-04
0.0825542      	-2.6141589e-04
0.0825762      	-2.6144662e-04
0.0825981      	-2.6147734e-04
0.08262        	-2.6150807e-04
0.082642       	-2.6153879e-04
0.0826639      	-2.6156950e-04
0.0826859      	-2.6160022e-04
0.0827078      	-2.6163093e-04
0.0827297      	-2.6166163e-04
0.0827517      	-2.6169233e-04
0.0827736      	-2.6172303e-04
0.0827955      	-2.6175373e-04
0.0828174      	-2.6178442e-04
0.0828394      	-2.6181511e-04
0.0828613      	-2.6184579e-04
0.0828832      	-2.6187647e-04
0.0829051      	-2.6190715e-04
0.082927       	-2.6193782e-04
0.0829489      	-2.6196849e-04
0.0829708      	-2.6199916e-04
0.0829927      	-2.6202982e-04
0.0830146      	-2.6206048e-04
0.0830365      	-2.6209113e-04
0.0830584      	-2.6212179e-04
0.0830803      	-2.6215244e-04
0.0831022      	-2.6218308e-04
0.0831241      	-2.6221372e-04
0.083146       	-2.6224436e-04
0.0831679      	-2.6227499e-04
0.0831897      	-2.6230562e-04
0.0832116      	-2.6233625e-04
0.0832335      	-2.6236687e-04
0.0832554      	-2.6239749e-04
0.0832772      	-2.6242811e-04
0.0832991      	-2.6245872e-04
0.0833209      	-2.6248933e-04
0.0833428      	-2.6251993e-04
0.0833647      	-2.6255054e-04
0.0833865      	-2.6258113e-04
0.0834084      	-2.6261173e-04
0.0834302      	-2.6264232e-04
0.0834521      	-2.6267291e-04
0.0834739      	-2.6270349e-04
0.0834958      	-2.6273407e-04
0.0835176      	-2.6276465e-04
0.0835394      	-2.6279522e-04
0.0835613      	-2.6282579e-04
0.0835831      	-2.6285636e-04
0.0836049      	-2.6288692e-04
0.0836268      	-2.6291748e-04
0.0836486      	-2.6294804e-04
0.0836704      	-2.6297859e-04
0.0836922      	-2.6300914e-04
0.0837141      	-2.6303968e-04
0.0837359      	-2.6307022e-04
0.0837577      	-2.6310076e-04
0.0837795      	-2.6313129e-04
0.0838013      	-2.6316182e-04
0.0838231      	-2.6319235e-04
0.0838449      	-2.6322288e-04
0.0838667      	-2.6325340e-04
0.0838885      	-2.6328391e-04
0.0839103      	-2.6331442e-04
0.0839321      	-2.6334493e-04
0.0839539      	-2.6337544e-04
0.0839757      	-2.6340594e-04
0.0839975      	-2.6343644e-04
0.0840192      	-2.6346713e-04
0.084041       	-2.6349784e-04
0.0840628      	-2.6352854e-04
0.0840846      	-2.6355925e-04
0.0841063      	-2.6358995e-04
0.0841281      	-2.6362064e-04
0.0841499      	-2.6365133e-04
0.0841716      	-2.6368202e-04
0.0841934      	-2.6371271e-04
0.0842152      	-2.6374339e-04
0.0842369      	-2.6377406e-04
0.0842587      	-2.6380474e-04
0.0842804      	-2.6383541e-04
0.0843022      	-2.6386607e-04
0.0843239      	-2.6389674e-04
0.0843457      	-2.6392740e-04
0.0843674      	-2.6395805e-04
0.0843892      	-2.6398871e-04
0.0844109      	-2.6401935e-04
0.0844326      	-2.6405000e-04
0.0844544      	-2.6408064e-04
0.0844761      	-2.6411128e-04
0.0844978      	-2.6414191e-04
0.0845195      	-2.6417255e-04
0.0845413      	-2.6420317e-04
0.084563       	-2.6423380e-04
0.0845847      	-2.6426442e-04
0.0846064      	-2.6429503e-04
0.0846281      	-2.6432565e-04
0.0846498      	-2.6435626e-04
0.0846715      	-2.6438686e-04
0.0846932      	-2.6441747e-04
0.0847149      	-2.6444807e-04
0.0847366      	-2.6447866e-04
0.0847583      	-2.6450925e-04
0.08478        	-2.6453984e-04
0.0848017      	-2.6457043e-04
0.0848234      	-2.6460101e-04
0.0848451      	-2.6463159e-04
0.0848668      	-2.6466216e-04
0.0848885      	-2.6469273e-04
0.0849101      	-2.6472330e-04
0.0849318      	-2.6475386e-04
0.0849535      	-2.6478442e-04
0.0849752      	-2.6481498e-04
0.0849968      	-2.6484553e-04
0.0850185      	-2.6487590e-04
0.0850402      	-2.6490623e-04
0.0850618      	-2.6493655e-04
0.0850835      	-2.6496688e-04
0.0851051      	-2.6499720e-04
0.0851268      	-2.6502751e-04
0.0851484      	-2.6505782e-04
0.0851701      	-2.6508813e-04
0.0851917      	-2.6511844e-04
0.0852134      	-2.6514874e-04
0.085235       	-2.6517904e-04
0.0852567      	-2.6520933e-04
0.0852783      	-2.6523962e-04
0.0852999      	-2.6526991e-04
0.0853216      	-2.6530020e-04
0.0853432      	-2.6533048e-04
0.0853648      	-2.6536076e-04
0.0853864      	-2.6539103e-04
0.0854081      	-2.6542130e-04
0.0854297      	-2.6545157e-04
0.0854513      	-2.6548183e-04
0.0854729      	-2.6551209e-04
0.0854945      	-2.6554235e-04
0.0855161      	-2.6557260e-04
0.0855378      	-2.6560285e-04
0.0855594      	-2.6563310e-04
0.085581       	-2.6566334e-04
0.0856026      	-2.6569358e-04
0.0856242      	-2.6572382e-04
0.0856458      	-2.6575405e-04
0.0856673      	-2.6578428e-04
0.0856889      	-2.6581451e-04
0.0857105      	-2.6584473e-04
0.0857321      	-2.6587495e-04
0.0857537      	-2.6590516e-04
0.0857753      	-2.6593537e-04
0.0857968      	-2.6596558e-04
0.0858184      	-2.6599579e-04
0.08584        	-2.6602599e-04
0.0858616      	-2.6605619e-04
0.0858831      	-2.6608638e-04
0.0859047      	-2.6611658e-04
0.0859263      	-2.6614676e-04
0.0859478      	-2.6617695e-04
0.0859694      	-2.6620713e-04
0.0859909      	-2.6623731e-04
0.0860125      	-2.6626748e-04
0.086034       	-2.6629765e-04
0.0860556      	-2.6632782e-04
0.0860771      	-2.6635799e-04
0.0860987      	-2.6638815e-04
0.0861202      	-2.6641830e-04
0.0861418      	-2.6644846e-04
0.0861633      	-2.6647861e-04
0.0861848      	-2.6650876e-04
0.0862064      	-2.6653890e-04
0.0862279      	-2.6656904e-04
0.0862494      	-2.6659918e-04
0.0862709      	-2.6662931e-04
0.0862925      	-2.6665944e-04
0.086314       	-2.6668957e-04
0.0863355      	-2.6671969e-04
0.086357       	-2.6674981e-04
0.0863785      	-2.6677993e-04
0.0864         	-2.6681004e-04
0.0864215      	-2.6684015e-04
0.086443       	-2.6687026e-04
0.0864645      	-2.6690036e-04
0.086486       	-2.6693046e-04
0.0865075      	-2.6696055e-04
0.086529       	-2.6699065e-04
0.0865505      	-2.6702074e-04
0.086572       	-2.6705082e-04
0.0865935      	-2.6708090e-04
0.086615       	-2.6711098e-04
0.0866365      	-2.6714106e-04
0.086658       	-2.6717113e-04
0.0866794      	-2.6720120e-04
0.0867009      	-2.6723127e-04
0.0867224      	-2.6726133e-04
0.0867438      	-2.6729139e-04
0.0867653      	-2.6732144e-04
0.0867868      	-2.6735150e-04
0.0868082      	-2.6738154e-04
0.0868297      	-2.6741159e-04
0.0868512      	-2.6744163e-04
0.0868726      	-2.6747167e-04
0.0868941      	-2.6750171e-04
0.0869155      	-2.6753174e-04
0.086937       	-2.6756177e-04
0.0869584      	-2.6759179e-04
0.0869799      	-2.6762181e-04
0.0870013      	-2.6765183e-04
0.0870227      	-2.6768185e-04
0.0870442      	-2.6771186e-04
0.0870656      	-2.6774187e-04
0.0870871      	-2.6777187e-04
0.0871085      	-2.6780187e-04
0.0871299      	-2.6783187e-04
0.0871513      	-2.6786187e-04
0.0871728      	-2.6789186e-04
0.0871942      	-2.6792185e-04
0.0872156      	-2.6795183e-04
0.087237       	-2.6798181e-04
0.0872584      	-2.6801179e-04
0.0872798      	-2.6804176e-04
0.0873012      	-2.6807174e-04
0.0873226      	-2.6810170e-04
0.087344       	-2.6813167e-04
0.0873654      	-2.6816163e-04
0.0873868      	-2.6819159e-04
0.0874082      	-2.6822154e-04
0.0874296      	-2.6825149e-04
0.087451       	-2.6828144e-04
0.0874724      	-2.6831139e-04
0.0874938      	-2.6834133e-04
0.0875152      	-2.6837126e-04
0.0875366      	-2.6840120e-04
0.087558       	-2.6843113e-04
0.0875793      	-2.6846106e-04
0.0876007      	-2.6849098e-04
0.0876221      	-2.6852090e-04
0.0876434      	-2.6855082e-04
0.0876648      	-2.6858074e-04
0.0876862      	-2.6861065e-04
0.0877075      	-2.6864056e-04
0.0877289      	-2.6867046e-04
0.0877503      	-2.6870036e-04
0.0877716      	-2.6873026e-04
0.087793       	-2.6876015e-04
0.0878143      	-2.6879005e-04
0.0878357      	-2.6881993e-04
0.087857       	-2.6884982e-04
0.0878784      	-2.6887970e-04
0.0878997      	-2.6890958e-04
0.087921       	-2.6893945e-04
0.0879424      	-2.6896932e-04
0.0879637      	-2.6899919e-04
0.087985       	-2.6902906e-04
0.0880064      	-2.6905898e-04
0.0880277      	-2.6908905e-04
0.088049       	-2.6911912e-04
0.0880703      	-2.6914918e-04
0.0880917      	-2.6917925e-04
0.088113       	-2.6920930e-04
0.0881343      	-2.6923936e-04
0.0881556      	-2.6926941e-04
0.0881769      	-2.6929946e-04
0.0881982      	-2.6932950e-04
0.0882195      	-2.6935954e-04
0.0882408      	-2.6938958e-04
0.0882621      	-2.6941961e-04
0.0882834      	-2.6944965e-04
0.0883047      	-2.6947967e-04
0.088326       	-2.6950970e-04
0.0883473      	-2.6953972e-04
0.0883686      	-2.6956974e-04
0.0883899      	-2.6959975e-04
0.0884112      	-2.6962976e-04
0.0884325      	-2.6965977e-04
0.0884537      	-2.6968977e-04
0.088475       	-2.6971977e-04
0.0884963      	-2.6974977e-04
0.0885176      	-2.6977977e-04
0.0885388      	-2.6980976e-04
0.0885601      	-2.6983975e-04
0.0885814      	-2.6986973e-04
0.0886026      	-2.6989971e-04
0.0886239      	-2.6992969e-04
0.0886452      	-2.6995966e-04
0.0886664      	-2.6998963e-04
0.0886877      	-2.7001960e-04
0.0887089      	-2.7004957e-04
0.0887302      	-2.7007953e-04
0.0887514      	-2.7010948e-04
0.0887727      	-2.7013944e-04
0.0887939      	-2.7016939e-04
0.0888151      	-2.7019934e-04
0.0888364      	-2.7022928e-04
0.0888576      	-2.7025922e-04
0.0888788      	-2.7028916e-04
0.0889001      	-2.7031910e-04
0.0889213      	-2.7034903e-04
0.0889425      	-2.7037895e-04
0.0889637      	-2.7040888e-04
0.088985       	-2.7043880e-04
0.0890062      	-2.7046866e-04
0.0890274      	-2.7049836e-04
0.0890486      	-2.7052806e-04
0.0890698      	-2.7055775e-04
0.089091       	-2.7058745e-04
0.0891122      	-2.7061714e-04
0.0891334      	-2.7064682e-04
0.0891546      	-2.7067650e-04
0.0891758      	-2.7070618e-04
0.089197       	-2.7073586e-04
0.0892182      	-2.7076553e-04
0.0892394      	-2.7079520e-04
0.0892606      	-2.7082487e-04
0.0892818      	-2.7085453e-04
0.089303       	-2.7088419e-04
0.0893242      	-2.7091385e-04
0.0893454      	-2.7094350e-04
0.0893665      	-2.7097315e-04
0.0893877      	-2.7100280e-04
0.0894089      	-2.7103245e-04
0.0894301      	-2.7106209e-04
0.0894512      	-2.7109172e-04
0.0894724      	-2.7112136e-04
0.0894936      	-2.7115099e-04
0.0895147      	-2.7118062e-04
0.0895359      	-2.7121024e-04
0.089557       	-2.7123986e-04
0.0895782      	-2.7126948e-04
0.0895994      	-2.7129909e-04
0.0896205      	-2.7132871e-04
0.0896417      	-2.7135831e-04
0.0896628      	-2.7138792e-04
0.0896839      	-2.7141752e-04
0.0897051      	-2.7144712e-04
0.0897262      	-2.7147671e-04
0.0897474      	-2.7150631e-04
0.0897685      	-2.7153590e-04
0.0897896      	-2.7156548e-04
0.0898108      	-2.7159506e-04
0.0898319      	-2.7162464e-04
0.089853       	-2.7165422e-04
0.0898741      	-2.7168379e-04
0.0898953      	-2.7171336e-04
0.0899164      	-2.7174293e-04
0.0899375      	-2.7177249e-04
0.0899586      	-2.7180205e-04
0.0899797      	-2.7183161e-04
0.0900008      	-2.7186116e-04
0.0900219      	-2.7189071e-04
0.090043       	-2.7192026e-04
0.0900641      	-2.7194980e-04
0.0900852      	-2.7197934e-04
0.0901063      	-2.7200888e-04
0.0901274      	-2.7203841e-04
0.0901485      	-2.7206795e-04
0.0901696      	-2.7209747e-04
0.0901907      	-2.7212700e-04
0.0902118      	-2.7215652e-04
0.0902329      	-2.7218604e-04
0.090254       	-2.7221555e-04
0.090275       	-2.7224506e-04
0.0902961      	-2.7227457e-04
0.0903172      	-2.7230408e-04
0.0903383      	-2.7233358e-04
0.0903593      	-2.7236308e-04
0.0903804      	-2.7239258e-04
0.0904012      	-2.7242161e-04
0.0904196      	-2.7244745e-04
0.0904359      	-2.7247025e-04
0.0904501      	-2.7249016e-04
0.0904624      	-2.7250735e-04
0.0904729      	-2.7252207e-04
0.0904818      	-2.7253454e-04
0.0904893      	-2.7254502e-04
0.0904956      	-2.7255378e-04
0.0905008      	-2.7256106e-04
0.090505       	-2.7256706e-04
0.0905086      	-2.7257200e-04
0.0905115      	-2.7257605e-04
0.0905138      	-2.7257935e-04
0.0905157      	-2.7258204e-04
0.0905173      	-2.7258422e-04
0.0905186      	-2.7258599e-04
0.0905196      	-2.7258742e-04
0.0905204      	-2.7258858e-04
0.0905211      	-2.7258951e-04
0.0905216      	-2.7259026e-04
0.090522       	-2.7259087e-04
0.0905224      	-2.7259135e-04
0.0905227      	-2.7259174e-04
0.0905229      	-2.7259206e-04
0.0905231      	-2.7259231e-04
0.0905232      	-2.7259251e-04
0.0905233      	-2.7259268e-04
0.0905234      	-2.7259281e-04
0.0905235      	-2.7259291e-04
0.0905236      	-2.7259300e-04
0.0905236      	-2.7259307e-04
0.0905237      	-2.7259312e-04
0.0905237      	-2.7259316e-04
0.0905237      	-2.7259320e-04
0.0905237      	-2.7259323e-04
0.0905238      	-2.7259325e-04
0.0905238      	-2.7259327e-04
0.0905238      	-2.7259328e-04
0.0905238      	-2.7259329e-04
0.0905238      	-2.7259330e-04
0.0905238      	-2.7259331e-04
0.0905238      	-2.7259332e-04
0.0905238      	-2.7259332e-04
0.0905238      	-2.7259333e-04
0.0905238      	-2.7259333e-04
0.0905238      	-2.7259333e-04
0.0905238      	-2.7259333e-04
0.0905238      	-2.7259334e-04
0.0905238      	-2.7259334e-04
0.0905238      	-2.7259334e-04
0.0905238      	-2.7259334e-04
0.0905238      	-2.7259334e-04
0.0905238      	-2.7259334e-04
0.0905238      	-2.7259334e-04
0.0905238      	-2.7259334e-04
0.0905238      	-2.7259334e-04
0.0905238      	-2.7259334e-04
0.0905238      	-2.7259334e-04
0.0905238      	-2.7259334e-04
0.0905238      	-2.7259334e-04
0.0905238      	-2.7259334e-04
0.0905238      	-2.7259334e-04
0.0905238      	-2.7259334e-04
0.0905238      	-2.7259334e-04
0.0905238      	-2.7259334e-04
0.0905238      	-2.7259334e-04
0.0905238      	-2.7259334e-04
0.0905238      	-2.7259334e-04
0.0905238      	-2.7259334e-04
0.0905238      	-2.7259334e-04
0.0905238      	-2.7259334e-04
0.0905238      	-2.7259334e-04
0.0905238      	-2.7259334e-04
0.0905238      	-2.7259334e-04
0.0905238      	-2.7259334e-04
0.0905238      	-2.7259334e-04
0.0905238      	-2.7259334e-04
0.0905238      	-2.7259334e-04
0.0905238      	-2.7259334e-04
0.0905238      	-2.7259334e-04
0.0905238      	-2.7259334e-04
0.0905238      	-2.7259334e-04
0.0905238      	-2.7259334e-04
0.0905238      	-2.7259334e-04
0.0905238      	-2.7259334e-04
0.0905238      	-2.7259334e-04
0.0905238      	-2.7259334e-04
0.0905238      	-2.7259334e-04
0.0905238      	-2.7259334e-04
0.0905238      	-2.7259334e-04
0.0905238      	-2.7259334e-04
0.0905238      	-2.7259334e-04
0.0905238      	-2.7259334e-04
0.0905238      	-2.7259334e-04
0.0905238      	-2.7259334e-04
0.0905238      	-2.7259334e-04
0.0905238      	-2.7259334e-04
0.0905238      	-2.7259334e-04
0.0905238      	-2.7259334e-04
0.0905238      	-2.7259334e-04
0.0905238      	-2.7259334e-04
0.0905238      	-2.7259334e-04
0.0905238      	-2.7259334e-04
0.0905238      	-2.7259334e-04
0.0905238      	-2.7259334e-04
0.0905238      	-2.7259334e-04
0.0905238      	-2.7259334e-04
0.0905238      	-2.7259334e-04
0.0905238      	-2.7259334e-04
0.0905238      	-2.7259334e-04
0.0905238      	-2.7259334e-04
0.0905238      	-2.7259334e-04
0.0905238      	-2.7259334e-04
0.0905238      	-2.7259334e-04
0.0905238      	-2.7259334e-04
0.0905238      	-2.7259334e-04
0.0905238      	-2.7259334e-04
0.0905238      	-2.7259334e-04
0.0905238      	-2.7259334e-04
0.0905238      	-2.7259334e-04
0.0905238      	-2.7259334e-04
0.0905238      	-2.7259334e-04
0.0905238      	-2.7259334e-04
0.0905238      	-2.7259334e-04
0.0905238      	-2.7259334e-04
0.0905238      	-2.7259334e-04
0.0905238      	-2.7259334e-04
0.0905238      	-2.7259334e-04
0.0905238      	-2.7259334e-04
0.0905238      	-2.7259334e-04
0.0905238      	-2.7259334e-04
0.0905238      	-2.7259334e-04
0.0905238      	-2.7259334e-04
0.0905238      	-2.7259334e-04
0.0905238      	-2.7259334e-04
0.0905238      	-2.7259334e-04
0.0905238      	-2.7259334e-04
0.0905238      	-2.7259334e-04
0.0905238      	-2.7259334e-04
0.0905238      	-2.7259334e-04
0.0905238      	-2.7259334e-04
0.0905238      	-2.7259334e-04
0.0905238      	-2.7259334e-04
0.0905238      	-2.7259334e-04
0.0905238      	-2.7259334e-04
0.0905238      	-2.7259334e-04
0.0905238      	-2.7259334e-04
0.0905238      	-2.7259334e-04
0.0905238      	-2.7259334e-04
0.0905238      	-2.7259334e-04
0.0905238      	-2.7259334e-04
0.0905238      	-2.7259334e-04
0.0905238      	-2.7259334e-04
0.0905238      	-2.7259334e-04
0.0905238      	-2.7259334e-04
0.0905238      	-2.7259334e-04
0.0905238      	-2.7259334e-04
0.0905238      	-2.7259334e-04
0.0905238      	-2.7259334e-04
0.0905238      	-2.7259334e-04
0.0905238      	-2.7259334e-04
0.0905238      	-2.7259334e-04
0.0905238      	-2.7259334e-04
0.0905238      	-2.7259334e-04
0.0905238      	-2.7259334e-04
0.0905238      	-2.7259334e-04
0.0905238      	-2.7259334e-04
0.0905238      	-2.7259334e-04
0.0905238      	-2.7259334e-04
0.0905238      	-2.7259334e-04
0.0905238      	-2.7259334e-04
0.0905238      	-2.7259334e-04
0.0905238      	-2.7259334e-04
0.0905238      	-2.7259334e-04
0.0905238      	-2.7259334e-04
0.0905238      	-2.7259334e-04
0.0905238      	-2.7259334e-04
0.0905238      	-2.7259334e-04
0.0905238      	-2.7259334e-04
0.0905238      	-2.7259334e-04
0.0905238      	-2.7259334e-04
0.0905238      	-2.7259334e-04
0.0905238      	-2.7259334e-04
0.0905238      	-2.7259334e-04
0.0905238      	-2.7259334e-04
0.0905238      	-2.7259334e-04
0.0905238      	-2.7259334e-04
0.0905238      	-2.7259334e-04
0.0905238      	-2.7259334e-04
0.0905238      	-2.7259334e-04
0.0905238      	-2.7259334e-04
0.0905238      	-2.7259334e-04
0.0905238      	-2.7259334e-04
0.0905238      	-2.7259334e-04
0.0905238      	-2.7259334e-04
0.0905238      	-2.7259334e-04
0.0905238      	-2.7259334e-04
0.0905238      	-2.7259334e-04
0.0905238      	-2.7259334e-04
0.0905238      	-2.7259334e-04
0.0905238      	-2.7259334e-04
0.0905238      	-2.7259334e-04
0.0905238      	-2.7259334e-04
0.0905238      	-2.7259334e-04
0.0905238      	-2.7259334e-04
0.0905238      	-2.7259334e-04
0.0905238      	-2.7259334e-04
0.0905238      	-2.7259334e-04
0.0905238      	-2.7259334e-04
0.0905238      	-2.7259334e-04
0.0905238      	-2.7259334e-04
0.0905238      	-2.7259334e-04
0.0905238      	-2.7259334e-04
0.0905238      	-2.7259334e-04
0.0905238      	-2.7259334e-04
0.0905238      	-2.7259334e-04
0.0905238      	-2.7259334e-04
0.0905238      	-2.7259334e-04
0.0905238      	-2.7259334e-04
0.0905238      	-2.7259334e-04
0.0905238      	-2.7259334e-04
0.0905238      	-2.7259334e-04
0.0905238      	-2.7259334e-04
0.0905238      	-2.7259334e-04
0.0905238      	-2.7259334e-04
0.0905238      	-2.7259334e-04
