# Region type : patch Rc1_sub2
# Faces        : 118
# Area         : 2.8615821e-06
# Scale factor : 1.0000000e+00
# Time         	sum(phi)
6e-05          	1.1466715e-10
0.000132       	2.5290637e-10
0.0002184      	4.1880306e-10
0.00032208     	6.1926630e-10
0.000446496    	8.6112877e-10
0.000595795    	1.1553030e-09
0.000774954    	1.5128487e-09
0.000989945    	1.9511915e-09
0.00124793     	2.4888696e-09
0.00155752     	3.1545647e-09
0.00192903     	3.9800787e-09
0.00237483     	5.0138070e-09
0.0029098      	6.3116642e-09
0.00355176     	7.9572192e-09
0.00429765     	9.9831608e-09
0.00475382     	1.1314361e-08
0.00497048     	1.1962854e-08
0.00518408     	1.2616266e-08
0.00542151     	1.3350107e-08
0.00568516     	1.4183124e-08
0.00595414     	1.5044209e-08
0.0062144      	1.5897136e-08
0.00646879     	1.6740698e-08
0.00672414     	1.7605136e-08
0.00698347     	1.8492389e-08
0.0072456      	1.9406552e-08
0.0075082      	2.0331675e-08
0.00777027     	2.1272620e-08
0.00803213     	2.2221798e-08
0.00829441     	2.3189808e-08
0.00855734     	2.4168886e-08
0.00882083     	2.5167161e-08
0.00908463     	2.6175395e-08
0.00934861     	2.7201839e-08
0.00961272     	2.8237128e-08
0.00987701     	2.9289897e-08
0.0101415      	3.0350975e-08
0.0104061      	3.1428823e-08
0.0106708      	3.2515064e-08
0.0109356      	3.3618205e-08
0.0112005      	3.4729568e-08
0.0114655      	3.5857729e-08
0.0117307      	3.6993995e-08
0.0119958      	3.8146938e-08
0.0122611      	3.9309005e-08
0.0125265      	4.0487712e-08
0.0127919      	4.1674355e-08
0.0130543      	4.2863412e-08
0.0133099      	4.4028007e-08
0.0135591      	4.5178768e-08
0.0138025      	4.6308655e-08
0.01404        	4.7424817e-08
0.0142718      	4.8521131e-08
0.0144983      	4.9605115e-08
0.0147199      	5.0670155e-08
0.0149367      	5.1724318e-08
0.0151492      	5.2760359e-08
0.0153574      	5.3786399e-08
0.0155616      	5.4796534e-08
0.0157619      	5.5798022e-08
0.0159587      	5.6784795e-08
0.016152       	5.7763786e-08
0.0163419      	5.8729078e-08
0.0165288      	5.9687320e-08
0.0167125      	6.0632760e-08
0.0168934      	6.1571792e-08
0.0170714      	6.2499257e-08
0.0172468      	6.3421518e-08
0.0174196      	6.4332454e-08
0.0175899      	6.5238019e-08
0.0177578      	6.6132895e-08
0.0179234      	6.7022841e-08
0.0180867      	6.7902099e-08
0.0182479      	6.8776321e-08
0.0184071      	6.9640940e-08
0.0185642      	7.0501369e-08
0.0187193      	7.1352648e-08
0.0188726      	7.2200048e-08
0.019024       	7.3038883e-08
0.0191736      	7.3874983e-08
0.0193216      	7.4702719e-08
0.0194678      	7.5527084e-08
0.0196124      	7.6343442e-08
0.0197555      	7.7156663e-08
0.019897       	7.7962206e-08
0.020037       	7.8764560e-08
0.0201755      	7.9558796e-08
0.0203126      	8.0350310e-08
0.0204484      	8.1134733e-08
0.0205828      	8.1916603e-08
0.0207159      	8.2691635e-08
0.0208477      	8.3464273e-08
0.0209783      	8.4230313e-08
0.0211076      	8.4994105e-08
0.0212358      	8.5751520e-08
0.0213628      	8.6506821e-08
0.0214886      	8.7255951e-08
0.0216134      	8.8003093e-08
0.021737       	8.8744260e-08
0.0218597      	8.9483558e-08
0.0219812      	9.0217070e-08
0.0221018      	9.0949636e-08
0.0222213      	9.1676726e-08
0.0223399      	9.2402141e-08
0.0224576      	9.3122094e-08
0.0225742      	9.3840473e-08
0.02269        	9.4553546e-08
0.0228049      	9.5265135e-08
0.0229189      	9.5971567e-08
0.023032       	9.6676336e-08
0.0231443      	9.7375416e-08
0.0232558      	9.8073184e-08
0.0233664      	9.8766072e-08
0.0234763      	9.9457716e-08
0.0235853      	1.0014460e-07
0.0236936      	1.0083030e-07
0.0238011      	1.0151136e-07
0.0239079      	1.0219131e-07
0.024014       	1.0286672e-07
0.0241193      	1.0354109e-07
0.0242239      	1.0421103e-07
0.0243279      	1.0487997e-07
0.0244311      	1.0554458e-07
0.0245337      	1.0620825e-07
0.0246356      	1.0686769e-07
0.0247369      	1.0752623e-07
0.0248375      	1.0818063e-07
0.0249375      	1.0883420e-07
0.0250369      	1.0948405e-07
0.0251357      	1.1013367e-07
0.0252339      	1.1077931e-07
0.0253315      	1.1142419e-07
0.0254285      	1.1206518e-07
0.0255249      	1.1270545e-07
0.0256208      	1.1334191e-07
0.0257161      	1.1397768e-07
0.0258108      	1.1460973e-07
0.0259051      	1.1524113e-07
0.0259987      	1.1586888e-07
0.0260919      	1.1649515e-07
0.0261846      	1.1711783e-07
0.0262767      	1.1773994e-07
0.0263683      	1.1835853e-07
0.0264595      	1.1897659e-07
0.0265501      	1.1959119e-07
0.0266403      	1.2020528e-07
0.02673        	1.2081597e-07
0.0268192      	1.2142618e-07
0.0269079      	1.2203306e-07
0.0269962      	1.2263949e-07
0.0270841      	1.2324346e-07
0.0271715      	1.2384704e-07
0.0272584      	1.2444738e-07
0.027345       	1.2504732e-07
0.0274311      	1.2564408e-07
0.0275167      	1.2624046e-07
0.027602       	1.2683371e-07
0.0276868      	1.2742661e-07
0.0277713      	1.2801642e-07
0.0278553      	1.2860591e-07
0.0279389      	1.2919237e-07
0.0280222      	1.2977830e-07
0.028105       	1.3036063e-07
0.0281875      	1.3094268e-07
0.0282696      	1.3152179e-07
0.0283513      	1.3210064e-07
0.0284326      	1.3267660e-07
0.0285136      	1.3325231e-07
0.0285942      	1.3382517e-07
0.0286744      	1.3439780e-07
0.0287543      	1.3496762e-07
0.0288339      	1.3553722e-07
0.0289131      	1.3610405e-07
0.0289919      	1.3667068e-07
0.0290705      	1.3723459e-07
0.0291486      	1.3779831e-07
0.0292265      	1.3835934e-07
0.029304       	1.3892019e-07
0.0293812      	1.3947839e-07
0.0294581      	1.4003643e-07
0.0295346      	1.4059185e-07
0.0296109      	1.4114713e-07
0.0296868      	1.4169982e-07
0.0297624      	1.4225237e-07
0.0298378      	1.4280238e-07
0.0299128      	1.4335226e-07
0.0299875      	1.4389963e-07
0.0300619      	1.4444757e-07
0.0301361      	1.4499315e-07
0.0302099      	1.4553863e-07
0.0302834      	1.4608165e-07
0.0303567      	1.4662458e-07
0.0304297      	1.4716507e-07
0.0305024      	1.4770549e-07
0.0305748      	1.4824351e-07
0.030647       	1.4878146e-07
0.0307189      	1.4931705e-07
0.0307905      	1.4985257e-07
0.0308618      	1.5038576e-07
0.0309329      	1.5091890e-07
0.0310038      	1.5144968e-07
0.0310743      	1.5197968e-07
0.0311446      	1.5250739e-07
0.0312147      	1.5303509e-07
0.0312845      	1.5356052e-07
0.0313541      	1.5408594e-07
0.0314234      	1.5460913e-07
0.0314924      	1.5513230e-07
0.0315613      	1.5565327e-07
0.0316298      	1.5617423e-07
0.0316982      	1.5669301e-07
0.0317663      	1.5721179e-07
0.0318342      	1.5772840e-07
0.0319018      	1.5824504e-07
0.0319692      	1.5875953e-07
0.0320364      	1.5927405e-07
0.0321034      	1.5978644e-07
0.0321701      	1.6029887e-07
0.0322366      	1.6080920e-07
0.0323029      	1.6131956e-07
0.032369       	1.6182785e-07
0.0324348      	1.6233617e-07
0.0325005      	1.6284245e-07
0.0325659      	1.6334876e-07
0.0326311      	1.6385304e-07
0.0326961      	1.6435738e-07
0.0327609      	1.6485970e-07
0.0328255      	1.6536208e-07
0.0328899      	1.6586247e-07
0.0329541      	1.6636292e-07
0.0330181      	1.6686162e-07
0.0330819      	1.6736094e-07
0.0331454      	1.6785829e-07
0.0332088      	1.6835572e-07
0.033272       	1.6885120e-07
0.033335       	1.6934676e-07
0.0333978      	1.6984040e-07
0.0334604      	1.7033412e-07
0.0335229      	1.7082594e-07
0.0335851      	1.7131784e-07
0.0336472      	1.7180786e-07
0.033709       	1.7229797e-07
0.0337707      	1.7278621e-07
0.0338322      	1.7327455e-07
0.0338935      	1.7376104e-07
0.0339547      	1.7424763e-07
0.0340156      	1.7473220e-07
0.0340764      	1.7521631e-07
0.034137       	1.7569861e-07
0.0341974      	1.7618103e-07
0.0342577      	1.7666165e-07
0.0343178      	1.7714238e-07
0.0343777      	1.7762133e-07
0.0344375      	1.7810040e-07
0.034497       	1.7857769e-07
0.0345564      	1.7905511e-07
0.0346157      	1.7953077e-07
0.0346748      	1.8000656e-07
0.0347337      	1.8048060e-07
0.0347925      	1.8095478e-07
0.034851       	1.8142723e-07
0.0349095      	1.8189981e-07
0.0349678      	1.8237068e-07
0.0350259      	1.8284202e-07
0.0350838      	1.8331206e-07
0.0351416      	1.8378225e-07
0.0351993      	1.8425074e-07
0.0352568      	1.8471937e-07
0.0353141      	1.8518633e-07
0.0353713      	1.8565343e-07
0.0354284      	1.8611886e-07
0.0354853      	1.8658444e-07
0.035542       	1.8704838e-07
0.0355986      	1.8751246e-07
0.035655       	1.8797491e-07
0.0357113      	1.8843751e-07
0.0357675      	1.8889848e-07
0.0358235      	1.8935961e-07
0.0358794      	1.8981914e-07
0.0359351      	1.9027882e-07
0.0359907      	1.9073691e-07
0.0360462      	1.9119455e-07
0.0361015      	1.9165049e-07
0.0361566      	1.9210660e-07
0.0362117      	1.9256113e-07
0.0362666      	1.9301584e-07
0.0363213      	1.9346898e-07
0.0363759      	1.9392229e-07
0.0364304      	1.9437406e-07
0.0364848      	1.9482599e-07
0.036539       	1.9527638e-07
0.0365931      	1.9572695e-07
0.0366471      	1.9617599e-07
0.0367009      	1.9662520e-07
0.0367546      	1.9707290e-07
0.0368082      	1.9752077e-07
0.0368616      	1.9796714e-07
0.0369149      	1.9841369e-07
0.0369681      	1.9885874e-07
0.0370212      	1.9930397e-07
0.0370741      	1.9974772e-07
0.037127       	2.0019165e-07
0.0371797      	2.0063410e-07
0.0372322      	2.0107674e-07
0.0372847      	2.0151791e-07
0.037337       	2.0195927e-07
0.0373892      	2.0239917e-07
0.0374413      	2.0283926e-07
0.0374933      	2.0327790e-07
0.0375451      	2.0371673e-07
0.0375969      	2.0415412e-07
0.0376485      	2.0459171e-07
0.0377         	2.0502786e-07
0.0377514      	2.0546421e-07
0.0378026      	2.0589913e-07
0.0378538      	2.0633426e-07
0.0379048      	2.0676797e-07
0.0379558      	2.0720188e-07
0.0380066      	2.0763448e-07
0.0380573      	2.0806789e-07
0.0381079      	2.0849991e-07
0.0381584      	2.0893212e-07
0.0382088      	2.0936294e-07
0.038259       	2.0979396e-07
0.0383092      	2.1022361e-07
0.0383592      	2.1065345e-07
0.0384092      	2.1108193e-07
0.038459       	2.1151061e-07
0.0385087      	2.1193792e-07
0.0385583      	2.1236544e-07
0.0386079      	2.1279161e-07
0.0386573      	2.1321798e-07
0.0387066      	2.1364301e-07
0.0387558      	2.1406825e-07
0.0388049      	2.1449215e-07
0.0388539      	2.1491626e-07
0.0389028      	2.1533905e-07
0.0389516      	2.1576204e-07
0.0390003      	2.1618371e-07
0.0390488      	2.1660491e-07
0.0390973      	2.1702480e-07
0.0391457      	2.1744490e-07
0.039194       	2.1786371e-07
0.0392422      	2.1828273e-07
0.0392903      	2.1870046e-07
0.0393383      	2.1911840e-07
0.0393862      	2.1953505e-07
0.039434       	2.1995192e-07
0.0394817      	2.2036752e-07
0.0395293      	2.2078332e-07
0.0395769      	2.2119785e-07
0.0396243      	2.2161260e-07
0.0396716      	2.2202609e-07
0.0397189      	2.2243979e-07
0.039766       	2.2285224e-07
0.0398131      	2.2326490e-07
0.03986        	2.2367631e-07
0.0399069      	2.2408794e-07
0.0399537      	2.2449833e-07
0.0400004      	2.2490898e-07
0.040047       	2.2532311e-07
0.0400935      	2.2573745e-07
0.0401399      	2.2615052e-07
0.0401862      	2.2656379e-07
0.0402324      	2.2697582e-07
0.0402786      	2.2738806e-07
0.0403246      	2.2779907e-07
0.0403706      	2.2821030e-07
0.0404165      	2.2862030e-07
0.0404623      	2.2903052e-07
0.040508       	2.2943953e-07
0.0405536      	2.2984876e-07
0.0405992      	2.3025678e-07
0.0406446      	2.3066503e-07
0.04069        	2.3107208e-07
0.0407353      	2.3147935e-07
0.0407805      	2.3188544e-07
0.0408256      	2.3229175e-07
0.0408706      	2.3269688e-07
0.0409155      	2.3310224e-07
0.0409604      	2.3350642e-07
0.0410052      	2.3391083e-07
0.0410499      	2.3431407e-07
0.0410945      	2.3471754e-07
0.041139       	2.3511985e-07
0.0411835      	2.3552240e-07
0.0412279      	2.3592378e-07
0.0412721      	2.3632539e-07
0.0413164      	2.3672585e-07
0.0413605      	2.3712655e-07
0.0414045      	2.3752610e-07
0.0414485      	2.3792588e-07
0.0414924      	2.3832452e-07
0.0415362      	2.3872340e-07
0.04158        	2.3912114e-07
0.0416236      	2.3951912e-07
0.0416672      	2.3991597e-07
0.0417107      	2.4031305e-07
0.0417542      	2.4070901e-07
0.0417975      	2.4110521e-07
0.0418408      	2.4150028e-07
0.041884       	2.4189560e-07
0.0419271      	2.4228980e-07
0.0419702      	2.4268424e-07
0.0420132      	2.4307737e-07
0.0420561      	2.4347029e-07
0.0420989      	2.4386211e-07
0.0421417      	2.4425417e-07
0.0421843      	2.4464514e-07
0.042227       	2.4503635e-07
0.0422695      	2.4542647e-07
0.042312       	2.4581683e-07
0.0423544      	2.4620611e-07
0.0423967      	2.4659562e-07
0.0424389      	2.4698406e-07
0.0424811      	2.4737274e-07
0.0425232      	2.4776033e-07
0.0425653      	2.4814817e-07
0.0426073      	2.4853494e-07
0.0426492      	2.4892195e-07
0.042691       	2.4930789e-07
0.0427328      	2.4969408e-07
0.0427745      	2.5007920e-07
0.0428161      	2.5046457e-07
0.0428576      	2.5084888e-07
0.0428991      	2.5123343e-07
0.0429405      	2.5161693e-07
0.0429819      	2.5200067e-07
0.0430232      	2.5238373e-07
0.0430644      	2.5276732e-07
0.0431056      	2.5314986e-07
0.0431467      	2.5353264e-07
0.0431877      	2.5391437e-07
0.0432286      	2.5429635e-07
0.0432695      	2.5467730e-07
0.0433104      	2.5505848e-07
0.0433511      	2.5543863e-07
0.0433918      	2.5581903e-07
0.0434324      	2.5619840e-07
0.043473       	2.5657801e-07
0.0435135      	2.5695660e-07
0.0435539      	2.5733543e-07
0.0435943      	2.5771325e-07
0.0436346      	2.5809130e-07
0.0436749      	2.5846835e-07
0.0437151      	2.5884564e-07
0.0437552      	2.5922192e-07
0.0437952      	2.5959845e-07
0.0438352      	2.5997397e-07
0.0438752      	2.6034974e-07
0.0439151      	2.6072450e-07
0.0439549      	2.6109951e-07
0.0439946      	2.6147353e-07
0.0440343      	2.6184779e-07
0.0440739      	2.6222106e-07
0.0441135      	2.6259457e-07
0.044153       	2.6296710e-07
0.0441925      	2.6333987e-07
0.0442319      	2.6371166e-07
0.0442712      	2.6408370e-07
0.0443105      	2.6445475e-07
0.0443497      	2.6482604e-07
0.0443888      	2.6519637e-07
0.0444279      	2.6556693e-07
0.044467       	2.6593653e-07
0.0445059      	2.6630636e-07
0.0445449      	2.6667524e-07
0.0445837      	2.6704435e-07
0.0446225      	2.6741250e-07
0.0446613      	2.6778090e-07
0.0447         	2.6814834e-07
0.0447386      	2.6851602e-07
0.0447772      	2.6888275e-07
0.0448157      	2.6924972e-07
0.0448542      	2.6961574e-07
0.0448926      	2.6998201e-07
0.0449309      	2.7034733e-07
0.0449692      	2.7071289e-07
0.0450075      	2.7107752e-07
0.0450457      	2.7144238e-07
0.0450838      	2.7180631e-07
0.0451219      	2.7217048e-07
0.0451599      	2.7253372e-07
0.0451979      	2.7289720e-07
0.0452358      	2.7325975e-07
0.0452736      	2.7362254e-07
0.0453114      	2.7398440e-07
0.0453492      	2.7434651e-07
0.0453869      	2.7470769e-07
0.0454245      	2.7506911e-07
0.0454621      	2.7542961e-07
0.0454997      	2.7579036e-07
0.0455371      	2.7615019e-07
0.0455746      	2.7651026e-07
0.045612       	2.7686941e-07
0.0456493      	2.7722881e-07
0.0456866      	2.7758730e-07
0.0457238      	2.7794603e-07
0.045761       	2.7830386e-07
0.0457981      	2.7866193e-07
0.0458351      	2.7901910e-07
0.0458722      	2.7937650e-07
0.0459091      	2.7973302e-07
0.0459461      	2.8008977e-07
0.0459829      	2.8044563e-07
0.0460197      	2.8080140e-07
0.0460565      	2.8115599e-07
0.0460932      	2.8151083e-07
0.0461299      	2.8186478e-07
0.0461665      	2.8221898e-07
0.0462031      	2.8257229e-07
0.0462396      	2.8292585e-07
0.0462761      	2.8327852e-07
0.0463125      	2.8363144e-07
0.0463489      	2.8398348e-07
0.0463852      	2.8433576e-07
0.0464215      	2.8468717e-07
0.0464577      	2.8503881e-07
0.0464939      	2.8538959e-07
0.04653        	2.8574060e-07
0.0465661      	2.8609075e-07
0.0466021      	2.8644113e-07
0.0466381      	2.8679065e-07
0.046674       	2.8714042e-07
0.0467099      	2.8748932e-07
0.0467458      	2.8783845e-07
0.0467816      	2.8818673e-07
0.0468173      	2.8853525e-07
0.046853       	2.8888292e-07
0.0468887      	2.8923082e-07
0.0469243      	2.8957788e-07
0.0469599      	2.8992517e-07
0.0469954      	2.9027161e-07
0.0470309      	2.9061883e-07
0.0470663      	2.9096527e-07
0.0471017      	2.9131195e-07
0.047137       	2.9165779e-07
0.0471723      	2.9200386e-07
0.0472075      	2.9234910e-07
0.0472428      	2.9269456e-07
0.0472779      	2.9303919e-07
0.047313       	2.9338406e-07
0.0473481      	2.9372809e-07
0.0473831      	2.9407235e-07
0.0474181      	2.9441579e-07
0.047453       	2.9475946e-07
0.0474879      	2.9510230e-07
0.0475228      	2.9544538e-07
0.0475576      	2.9578764e-07
0.0475923      	2.9613013e-07
0.047627       	2.9647180e-07
0.0476617      	2.9681370e-07
0.0476964      	2.9715479e-07
0.0477309      	2.9749611e-07
0.0477655      	2.9783661e-07
0.0478         	2.9817735e-07
0.0478344      	2.9851728e-07
0.0478689      	2.9885745e-07
0.0479032      	2.9919680e-07
0.0479376      	2.9953639e-07
0.0479719      	2.9987518e-07
0.0480061      	3.0021420e-07
0.0480403      	3.0055241e-07
0.0480745      	3.0089086e-07
0.0481086      	3.0122851e-07
0.0481427      	3.0156639e-07
0.0481767      	3.0190347e-07
0.0482107      	3.0224079e-07
0.0482447      	3.0257732e-07
0.0482786      	3.0291408e-07
0.0483125      	3.0325004e-07
0.0483463      	3.0358624e-07
0.0483801      	3.0392165e-07
0.0484138      	3.0425730e-07
0.0484476      	3.0459216e-07
0.0484812      	3.0492725e-07
0.0485149      	3.0526155e-07
0.0485485      	3.0559609e-07
0.048582       	3.0592985e-07
0.0486155      	3.0626384e-07
0.048649       	3.0659706e-07
0.0486824      	3.0693050e-07
0.0487158      	3.0726317e-07
0.0487492      	3.0759607e-07
0.0487825      	3.0792820e-07
0.0488158      	3.0826057e-07
0.048849       	3.0859216e-07
0.0488822      	3.0892398e-07
0.0489154      	3.0925503e-07
0.0489485      	3.0958632e-07
0.0489816      	3.0991684e-07
0.0490146      	3.1024759e-07
0.0490476      	3.1057758e-07
0.0490806      	3.1090780e-07
0.0491135      	3.1123727e-07
0.0491464      	3.1156696e-07
0.0491793      	3.1189589e-07
0.0492121      	3.1222506e-07
0.0492449      	3.1255347e-07
0.0492776      	3.1288211e-07
0.0493103      	3.1320999e-07
0.049343       	3.1353811e-07
0.0493756      	3.1386548e-07
0.0494082      	3.1419307e-07
0.0494408      	3.1451992e-07
0.0494733      	3.1484700e-07
0.0495058      	3.1517334e-07
0.0495382      	3.1549990e-07
0.0495706      	3.1582572e-07
0.049603       	3.1615177e-07
0.0496353      	3.1647708e-07
0.0496676      	3.1680262e-07
0.0496999      	3.1712742e-07
0.0497321      	3.1745245e-07
0.0497643      	3.1777674e-07
0.0497965      	3.1810126e-07
0.0498286      	3.1842505e-07
0.0498607      	3.1874907e-07
0.0498927      	3.1907236e-07
0.0499247      	3.1939588e-07
0.0499567      	3.1971867e-07
0.0499886      	3.2004168e-07
0.0500206      	3.2022849e-07
0.0500524      	3.2034114e-07
0.0500843      	3.2045404e-07
0.0501162      	3.2056784e-07
0.050148       	3.2068162e-07
0.0501798      	3.2079605e-07
0.0502116      	3.2091026e-07
0.0502434      	3.2102494e-07
0.0502752      	3.2113928e-07
0.050307       	3.2125400e-07
0.0503388      	3.2136828e-07
0.0503705      	3.2148287e-07
0.0504022      	3.2159696e-07
0.0504339      	3.2171130e-07
0.0504656      	3.2182510e-07
0.0504973      	3.2193913e-07
0.050529       	3.2205258e-07
0.0505606      	3.2216621e-07
0.0505923      	3.2227924e-07
0.0506239      	3.2239242e-07
0.0506555      	3.2250499e-07
0.0506871      	3.2261769e-07
0.0507187      	3.2272976e-07
0.0507503      	3.2284194e-07
0.0507818      	3.2295348e-07
0.0508134      	3.2306511e-07
0.0508449      	3.2317609e-07
0.0508764      	3.2328716e-07
0.0509079      	3.2339755e-07
0.0509394      	3.2350803e-07
0.0509708      	3.2361782e-07
0.0510023      	3.2372773e-07
0.0510337      	3.2383748e-07
0.0510652      	3.2394729e-07
0.0510966      	3.2405640e-07
0.051128       	3.2416557e-07
0.0511594      	3.2427403e-07
0.0511907      	3.2438254e-07
0.0512221      	3.2449034e-07
0.0512534      	3.2459818e-07
0.0512848      	3.2470531e-07
0.0513161      	3.2481247e-07
0.0513474      	3.2491892e-07
0.0513787      	3.2502540e-07
0.0514099      	3.2513117e-07
0.0514412      	3.2523696e-07
0.0514725      	3.2534203e-07
0.0515037      	3.2544712e-07
0.0515349      	3.2555149e-07
0.0515661      	3.2565589e-07
0.0515973      	3.2575955e-07
0.0516285      	3.2586324e-07
0.0516596      	3.2596620e-07
0.0516908      	3.2606919e-07
0.0517219      	3.2617144e-07
0.051753       	3.2627371e-07
0.0517842      	3.2637525e-07
0.0518153      	3.2647682e-07
0.0518463      	3.2657765e-07
0.0518774      	3.2667850e-07
0.0519085      	3.2677862e-07
0.0519395      	3.2687876e-07
0.0519705      	3.2697817e-07
0.0520015      	3.2707760e-07
0.0520325      	3.2717630e-07
0.0520635      	3.2727501e-07
0.0520945      	3.2737300e-07
0.0521255      	3.2747101e-07
0.0521564      	3.2756829e-07
0.0521873      	3.2766558e-07
0.0522183      	3.2776215e-07
0.0522492      	3.2785874e-07
0.0522801      	3.2795461e-07
0.0523109      	3.2805049e-07
0.0523418      	3.2814564e-07
0.0523727      	3.2824082e-07
0.0524035      	3.2833527e-07
0.0524343      	3.2842974e-07
0.0524651      	3.2852350e-07
0.0524959      	3.2861727e-07
0.0525267      	3.2871033e-07
0.0525575      	3.2880342e-07
0.0525883      	3.2889578e-07
0.052619       	3.2898818e-07
0.0526497      	3.2907986e-07
0.0526805      	3.2917157e-07
0.0527112      	3.2926257e-07
0.0527419      	3.2935360e-07
0.0527725      	3.2944392e-07
0.0528032      	3.2953427e-07
0.0528339      	3.2962392e-07
0.0528645      	3.2971360e-07
0.0528951      	3.2980258e-07
0.0529257      	3.2989159e-07
0.0529563      	3.2997991e-07
0.0529869      	3.3006826e-07
0.0530175      	3.3015592e-07
0.0530481      	3.3024362e-07
0.0530786      	3.3033063e-07
0.0531092      	3.3041767e-07
0.0531397      	3.3050403e-07
0.0531702      	3.3059043e-07
0.0532007      	3.3067615e-07
0.0532312      	3.3076192e-07
0.0532617      	3.3084700e-07
0.0532921      	3.3093212e-07
0.0533226      	3.3101657e-07
0.053353       	3.3110107e-07
0.0533834      	3.3118490e-07
0.0534138      	3.3126877e-07
0.0534442      	3.3135198e-07
0.0534746      	3.3143524e-07
0.053505       	3.3151784e-07
0.0535354      	3.3160049e-07
0.0535657      	3.3168247e-07
0.053596       	3.3176452e-07
0.0536264      	3.3184591e-07
0.0536567      	3.3192736e-07
0.053687       	3.3200816e-07
0.0537172      	3.3208902e-07
0.0537475      	3.3216923e-07
0.0537778      	3.3224951e-07
0.053808       	3.3232914e-07
0.0538383      	3.3240884e-07
0.0538685      	3.3248789e-07
0.0538987      	3.3256702e-07
0.0539289      	3.3264551e-07
0.0539591      	3.3272409e-07
0.0539892      	3.3280202e-07
0.0540194      	3.3287968e-07
0.0540495      	3.3295651e-07
0.0540797      	3.3303343e-07
0.0541098      	3.3310972e-07
0.0541399      	3.3318610e-07
0.05417        	3.3326185e-07
0.0542001      	3.3333770e-07
0.0542302      	3.3341293e-07
0.0542602      	3.3348825e-07
0.0542903      	3.3356296e-07
0.0543203      	3.3363776e-07
0.0543503      	3.3371195e-07
0.0543803      	3.3378624e-07
0.0544103      	3.3385992e-07
0.0544403      	3.3393370e-07
0.0544703      	3.3400688e-07
0.0545002      	3.3408016e-07
0.0545302      	3.3415283e-07
0.0545601      	3.3422562e-07
0.0545901      	3.3429780e-07
0.05462        	3.3437010e-07
0.0546499      	3.3444180e-07
0.0546798      	3.3451362e-07
0.0547096      	3.3458485e-07
0.0547395      	3.3465619e-07
0.0547694      	3.3472695e-07
0.0547992      	3.3479783e-07
0.054829       	3.3486812e-07
0.0548589      	3.3493854e-07
0.0548887      	3.3500838e-07
0.0549184      	3.3507834e-07
0.0549482      	3.3514773e-07
0.054978       	3.3521726e-07
0.0550078      	3.3528635e-07
0.0550375      	3.3535598e-07
0.0550672      	3.3542504e-07
0.055097       	3.3549423e-07
0.0551267      	3.3556286e-07
0.0551564      	3.3563162e-07
0.0551861      	3.3569982e-07
0.0552157      	3.3576817e-07
0.0552454      	3.3583596e-07
0.055275       	3.3590389e-07
0.0553047      	3.3597126e-07
0.0553343      	3.3603879e-07
0.0553639      	3.3610576e-07
0.0553935      	3.3617288e-07
0.0554231      	3.3623945e-07
0.0554527      	3.3630618e-07
0.0554823      	3.3637237e-07
0.0555118      	3.3643870e-07
0.0555414      	3.3650450e-07
0.0555709      	3.3657046e-07
0.0556004      	3.3663588e-07
0.0556299      	3.3670146e-07
0.0556594      	3.3676651e-07
0.0556889      	3.3683172e-07
0.0557184      	3.3689640e-07
0.0557479      	3.3696126e-07
0.0557773      	3.3702558e-07
0.0558068      	3.3709008e-07
0.0558362      	3.3715405e-07
0.0558656      	3.3721820e-07
0.055895       	3.3728183e-07
0.0559244      	3.3734563e-07
0.0559538      	3.3740892e-07
0.0559832      	3.3747239e-07
0.0560125      	3.3753534e-07
0.0560419      	3.3759848e-07
0.0560712      	3.3766110e-07
0.0561005      	3.3772391e-07
0.0561298      	3.3778622e-07
0.0561591      	3.3784870e-07
0.0561884      	3.3791069e-07
0.0562177      	3.3797287e-07
0.056247       	3.3803454e-07
0.0562762      	3.3809640e-07
0.0563055      	3.3815777e-07
0.0563347      	3.3821933e-07
0.0563639      	3.3828040e-07
0.0563932      	3.3834166e-07
0.0564224      	3.3840243e-07
0.0564515      	3.3846339e-07
0.0564807      	3.3852387e-07
0.0565099      	3.3858455e-07
0.056539       	3.3864475e-07
0.0565682      	3.3870514e-07
0.0565973      	3.3876506e-07
0.0566264      	3.3882517e-07
0.0566556      	3.3888481e-07
0.0566847      	3.3894465e-07
0.0567137      	3.3900402e-07
0.0567428      	3.3906359e-07
0.0567719      	3.3912269e-07
0.0568009      	3.3918200e-07
0.05683        	3.3924084e-07
0.056859       	3.3929989e-07
0.056888       	3.3935847e-07
0.056917       	3.3941727e-07
0.056946       	3.3947560e-07
0.056975       	3.3953415e-07
0.057004       	3.3959224e-07
0.057033       	3.3965054e-07
0.0570619      	3.3970839e-07
0.0570909      	3.3976645e-07
0.0571198      	3.3982406e-07
0.0571487      	3.3988189e-07
0.0571776      	3.3993926e-07
0.0572065      	3.3999686e-07
0.0572354      	3.4005401e-07
0.0572643      	3.4011137e-07
0.0572932      	3.4016829e-07
0.057322       	3.4022544e-07
0.0573509      	3.4028213e-07
0.0573797      	3.4033906e-07
0.0574085      	3.4039554e-07
0.0574374      	3.4045225e-07
0.0574662      	3.4050852e-07
0.057495       	3.4056502e-07
0.0575237      	3.4062108e-07
0.0575525      	3.4067737e-07
0.0575813      	3.4073322e-07
0.05761        	3.4078931e-07
0.0576388      	3.4084496e-07
0.0576675      	3.4090084e-07
0.0576962      	3.4095630e-07
0.0577249      	3.4101199e-07
0.0577536      	3.4106725e-07
0.0577823      	3.4112274e-07
0.057811       	3.4117781e-07
0.0578396      	3.4123312e-07
0.0578683      	3.4128800e-07
0.0578969      	3.4134312e-07
0.0579255      	3.4139781e-07
0.0579542      	3.4145275e-07
0.0579828      	3.4150727e-07
0.0580114      	3.4156182e-07
0.05804        	3.4161564e-07
0.0580685      	3.4166970e-07
0.0580971      	3.4172335e-07
0.0581257      	3.4177724e-07
0.0581542      	3.4183072e-07
0.0581827      	3.4188445e-07
0.0582113      	3.4193776e-07
0.0582398      	3.4199132e-07
0.0582683      	3.4204447e-07
0.0582968      	3.4209786e-07
0.0583253      	3.4215085e-07
0.0583537      	3.4220409e-07
0.0583822      	3.4225691e-07
0.0584107      	3.4230999e-07
0.0584391      	3.4236266e-07
0.0584675      	3.4241559e-07
0.0584959      	3.4246810e-07
0.0585244      	3.4252087e-07
0.0585528      	3.4257323e-07
0.0585811      	3.4262585e-07
0.0586095      	3.4267806e-07
0.0586379      	3.4273053e-07
0.0586663      	3.4278259e-07
0.0586946      	3.4283491e-07
0.0587229      	3.4288683e-07
0.0587513      	3.4293900e-07
0.0587796      	3.4299078e-07
0.0588079      	3.4304282e-07
0.0588362      	3.4309446e-07
0.0588645      	3.4314635e-07
0.0588928      	3.4319786e-07
0.058921       	3.4324962e-07
0.0589493      	3.4330099e-07
0.0589775      	3.4335262e-07
0.0590058      	3.4340397e-07
0.059034       	3.4345598e-07
0.0590622      	3.4350760e-07
0.0590904      	3.4355948e-07
0.0591186      	3.4361097e-07
0.0591468      	3.4366272e-07
0.059175       	3.4371408e-07
0.0592031      	3.4376570e-07
0.0592313      	3.4381693e-07
0.0592594      	3.4386842e-07
0.0592876      	3.4391953e-07
0.0593157      	3.4397089e-07
0.0593438      	3.4402188e-07
0.0593719      	3.4407312e-07
0.0594         	3.4412399e-07
0.0594281      	3.4417511e-07
0.0594562      	3.4422586e-07
0.0594842      	3.4427687e-07
0.0595123      	3.4432749e-07
0.0595403      	3.4437838e-07
0.0595684      	3.4442888e-07
0.0595964      	3.4447965e-07
0.0596244      	3.4453004e-07
0.0596524      	3.4458070e-07
0.0596804      	3.4463098e-07
0.0597084      	3.4468152e-07
0.0597364      	3.4473169e-07
0.0597643      	3.4478213e-07
0.0597923      	3.4483219e-07
0.0598202      	3.4488252e-07
0.0598482      	3.4493247e-07
0.0598761      	3.4498269e-07
0.059904       	3.4503254e-07
0.0599319      	3.4508265e-07
0.0599598      	3.4513240e-07
0.0599877      	3.4518241e-07
0.0600156      	3.4523205e-07
0.0600434      	3.4528196e-07
0.0600713      	3.4533150e-07
0.0600991      	3.4538130e-07
0.060127       	3.4543074e-07
0.0601548      	3.4548044e-07
0.0601826      	3.4552978e-07
0.0602104      	3.4557938e-07
0.0602382      	3.4562862e-07
0.060266       	3.4567813e-07
0.0602938      	3.4572727e-07
0.0603216      	3.4577667e-07
0.0603493      	3.4582571e-07
0.0603771      	3.4587502e-07
0.0604048      	3.4592397e-07
0.0604325      	3.4597318e-07
0.0604603      	3.4602203e-07
0.060488       	3.4607115e-07
0.0605157      	3.4611991e-07
0.0605434      	3.4616893e-07
0.0605711      	3.4621759e-07
0.0605987      	3.4626652e-07
0.0606264      	3.4631509e-07
0.060654       	3.4636393e-07
0.0606817      	3.4641241e-07
0.0607093      	3.4646116e-07
0.0607369      	3.4650955e-07
0.0607646      	3.4655821e-07
0.0607922      	3.4660650e-07
0.0608198      	3.4665507e-07
0.0608473      	3.4670328e-07
0.0608749      	3.4675175e-07
0.0609025      	3.4679987e-07
0.06093        	3.4684826e-07
0.0609576      	3.4689629e-07
0.0609851      	3.4694459e-07
0.0610127      	3.4699254e-07
0.0610402      	3.4704075e-07
0.0610677      	3.4708862e-07
0.0610952      	3.4713674e-07
0.0611227      	3.4718452e-07
0.0611502      	3.4723256e-07
0.0611776      	3.4728025e-07
0.0612051      	3.4732821e-07
0.0612326      	3.4737582e-07
0.06126        	3.4742369e-07
0.0612874      	3.4747121e-07
0.0613149      	3.4751900e-07
0.0613423      	3.4756643e-07
0.0613697      	3.4761414e-07
0.0613971      	3.4766149e-07
0.0614245      	3.4770911e-07
0.0614519      	3.4775638e-07
0.0614792      	3.4780391e-07
0.0615066      	3.4785110e-07
0.0615339      	3.4789855e-07
0.0615613      	3.4794566e-07
0.0615886      	3.4799303e-07
0.0616159      	3.4804006e-07
0.0616433      	3.4808735e-07
0.0616706      	3.4813429e-07
0.0616979      	3.4818150e-07
0.0617251      	3.4822836e-07
0.0617524      	3.4827549e-07
0.0617797      	3.4832227e-07
0.0618069      	3.4836932e-07
0.0618342      	3.4841602e-07
0.0618614      	3.4846298e-07
0.0618887      	3.4850961e-07
0.0619159      	3.4855649e-07
0.0619431      	3.4860304e-07
0.0619703      	3.4864984e-07
0.0619975      	3.4869631e-07
0.0620247      	3.4874304e-07
0.0620519      	3.4878943e-07
0.062079       	3.4883608e-07
0.0621062      	3.4888239e-07
0.0621333      	3.4892896e-07
0.0621605      	3.4897519e-07
0.0621876      	3.4902168e-07
0.0622147      	3.4906783e-07
0.0622419      	3.4911425e-07
0.062269       	3.4916032e-07
0.0622961      	3.4920666e-07
0.0623231      	3.4925265e-07
0.0623502      	3.4929891e-07
0.0623773      	3.4934483e-07
0.0624043      	3.4939101e-07
0.0624314      	3.4943685e-07
0.0624584      	3.4948295e-07
0.0624855      	3.4952871e-07
0.0625125      	3.4957473e-07
0.0625395      	3.4962042e-07
0.0625665      	3.4966637e-07
0.0625935      	3.4971197e-07
0.0626205      	3.4975784e-07
0.0626475      	3.4980338e-07
0.0626744      	3.4984917e-07
0.0627014      	3.4989462e-07
0.0627284      	3.4994034e-07
0.0627553      	3.4998572e-07
0.0627822      	3.5003136e-07
0.0628092      	3.5007666e-07
0.0628361      	3.5012222e-07
0.062863       	3.5016745e-07
0.0628899      	3.5021293e-07
0.0629168      	3.5025808e-07
0.0629437      	3.5030350e-07
0.0629705      	3.5034857e-07
0.0629974      	3.5039390e-07
0.0630243      	3.5043846e-07
0.0630511      	3.5048323e-07
0.0630779      	3.5052767e-07
0.0631048      	3.5057237e-07
0.0631316      	3.5061673e-07
0.0631584      	3.5066135e-07
0.0631852      	3.5070565e-07
0.063212       	3.5075020e-07
0.0632388      	3.5079441e-07
0.0632656      	3.5083889e-07
0.0632923      	3.5088303e-07
0.0633191      	3.5092744e-07
0.0633458      	3.5097150e-07
0.0633726      	3.5101583e-07
0.0633993      	3.5105983e-07
0.063426       	3.5110408e-07
0.0634528      	3.5114800e-07
0.0634795      	3.5119217e-07
0.0635062      	3.5123601e-07
0.0635329      	3.5128011e-07
0.0635595      	3.5132388e-07
0.0635862      	3.5136790e-07
0.0636129      	3.5141159e-07
0.0636395      	3.5145553e-07
0.0636662      	3.5149915e-07
0.0636928      	3.5154302e-07
0.0637195      	3.5158655e-07
0.0637461      	3.5163035e-07
0.0637727      	3.5167381e-07
0.0637993      	3.5171753e-07
0.0638259      	3.5176092e-07
0.0638525      	3.5180456e-07
0.0638791      	3.5184787e-07
0.0639056      	3.5189144e-07
0.0639322      	3.5193468e-07
0.0639587      	3.5197817e-07
0.0639853      	3.5202133e-07
0.0640118      	3.5206497e-07
0.0640384      	3.5210854e-07
0.0640649      	3.5215236e-07
0.0640914      	3.5219586e-07
0.0641179      	3.5223960e-07
0.0641444      	3.5228302e-07
0.0641709      	3.5232669e-07
0.0641974      	3.5237002e-07
0.0642238      	3.5241362e-07
0.0642503      	3.5245688e-07
0.0642767      	3.5250039e-07
0.0643032      	3.5254358e-07
0.0643296      	3.5258702e-07
0.0643561      	3.5263013e-07
0.0643825      	3.5267349e-07
0.0644089      	3.5271652e-07
0.0644353      	3.5275981e-07
0.0644617      	3.5280277e-07
0.0644881      	3.5284598e-07
0.0645144      	3.5288886e-07
0.0645408      	3.5293199e-07
0.0645672      	3.5297480e-07
0.0645935      	3.5301785e-07
0.0646199      	3.5306057e-07
0.0646462      	3.5310355e-07
0.0646725      	3.5314620e-07
0.0646989      	3.5318910e-07
0.0647252      	3.5323168e-07
0.0647515      	3.5327450e-07
0.0647778      	3.5331700e-07
0.0648041      	3.5335975e-07
0.0648303      	3.5340218e-07
0.0648566      	3.5344486e-07
0.0648829      	3.5348721e-07
0.0649091      	3.5352981e-07
0.0649354      	3.5357208e-07
0.0649616      	3.5361461e-07
0.0649878      	3.5365681e-07
0.0650141      	3.5369926e-07
0.0650403      	3.5374139e-07
0.0650665      	3.5378376e-07
0.0650927      	3.5382581e-07
0.0651189      	3.5386811e-07
0.065145       	3.5391008e-07
0.0651712      	3.5395231e-07
0.0651974      	3.5399421e-07
0.0652235      	3.5403635e-07
0.0652497      	3.5407818e-07
0.0652758      	3.5412025e-07
0.065302       	3.5416200e-07
0.0653281      	3.5420400e-07
0.0653542      	3.5424568e-07
0.0653803      	3.5428760e-07
0.0654064      	3.5432920e-07
0.0654325      	3.5437105e-07
0.0654586      	3.5441257e-07
0.0654847      	3.5445435e-07
0.0655107      	3.5449580e-07
0.0655368      	3.5453749e-07
0.0655628      	3.5457887e-07
0.0655889      	3.5462049e-07
0.0656149      	3.5466179e-07
0.0656409      	3.5470333e-07
0.065667       	3.5474456e-07
0.065693       	3.5478603e-07
0.065719       	3.5482718e-07
0.065745       	3.5486858e-07
0.065771       	3.5490966e-07
0.0657969      	3.5495098e-07
0.0658229      	3.5499198e-07
0.0658489      	3.5503323e-07
0.0658748      	3.5507416e-07
0.0659008      	3.5511533e-07
0.0659267      	3.5515619e-07
0.0659527      	3.5519728e-07
0.0659786      	3.5523807e-07
0.0660045      	3.5527909e-07
0.0660304      	3.5531980e-07
0.0660563      	3.5536075e-07
0.0660822      	3.5540139e-07
0.0661081      	3.5544226e-07
0.066134       	3.5548282e-07
0.0661598      	3.5552363e-07
0.0661857      	3.5556411e-07
0.0662115      	3.5560484e-07
0.0662374      	3.5564526e-07
0.0662632      	3.5568591e-07
0.0662891      	3.5572625e-07
0.0663149      	3.5576683e-07
0.0663407      	3.5580710e-07
0.0663665      	3.5584760e-07
0.0663923      	3.5588779e-07
0.0664181      	3.5592822e-07
0.0664439      	3.5596833e-07
0.0664696      	3.5600869e-07
0.0664954      	3.5604873e-07
0.0665212      	3.5608901e-07
0.0665469      	3.5612898e-07
0.0665727      	3.5616919e-07
0.0665984      	3.5620908e-07
0.0666241      	3.5624921e-07
0.0666499      	3.5628903e-07
0.0666756      	3.5632909e-07
0.0667013      	3.5636884e-07
0.066727       	3.5640882e-07
0.0667527      	3.5644850e-07
0.0667784      	3.5648841e-07
0.066804       	3.5652801e-07
0.0668297      	3.5656785e-07
0.0668554      	3.5660737e-07
0.066881       	3.5664714e-07
0.0669067      	3.5668659e-07
0.0669323      	3.5672629e-07
0.0669579      	3.5676567e-07
0.0669835      	3.5680529e-07
0.0670092      	3.5684443e-07
0.0670348      	3.5688351e-07
0.0670604      	3.5692228e-07
0.0670859      	3.5696129e-07
0.0671115      	3.5699999e-07
0.0671371      	3.5703893e-07
0.0671627      	3.5707755e-07
0.0671882      	3.5711641e-07
0.0672138      	3.5715497e-07
0.0672393      	3.5719376e-07
0.0672649      	3.5723224e-07
0.0672904      	3.5727096e-07
0.0673159      	3.5730937e-07
0.0673414      	3.5734802e-07
0.067367       	3.5738635e-07
0.0673925      	3.5742493e-07
0.067418       	3.5746319e-07
0.0674434      	3.5750169e-07
0.0674689      	3.5753989e-07
0.0674944      	3.5757832e-07
0.0675199      	3.5761644e-07
0.0675453      	3.5765480e-07
0.0675708      	3.5769285e-07
0.0675962      	3.5773114e-07
0.0676216      	3.5776912e-07
0.0676471      	3.5780733e-07
0.0676725      	3.5784524e-07
0.0676979      	3.5788338e-07
0.0677233      	3.5792122e-07
0.0677487      	3.5795929e-07
0.0677741      	3.5799705e-07
0.0677995      	3.5803505e-07
0.0678248      	3.5807274e-07
0.0678502      	3.5811067e-07
0.0678756      	3.5814829e-07
0.0679009      	3.5818614e-07
0.0679263      	3.5822369e-07
0.0679516      	3.5826148e-07
0.0679769      	3.5829896e-07
0.0680023      	3.5833671e-07
0.0680276      	3.5837458e-07
0.0680529      	3.5841268e-07
0.0680782      	3.5845048e-07
0.0681035      	3.5848851e-07
0.0681288      	3.5852623e-07
0.068154       	3.5856418e-07
0.0681793      	3.5860184e-07
0.0682046      	3.5863972e-07
0.0682298      	3.5867730e-07
0.0682551      	3.5871511e-07
0.0682803      	3.5875262e-07
0.0683056      	3.5879035e-07
0.0683308      	3.5882779e-07
0.068356       	3.5886546e-07
0.0683812      	3.5890282e-07
0.0684064      	3.5894042e-07
0.0684316      	3.5897771e-07
0.0684568      	3.5901524e-07
0.068482       	3.5905246e-07
0.0685072      	3.5908992e-07
0.0685324      	3.5912707e-07
0.0685575      	3.5916446e-07
0.0685827      	3.5920154e-07
0.0686078      	3.5923886e-07
0.068633       	3.5927587e-07
0.0686581      	3.5931311e-07
0.0686832      	3.5935005e-07
0.0687083      	3.5938723e-07
0.0687335      	3.5942410e-07
0.0687586      	3.5946120e-07
0.0687837      	3.5949801e-07
0.0688088      	3.5953504e-07
0.0688338      	3.5957178e-07
0.0688589      	3.5960874e-07
0.068884       	3.5964541e-07
0.068909       	3.5968231e-07
0.0689341      	3.5971891e-07
0.0689591      	3.5975574e-07
0.0689842      	3.5979227e-07
0.0690092      	3.5982903e-07
0.0690343      	3.5986549e-07
0.0690593      	3.5990219e-07
0.0690843      	3.5993858e-07
0.0691093      	3.5997521e-07
0.0691343      	3.6001154e-07
0.0691593      	3.6004809e-07
0.0691843      	3.6008436e-07
0.0692092      	3.6012084e-07
0.0692342      	3.6015704e-07
0.0692592      	3.6019346e-07
0.0692841      	3.6022958e-07
0.0693091      	3.6026594e-07
0.069334       	3.6030200e-07
0.069359       	3.6033828e-07
0.0693839      	3.6037428e-07
0.0694088      	3.6041049e-07
0.0694337      	3.6044642e-07
0.0694586      	3.6048257e-07
0.0694835      	3.6051843e-07
0.0695084      	3.6055452e-07
0.0695333      	3.6059031e-07
0.0695582      	3.6062632e-07
0.0695831      	3.6066205e-07
0.0696079      	3.6069799e-07
0.0696328      	3.6073365e-07
0.0696576      	3.6076953e-07
0.0696825      	3.6080513e-07
0.0697073      	3.6084094e-07
0.0697321      	3.6087647e-07
0.069757       	3.6091222e-07
0.0697818      	3.6094767e-07
0.0698066      	3.6098336e-07
0.0698314      	3.6101875e-07
0.0698562      	3.6105437e-07
0.069881       	3.6108970e-07
0.0699058      	3.6112525e-07
0.0699305      	3.6116052e-07
0.0699553      	3.6119601e-07
0.0699801      	3.6123120e-07
0.0700048      	3.6126663e-07
0.0700296      	3.6130176e-07
0.0700543      	3.6133712e-07
0.070079       	3.6137219e-07
0.0701038      	3.6140749e-07
0.0701285      	3.6144249e-07
0.0701532      	3.6147772e-07
0.0701779      	3.6151266e-07
0.0702026      	3.6154783e-07
0.0702273      	3.6158270e-07
0.070252       	3.6161780e-07
0.0702767      	3.6165261e-07
0.0703013      	3.6168765e-07
0.070326       	3.6172240e-07
0.0703507      	3.6175737e-07
0.0703753      	3.6179205e-07
0.0704         	3.6182696e-07
0.0704246      	3.6186158e-07
0.0704492      	3.6189642e-07
0.0704739      	3.6193097e-07
0.0704985      	3.6196575e-07
0.0705231      	3.6200025e-07
0.0705477      	3.6203496e-07
0.0705723      	3.6206939e-07
0.0705969      	3.6210404e-07
0.0706215      	3.6213841e-07
0.070646       	3.6217300e-07
0.0706706      	3.6220730e-07
0.0706952      	3.6224182e-07
0.0707197      	3.6227606e-07
0.0707443      	3.6231053e-07
0.0707688      	3.6234471e-07
0.0707934      	3.6237911e-07
0.0708179      	3.6241322e-07
0.0708424      	3.6244756e-07
0.0708669      	3.6248162e-07
0.0708914      	3.6251589e-07
0.0709159      	3.6254988e-07
0.0709404      	3.6258410e-07
0.0709649      	3.6261803e-07
0.0709894      	3.6265218e-07
0.0710139      	3.6268579e-07
0.0710384      	3.6271944e-07
0.0710628      	3.6275280e-07
0.0710873      	3.6278639e-07
0.0711117      	3.6281969e-07
0.0711362      	3.6285322e-07
0.0711606      	3.6288647e-07
0.0711851      	3.6291993e-07
0.0712095      	3.6295312e-07
0.0712339      	3.6298653e-07
0.0712583      	3.6301966e-07
0.0712827      	3.6305300e-07
0.0713071      	3.6308607e-07
0.0713315      	3.6311936e-07
0.0713559      	3.6315237e-07
0.0713803      	3.6318559e-07
0.0714046      	3.6321854e-07
0.071429       	3.6325171e-07
0.0714534      	3.6328459e-07
0.0714777      	3.6331770e-07
0.0715021      	3.6335053e-07
0.0715264      	3.6338357e-07
0.0715507      	3.6341634e-07
0.0715751      	3.6344932e-07
0.0715994      	3.6348203e-07
0.0716237      	3.6351495e-07
0.071648       	3.6354760e-07
0.0716723      	3.6358046e-07
0.0716966      	3.6361305e-07
0.0717209      	3.6364585e-07
0.0717452      	3.6367838e-07
0.0717694      	3.6371113e-07
0.0717937      	3.6374359e-07
0.071818       	3.6377628e-07
0.0718422      	3.6380868e-07
0.0718665      	3.6384131e-07
0.0718907      	3.6387366e-07
0.0719149      	3.6390623e-07
0.0719392      	3.6393851e-07
0.0719634      	3.6397102e-07
0.0719876      	3.6400325e-07
0.0720118      	3.6403592e-07
0.072036       	3.6406853e-07
0.0720602      	3.6410136e-07
0.0720844      	3.6413392e-07
0.0721086      	3.6416669e-07
0.0721328      	3.6419918e-07
0.072157       	3.6423189e-07
0.0721811      	3.6426432e-07
0.0722053      	3.6429697e-07
0.0722294      	3.6432934e-07
0.0722536      	3.6436193e-07
0.0722777      	3.6439424e-07
0.0723019      	3.6442677e-07
0.072326       	3.6445902e-07
0.0723501      	3.6449149e-07
0.0723742      	3.6452369e-07
0.0723983      	3.6455610e-07
0.0724224      	3.6458823e-07
0.0724465      	3.6462059e-07
0.0724706      	3.6465267e-07
0.0724947      	3.6468496e-07
0.0725188      	3.6471699e-07
0.0725428      	3.6474922e-07
0.0725669      	3.6478119e-07
0.072591       	3.6481337e-07
0.072615       	3.6484527e-07
0.0726391      	3.6487739e-07
0.0726631      	3.6490924e-07
0.0726871      	3.6494131e-07
0.0727112      	3.6497310e-07
0.0727352      	3.6500511e-07
0.0727592      	3.6503684e-07
0.0727832      	3.6506879e-07
0.0728072      	3.6510047e-07
0.0728312      	3.6513237e-07
0.0728552      	3.6516399e-07
0.0728792      	3.6519583e-07
0.0729031      	3.6522739e-07
0.0729271      	3.6525917e-07
0.0729511      	3.6529068e-07
0.072975       	3.6532241e-07
0.072999       	3.6535387e-07
0.0730229      	3.6538554e-07
0.0730469      	3.6541694e-07
0.0730708      	3.6544855e-07
0.0730947      	3.6547990e-07
0.0731186      	3.6551146e-07
0.0731425      	3.6554275e-07
0.0731665      	3.6557425e-07
0.0731904      	3.6560549e-07
0.0732143      	3.6563694e-07
0.0732381      	3.6566812e-07
0.073262       	3.6569951e-07
0.0732859      	3.6573064e-07
0.0733098      	3.6576198e-07
0.0733336      	3.6579305e-07
0.0733575      	3.6582433e-07
0.0733813      	3.6585535e-07
0.0734052      	3.6588658e-07
0.073429       	3.6591754e-07
0.0734529      	3.6594872e-07
0.0734767      	3.6597962e-07
0.0735005      	3.6601075e-07
0.0735243      	3.6604160e-07
0.0735481      	3.6607267e-07
0.0735719      	3.6610346e-07
0.0735957      	3.6613448e-07
0.0736195      	3.6616522e-07
0.0736433      	3.6619618e-07
0.0736671      	3.6622688e-07
0.0736909      	3.6625778e-07
0.0737146      	3.6628842e-07
0.0737384      	3.6631927e-07
0.0737621      	3.6634986e-07
0.0737859      	3.6638066e-07
0.0738096      	3.6641119e-07
0.0738334      	3.6644194e-07
0.0738571      	3.6647242e-07
0.0738808      	3.6650311e-07
0.0739045      	3.6653354e-07
0.0739283      	3.6656418e-07
0.073952       	3.6659456e-07
0.0739757      	3.6662514e-07
0.0739993      	3.6665547e-07
0.074023       	3.6668600e-07
0.0740467      	3.6671627e-07
0.0740704      	3.6674676e-07
0.0740941      	3.6677698e-07
0.0741177      	3.6680741e-07
0.0741414      	3.6683758e-07
0.074165       	3.6686795e-07
0.0741887      	3.6689807e-07
0.0742123      	3.6692840e-07
0.074236       	3.6695846e-07
0.0742596      	3.6698874e-07
0.0742832      	3.6701875e-07
0.0743068      	3.6704897e-07
0.0743304      	3.6707893e-07
0.074354       	3.6710910e-07
0.0743776      	3.6713901e-07
0.0744012      	3.6716913e-07
0.0744248      	3.6719899e-07
0.0744484      	3.6722906e-07
0.074472       	3.6725887e-07
0.0744955      	3.6728888e-07
0.0745191      	3.6731864e-07
0.0745426      	3.6734860e-07
0.0745662      	3.6737831e-07
0.0745897      	3.6740822e-07
0.0746133      	3.6743787e-07
0.0746368      	3.6746773e-07
0.0746603      	3.6749733e-07
0.0746839      	3.6752714e-07
0.0747074      	3.6755670e-07
0.0747309      	3.6758646e-07
0.0747544      	3.6761596e-07
0.0747779      	3.6764567e-07
0.0748014      	3.6767512e-07
0.0748249      	3.6770478e-07
0.0748483      	3.6773419e-07
0.0748718      	3.6776380e-07
0.0748953      	3.6779315e-07
0.0749187      	3.6782271e-07
0.0749422      	3.6785202e-07
0.0749656      	3.6788153e-07
0.0749891      	3.6791078e-07
0.0750125      	3.6794001e-07
0.075036       	3.6796879e-07
0.0750594      	3.6799778e-07
0.0750828      	3.6802651e-07
0.0751062      	3.6805545e-07
0.0751296      	3.6808413e-07
0.075153       	3.6811302e-07
0.0751764      	3.6814166e-07
0.0751998      	3.6817050e-07
0.0752232      	3.6819909e-07
0.0752466      	3.6822788e-07
0.07527        	3.6825642e-07
0.0752933      	3.6828517e-07
0.0753167      	3.6831366e-07
0.0753401      	3.6834236e-07
0.0753634      	3.6837080e-07
0.0753868      	3.6839945e-07
0.0754101      	3.6842785e-07
0.0754334      	3.6845645e-07
0.0754568      	3.6848479e-07
0.0754801      	3.6851335e-07
0.0755034      	3.6854164e-07
0.0755267      	3.6857015e-07
0.07555        	3.6859839e-07
0.0755733      	3.6862686e-07
0.0755966      	3.6865505e-07
0.0756199      	3.6868347e-07
0.0756432      	3.6871161e-07
0.0756665      	3.6873998e-07
0.0756897      	3.6876807e-07
0.075713       	3.6879640e-07
0.0757363      	3.6882444e-07
0.0757595      	3.6885272e-07
0.0757828      	3.6888071e-07
0.075806       	3.6890895e-07
0.0758293      	3.6893689e-07
0.0758525      	3.6896508e-07
0.0758757      	3.6899298e-07
0.0758989      	3.6902111e-07
0.0759221      	3.6904897e-07
0.0759454      	3.6907706e-07
0.0759686      	3.6910486e-07
0.0759918      	3.6913291e-07
0.076015       	3.6916094e-07
0.0760381      	3.6918936e-07
0.0760613      	3.6921749e-07
0.0760845      	3.6924587e-07
0.0761077      	3.6927395e-07
0.0761308      	3.6930227e-07
0.076154       	3.6933031e-07
0.0761771      	3.6935859e-07
0.0762003      	3.6938657e-07
0.0762234      	3.6941480e-07
0.0762466      	3.6944274e-07
0.0762697      	3.6947092e-07
0.0762928      	3.6949882e-07
0.0763159      	3.6952695e-07
0.0763391      	3.6955480e-07
0.0763622      	3.6958288e-07
0.0763853      	3.6961068e-07
0.0764084      	3.6963872e-07
0.0764315      	3.6966647e-07
0.0764545      	3.6969447e-07
0.0764776      	3.6972217e-07
0.0765007      	3.6975012e-07
0.0765238      	3.6977778e-07
0.0765468      	3.6980568e-07
0.0765699      	3.6983330e-07
0.0765929      	3.6986115e-07
0.076616       	3.6988872e-07
0.076639       	3.6991653e-07
0.0766621      	3.6994405e-07
0.0766851      	3.6997182e-07
0.0767081      	3.6999930e-07
0.0767311      	3.7002702e-07
0.0767542      	3.7005445e-07
0.0767772      	3.7008213e-07
0.0768002      	3.7010951e-07
0.0768232      	3.7013714e-07
0.0768462      	3.7016448e-07
0.0768691      	3.7019207e-07
0.0768921      	3.7021936e-07
0.0769151      	3.7024691e-07
0.0769381      	3.7027416e-07
0.076961       	3.7030166e-07
0.076984       	3.7032886e-07
0.0770069      	3.7035632e-07
0.0770299      	3.7038348e-07
0.0770528      	3.7041089e-07
0.0770758      	3.7043801e-07
0.0770987      	3.7046538e-07
0.0771216      	3.7049245e-07
0.0771445      	3.7051978e-07
0.0771675      	3.7054681e-07
0.0771904      	3.7057409e-07
0.0772133      	3.7060108e-07
0.0772362      	3.7062832e-07
0.0772591      	3.7065526e-07
0.077282       	3.7068246e-07
0.0773048      	3.7070936e-07
0.0773277      	3.7073651e-07
0.0773506      	3.7076337e-07
0.0773734      	3.7079048e-07
0.0773963      	3.7081729e-07
0.0774192      	3.7084436e-07
0.077442       	3.7087113e-07
0.0774649      	3.7089815e-07
0.0774877      	3.7092488e-07
0.0775105      	3.7095186e-07
0.0775334      	3.7097855e-07
0.0775562      	3.7100548e-07
0.077579       	3.7103213e-07
0.0776018      	3.7105902e-07
0.0776246      	3.7108562e-07
0.0776474      	3.7111247e-07
0.0776702      	3.7113904e-07
0.077693       	3.7116584e-07
0.0777158      	3.7119236e-07
0.0777386      	3.7121913e-07
0.0777613      	3.7124561e-07
0.0777841      	3.7127233e-07
0.0778069      	3.7129877e-07
0.0778296      	3.7132545e-07
0.0778524      	3.7135185e-07
0.0778751      	3.7137849e-07
0.0778979      	3.7140484e-07
0.0779206      	3.7143144e-07
0.0779433      	3.7145775e-07
0.0779661      	3.7148431e-07
0.0779888      	3.7151058e-07
0.0780115      	3.7153709e-07
0.0780342      	3.7156332e-07
0.0780569      	3.7158980e-07
0.0780796      	3.7161599e-07
0.0781023      	3.7164243e-07
0.078125       	3.7166857e-07
0.0781477      	3.7169497e-07
0.0781704      	3.7172108e-07
0.078193       	3.7174743e-07
0.0782157      	3.7177350e-07
0.0782384      	3.7179981e-07
0.078261       	3.7182584e-07
0.0782837      	3.7185211e-07
0.0783063      	3.7187810e-07
0.078329       	3.7190433e-07
0.0783516      	3.7193028e-07
0.0783742      	3.7195648e-07
0.0783969      	3.7198238e-07
0.0784195      	3.7200854e-07
0.0784421      	3.7203440e-07
0.0784647      	3.7206052e-07
0.0784873      	3.7208635e-07
0.0785099      	3.7211242e-07
0.0785325      	3.7213821e-07
0.0785551      	3.7216424e-07
0.0785777      	3.7218999e-07
0.0786003      	3.7221598e-07
0.0786228      	3.7224169e-07
0.0786454      	3.7226765e-07
0.078668       	3.7229332e-07
0.0786905      	3.7231923e-07
0.0787131      	3.7234487e-07
0.0787356      	3.7237074e-07
0.0787582      	3.7239633e-07
0.0787807      	3.7242217e-07
0.0788032      	3.7244773e-07
0.0788258      	3.7247353e-07
0.0788483      	3.7249904e-07
0.0788708      	3.7252480e-07
0.0788933      	3.7255028e-07
0.0789158      	3.7257600e-07
0.0789383      	3.7260144e-07
0.0789608      	3.7262712e-07
0.0789833      	3.7265253e-07
0.0790058      	3.7267807e-07
0.0790283      	3.7270302e-07
0.0790508      	3.7272822e-07
0.0790732      	3.7275314e-07
0.0790957      	3.7277830e-07
0.0791182      	3.7280318e-07
0.0791406      	3.7282831e-07
0.0791631      	3.7285316e-07
0.0791855      	3.7287825e-07
0.0792079      	3.7290306e-07
0.0792304      	3.7292812e-07
0.0792528      	3.7295289e-07
0.0792752      	3.7297791e-07
0.0792977      	3.7300265e-07
0.0793201      	3.7302763e-07
0.0793425      	3.7305233e-07
0.0793649      	3.7307728e-07
0.0793873      	3.7310194e-07
0.0794097      	3.7312686e-07
0.0794321      	3.7315148e-07
0.0794544      	3.7317636e-07
0.0794768      	3.7320095e-07
0.0794992      	3.7322579e-07
0.0795216      	3.7325035e-07
0.0795439      	3.7327515e-07
0.0795663      	3.7329968e-07
0.0795886      	3.7332445e-07
0.079611       	3.7334894e-07
0.0796333      	3.7337367e-07
0.0796557      	3.7339812e-07
0.079678       	3.7342282e-07
0.0797003      	3.7344724e-07
0.0797227      	3.7347190e-07
0.079745       	3.7349629e-07
0.0797673      	3.7352091e-07
0.0797896      	3.7354526e-07
0.0798119      	3.7356985e-07
0.0798342      	3.7359416e-07
0.0798565      	3.7361872e-07
0.0798788      	3.7364299e-07
0.0799011      	3.7366751e-07
0.0799233      	3.7369175e-07
0.0799456      	3.7371624e-07
0.0799679      	3.7374044e-07
0.0799901      	3.7376489e-07
0.0800124      	3.7376230e-07
0.0800347      	3.7373873e-07
0.0800569      	3.7371505e-07
0.0800792      	3.7369174e-07
0.0801014      	3.7366828e-07
0.0801236      	3.7364515e-07
0.0801459      	3.7362184e-07
0.0801681      	3.7359883e-07
0.0801904      	3.7357562e-07
0.0802126      	3.7355269e-07
0.0802348      	3.7352955e-07
0.0802571      	3.7350666e-07
0.0802793      	3.7348356e-07
0.0803015      	3.7346070e-07
0.0803237      	3.7343762e-07
0.0803459      	3.7341477e-07
0.0803681      	3.7339169e-07
0.0803904      	3.7336883e-07
0.0804126      	3.7334575e-07
0.0804348      	3.7332287e-07
0.080457       	3.7329977e-07
0.0804792      	3.7327687e-07
0.0805014      	3.7325375e-07
0.0805236      	3.7323082e-07
0.0805458      	3.7320766e-07
0.080568       	3.7318469e-07
0.0805901      	3.7316149e-07
0.0806123      	3.7313848e-07
0.0806345      	3.7311524e-07
0.0806567      	3.7309217e-07
0.0806789      	3.7306888e-07
0.080701       	3.7304577e-07
0.0807232      	3.7302242e-07
0.0807454      	3.7299926e-07
0.0807675      	3.7297585e-07
0.0807897      	3.7295263e-07
0.0808119      	3.7292916e-07
0.080834       	3.7290588e-07
0.0808562      	3.7288235e-07
0.0808783      	3.7285900e-07
0.0809005      	3.7283541e-07
0.0809226      	3.7281199e-07
0.0809448      	3.7278833e-07
0.0809669      	3.7276485e-07
0.0809891      	3.7274112e-07
0.0810112      	3.7271736e-07
0.0810333      	3.7269316e-07
0.0810555      	3.7266913e-07
0.0810776      	3.7264486e-07
0.0810997      	3.7262075e-07
0.0811218      	3.7259641e-07
0.0811439      	3.7257223e-07
0.0811661      	3.7254781e-07
0.0811882      	3.7252356e-07
0.0812103      	3.7249907e-07
0.0812324      	3.7247474e-07
0.0812545      	3.7245017e-07
0.0812766      	3.7242576e-07
0.0812987      	3.7240111e-07
0.0813208      	3.7237663e-07
0.0813429      	3.7235190e-07
0.081365       	3.7232734e-07
0.0813871      	3.7230253e-07
0.0814092      	3.7227789e-07
0.0814313      	3.7225300e-07
0.0814534      	3.7222827e-07
0.0814754      	3.7220330e-07
0.0814975      	3.7217850e-07
0.0815196      	3.7215345e-07
0.0815417      	3.7212856e-07
0.0815637      	3.7210342e-07
0.0815858      	3.7207845e-07
0.0816079      	3.7205323e-07
0.0816299      	3.7202818e-07
0.081652       	3.7200288e-07
0.081674       	3.7197774e-07
0.0816961      	3.7195235e-07
0.0817182      	3.7192713e-07
0.0817402      	3.7190166e-07
0.0817623      	3.7187635e-07
0.0817843      	3.7185080e-07
0.0818063      	3.7182541e-07
0.0818284      	3.7179978e-07
0.0818504      	3.7177430e-07
0.0818724      	3.7174858e-07
0.0818945      	3.7172302e-07
0.0819165      	3.7169722e-07
0.0819385      	3.7167158e-07
0.0819606      	3.7164569e-07
0.0819826      	3.7161996e-07
0.0820046      	3.7159399e-07
0.0820266      	3.7156818e-07
0.0820486      	3.7154212e-07
0.0820706      	3.7151623e-07
0.0820926      	3.7149009e-07
0.0821146      	3.7146411e-07
0.0821366      	3.7143789e-07
0.0821586      	3.7141183e-07
0.0821806      	3.7138552e-07
0.0822026      	3.7135938e-07
0.0822246      	3.7133299e-07
0.0822466      	3.7130676e-07
0.0822686      	3.7128030e-07
0.0822906      	3.7125399e-07
0.0823126      	3.7122744e-07
0.0823346      	3.7120105e-07
0.0823565      	3.7117442e-07
0.0823785      	3.7114794e-07
0.0824005      	3.7112123e-07
0.0824224      	3.7109468e-07
0.0824444      	3.7106789e-07
0.0824664      	3.7104126e-07
0.0824883      	3.7101439e-07
0.0825103      	3.7098767e-07
0.0825323      	3.7096072e-07
0.0825542      	3.7093393e-07
0.0825762      	3.7090690e-07
0.0825981      	3.7088002e-07
0.08262        	3.7085291e-07
0.082642       	3.7082596e-07
0.0826639      	3.7079878e-07
0.0826859      	3.7077175e-07
0.0827078      	3.7074448e-07
0.0827297      	3.7071738e-07
0.0827517      	3.7069004e-07
0.0827736      	3.7066286e-07
0.0827955      	3.7063544e-07
0.0828174      	3.7060819e-07
0.0828394      	3.7058070e-07
0.0828613      	3.7055336e-07
0.0828832      	3.7052580e-07
0.0829051      	3.7049839e-07
0.082927       	3.7047076e-07
0.0829489      	3.7044327e-07
0.0829708      	3.7041556e-07
0.0829927      	3.7038801e-07
0.0830146      	3.7036023e-07
0.0830365      	3.7033260e-07
0.0830584      	3.7030474e-07
0.0830803      	3.7027705e-07
0.0831022      	3.7024912e-07
0.0831241      	3.7022136e-07
0.083146       	3.7019336e-07
0.0831679      	3.7016552e-07
0.0831897      	3.7013746e-07
0.0832116      	3.7010956e-07
0.0832335      	3.7008142e-07
0.0832554      	3.7005345e-07
0.0832772      	3.7002525e-07
0.0832991      	3.6999721e-07
0.0833209      	3.6996894e-07
0.0833428      	3.6994084e-07
0.0833647      	3.6991250e-07
0.0833865      	3.6988433e-07
0.0834084      	3.6985593e-07
0.0834302      	3.6982770e-07
0.0834521      	3.6979923e-07
0.0834739      	3.6977093e-07
0.0834958      	3.6974241e-07
0.0835176      	3.6971404e-07
0.0835394      	3.6968545e-07
0.0835613      	3.6965703e-07
0.0835831      	3.6962837e-07
0.0836049      	3.6959989e-07
0.0836268      	3.6957118e-07
0.0836486      	3.6954263e-07
0.0836704      	3.6951386e-07
0.0836922      	3.6948525e-07
0.0837141      	3.6945642e-07
0.0837359      	3.6942775e-07
0.0837577      	3.6939886e-07
0.0837795      	3.6937014e-07
0.0838013      	3.6934119e-07
0.0838231      	3.6931241e-07
0.0838449      	3.6928341e-07
0.0838667      	3.6925458e-07
0.0838885      	3.6922552e-07
0.0839103      	3.6919663e-07
0.0839321      	3.6916752e-07
0.0839539      	3.6913857e-07
0.0839757      	3.6910941e-07
0.0839975      	3.6908041e-07
0.0840192      	3.6905154e-07
0.084041       	3.6902289e-07
0.0840628      	3.6899402e-07
0.0840846      	3.6896531e-07
0.0841063      	3.6893639e-07
0.0841281      	3.6890763e-07
0.0841499      	3.6887865e-07
0.0841716      	3.6884984e-07
0.0841934      	3.6882082e-07
0.0842152      	3.6879196e-07
0.0842369      	3.6876289e-07
0.0842587      	3.6873398e-07
0.0842804      	3.6870486e-07
0.0843022      	3.6867591e-07
0.0843239      	3.6864674e-07
0.0843457      	3.6861775e-07
0.0843674      	3.6858854e-07
0.0843892      	3.6855949e-07
0.0844109      	3.6853024e-07
0.0844326      	3.6850115e-07
0.0844544      	3.6847185e-07
0.0844761      	3.6844273e-07
0.0844978      	3.6841339e-07
0.0845195      	3.6838422e-07
0.0845413      	3.6835484e-07
0.084563       	3.6832563e-07
0.0845847      	3.6829620e-07
0.0846064      	3.6826695e-07
0.0846281      	3.6823749e-07
0.0846498      	3.6820820e-07
0.0846715      	3.6817871e-07
0.0846932      	3.6814938e-07
0.0847149      	3.6811984e-07
0.0847366      	3.6809048e-07
0.0847583      	3.6806091e-07
0.08478        	3.6803151e-07
0.0848017      	3.6800191e-07
0.0848234      	3.6797248e-07
0.0848451      	3.6794284e-07
0.0848668      	3.6791337e-07
0.0848885      	3.6788370e-07
0.0849101      	3.6785420e-07
0.0849318      	3.6782450e-07
0.0849535      	3.6779497e-07
0.0849752      	3.6776523e-07
0.0849968      	3.6773567e-07
0.0850185      	3.6770557e-07
0.0850402      	3.6767558e-07
0.0850618      	3.6764539e-07
0.0850835      	3.6761538e-07
0.0851051      	3.6758517e-07
0.0851268      	3.6755513e-07
0.0851484      	3.6752489e-07
0.0851701      	3.6749482e-07
0.0851917      	3.6746456e-07
0.0852134      	3.6743447e-07
0.085235       	3.6740418e-07
0.0852567      	3.6737407e-07
0.0852783      	3.6734375e-07
0.0852999      	3.6731362e-07
0.0853216      	3.6728328e-07
0.0853432      	3.6725312e-07
0.0853648      	3.6722276e-07
0.0853864      	3.6719258e-07
0.0854081      	3.6716220e-07
0.0854297      	3.6713199e-07
0.0854513      	3.6710159e-07
0.0854729      	3.6707136e-07
0.0854945      	3.6704094e-07
0.0855161      	3.6701069e-07
0.0855378      	3.6698025e-07
0.0855594      	3.6694999e-07
0.085581       	3.6691953e-07
0.0856026      	3.6688925e-07
0.0856242      	3.6685877e-07
0.0856458      	3.6682847e-07
0.0856673      	3.6679798e-07
0.0856889      	3.6676766e-07
0.0857105      	3.6673715e-07
0.0857321      	3.6670682e-07
0.0857537      	3.6667630e-07
0.0857753      	3.6664595e-07
0.0857968      	3.6661542e-07
0.0858184      	3.6658506e-07
0.08584        	3.6655451e-07
0.0858616      	3.6652414e-07
0.0858831      	3.6649358e-07
0.0859047      	3.6646319e-07
0.0859263      	3.6643262e-07
0.0859478      	3.6640222e-07
0.0859694      	3.6637163e-07
0.0859909      	3.6634123e-07
0.0860125      	3.6631063e-07
0.086034       	3.6628021e-07
0.0860556      	3.6624961e-07
0.0860771      	3.6621918e-07
0.0860987      	3.6618857e-07
0.0861202      	3.6615814e-07
0.0861418      	3.6612752e-07
0.0861633      	3.6609708e-07
0.0861848      	3.6606645e-07
0.0862064      	3.6603600e-07
0.0862279      	3.6600537e-07
0.0862494      	3.6597492e-07
0.0862709      	3.6594428e-07
0.0862925      	3.6591382e-07
0.086314       	3.6588318e-07
0.0863355      	3.6585272e-07
0.086357       	3.6582207e-07
0.0863785      	3.6579161e-07
0.0864         	3.6576096e-07
0.0864215      	3.6573049e-07
0.086443       	3.6569984e-07
0.0864645      	3.6566937e-07
0.086486       	3.6563872e-07
0.0865075      	3.6560825e-07
0.086529       	3.6557759e-07
0.0865505      	3.6554712e-07
0.086572       	3.6551647e-07
0.0865935      	3.6548599e-07
0.086615       	3.6545534e-07
0.0866365      	3.6542487e-07
0.086658       	3.6539422e-07
0.0866794      	3.6536375e-07
0.0867009      	3.6533310e-07
0.0867224      	3.6530264e-07
0.0867438      	3.6527199e-07
0.0867653      	3.6524153e-07
0.0867868      	3.6521088e-07
0.0868082      	3.6518043e-07
0.0868297      	3.6514979e-07
0.0868512      	3.6511933e-07
0.0868726      	3.6508870e-07
0.0868941      	3.6505825e-07
0.0869155      	3.6502762e-07
0.086937       	3.6499717e-07
0.0869584      	3.6496655e-07
0.0869799      	3.6493611e-07
0.0870013      	3.6490549e-07
0.0870227      	3.6487506e-07
0.0870442      	3.6484445e-07
0.0870656      	3.6481403e-07
0.0870871      	3.6478343e-07
0.0871085      	3.6475301e-07
0.0871299      	3.6472242e-07
0.0871513      	3.6469202e-07
0.0871728      	3.6466143e-07
0.0871942      	3.6463103e-07
0.0872156      	3.6460046e-07
0.087237       	3.6457007e-07
0.0872584      	3.6453951e-07
0.0872798      	3.6450913e-07
0.0873012      	3.6447858e-07
0.0873226      	3.6444821e-07
0.087344       	3.6441767e-07
0.0873654      	3.6438732e-07
0.0873868      	3.6435679e-07
0.0874082      	3.6432645e-07
0.0874296      	3.6429593e-07
0.087451       	3.6426560e-07
0.0874724      	3.6423510e-07
0.0874938      	3.6420478e-07
0.0875152      	3.6417429e-07
0.0875366      	3.6414399e-07
0.087558       	3.6411352e-07
0.0875793      	3.6408323e-07
0.0876007      	3.6405277e-07
0.0876221      	3.6402250e-07
0.0876434      	3.6399206e-07
0.0876648      	3.6396181e-07
0.0876862      	3.6393138e-07
0.0877075      	3.6390114e-07
0.0877289      	3.6387073e-07
0.0877503      	3.6384051e-07
0.0877716      	3.6381012e-07
0.087793       	3.6377991e-07
0.0878143      	3.6374954e-07
0.0878357      	3.6371936e-07
0.087857       	3.6368900e-07
0.0878784      	3.6365883e-07
0.0878997      	3.6362850e-07
0.087921       	3.6359835e-07
0.0879424      	3.6356803e-07
0.0879637      	3.6353791e-07
0.087985       	3.6350761e-07
0.0880064      	3.6347762e-07
0.0880277      	3.6344773e-07
0.088049       	3.6341804e-07
0.0880703      	3.6338817e-07
0.0880917      	3.6335849e-07
0.088113       	3.6332864e-07
0.0881343      	3.6329899e-07
0.0881556      	3.6326916e-07
0.0881769      	3.6323952e-07
0.0881982      	3.6320971e-07
0.0882195      	3.6318010e-07
0.0882408      	3.6315031e-07
0.0882621      	3.6312072e-07
0.0882834      	3.6309096e-07
0.0883047      	3.6306139e-07
0.088326       	3.6303165e-07
0.0883473      	3.6300210e-07
0.0883686      	3.6297239e-07
0.0883899      	3.6294286e-07
0.0884112      	3.6291317e-07
0.0884325      	3.6288367e-07
0.0884537      	3.6285400e-07
0.088475       	3.6282453e-07
0.0884963      	3.6279489e-07
0.0885176      	3.6276544e-07
0.0885388      	3.6273582e-07
0.0885601      	3.6270640e-07
0.0885814      	3.6267681e-07
0.0886026      	3.6264741e-07
0.0886239      	3.6261785e-07
0.0886452      	3.6258848e-07
0.0886664      	3.6255894e-07
0.0886877      	3.6252960e-07
0.0887089      	3.6250009e-07
0.0887302      	3.6247077e-07
0.0887514      	3.6244129e-07
0.0887727      	3.6241200e-07
0.0887939      	3.6238255e-07
0.0888151      	3.6235329e-07
0.0888364      	3.6232387e-07
0.0888576      	3.6229463e-07
0.0888788      	3.6226524e-07
0.0889001      	3.6223603e-07
0.0889213      	3.6220667e-07
0.0889425      	3.6217749e-07
0.0889637      	3.6214816e-07
0.088985       	3.6211901e-07
0.0890062      	3.6208959e-07
0.0890274      	3.6206009e-07
0.0890486      	3.6203042e-07
0.0890698      	3.6200095e-07
0.089091       	3.6197132e-07
0.0891122      	3.6194188e-07
0.0891334      	3.6191228e-07
0.0891546      	3.6188288e-07
0.0891758      	3.6185331e-07
0.089197       	3.6182393e-07
0.0892182      	3.6179440e-07
0.0892394      	3.6176506e-07
0.0892606      	3.6173555e-07
0.0892818      	3.6170624e-07
0.089303       	3.6167677e-07
0.0893242      	3.6164750e-07
0.0893454      	3.6161806e-07
0.0893665      	3.6158881e-07
0.0893877      	3.6155940e-07
0.0894089      	3.6153019e-07
0.0894301      	3.6150082e-07
0.0894512      	3.6147164e-07
0.0894724      	3.6144230e-07
0.0894936      	3.6141315e-07
0.0895147      	3.6138384e-07
0.0895359      	3.6135473e-07
0.089557       	3.6132545e-07
0.0895782      	3.6129637e-07
0.0895994      	3.6126713e-07
0.0896205      	3.6123808e-07
0.0896417      	3.6120887e-07
0.0896628      	3.6117985e-07
0.0896839      	3.6115068e-07
0.0897051      	3.6112170e-07
0.0897262      	3.6109256e-07
0.0897474      	3.6106362e-07
0.0897685      	3.6103451e-07
0.0897896      	3.6100560e-07
0.0898108      	3.6097653e-07
0.0898319      	3.6094765e-07
0.089853       	3.6091862e-07
0.0898741      	3.6088978e-07
0.0898953      	3.6086078e-07
0.0899164      	3.6083197e-07
0.0899375      	3.6080301e-07
0.0899586      	3.6077424e-07
0.0899797      	3.6074531e-07
0.0900008      	3.6071657e-07
0.0900219      	3.6068768e-07
0.090043       	3.6065898e-07
0.0900641      	3.6063013e-07
0.0900852      	3.6060146e-07
0.0901063      	3.6057264e-07
0.0901274      	3.6054402e-07
0.0901485      	3.6051523e-07
0.0901696      	3.6048664e-07
0.0901907      	3.6045790e-07
0.0902118      	3.6042934e-07
0.0902329      	3.6040063e-07
0.090254       	3.6037212e-07
0.090275       	3.6034345e-07
0.0902961      	3.6031497e-07
0.0903172      	3.6028634e-07
0.0903383      	3.6025791e-07
0.0903593      	3.6022932e-07
0.0903804      	3.6020093e-07
0.0904012      	3.6017295e-07
0.0904196      	3.6014914e-07
0.0904359      	3.6012928e-07
0.0904501      	3.6011345e-07
0.0904624      	3.6010112e-07
0.0904729      	3.6009213e-07
0.0904818      	3.6008594e-07
0.0904893      	3.6008233e-07
0.0904956      	3.6008078e-07
0.0905008      	3.6008109e-07
0.090505       	3.6008285e-07
0.0905086      	3.6008587e-07
0.0905115      	3.6008986e-07
0.0905138      	3.6009466e-07
0.0905157      	3.6010008e-07
0.0905173      	3.6010602e-07
0.0905186      	3.6011236e-07
0.0905196      	3.6011905e-07
0.0905204      	3.6012601e-07
0.0905211      	3.6013326e-07
0.0905216      	3.6014077e-07
0.090522       	3.6014859e-07
0.0905224      	3.6015674e-07
0.0905227      	3.6016531e-07
0.0905229      	3.6017441e-07
0.0905231      	3.6018418e-07
0.0905232      	3.6019481e-07
0.0905233      	3.6020654e-07
0.0905234      	3.6021966e-07
0.0905235      	3.6023455e-07
0.0905236      	3.6025166e-07
0.0905236      	3.6027160e-07
0.0905237      	3.6029509e-07
0.0905237      	3.6032303e-07
0.0905237      	3.6035655e-07
0.0905237      	3.6039706e-07
0.0905238      	3.6044629e-07
0.0905238      	3.6050644e-07
0.0905238      	3.6058020e-07
0.0905238      	3.6067095e-07
0.0905238      	3.6078291e-07
0.0905238      	3.6092130e-07
0.0905238      	3.6109265e-07
0.0905238      	3.6130507e-07
0.0905238      	3.6156867e-07
0.0905238      	3.6189602e-07
0.0905238      	3.6230283e-07
0.0905238      	3.6280861e-07
0.0905238      	3.6343769e-07
0.0905238      	3.6422034e-07
0.0905238      	3.6519429e-07
0.0905238      	3.6640656e-07
0.0905238      	3.6791560e-07
0.0905238      	3.6979431e-07
0.0905238      	3.7213341e-07
0.0905238      	3.7504614e-07
0.0905238      	3.7867312e-07
0.0905238      	3.8318987e-07
0.0905238      	3.8881443e-07
0.0905238      	3.9581943e-07
0.0905238      	4.0454280e-07
0.0905238      	4.1540778e-07
0.0905238      	4.2893804e-07
0.0905238      	4.4579082e-07
0.0905238      	4.6677753e-07
0.0905238      	4.9291883e-07
0.0905238      	5.2547076e-07
0.0905238      	5.6601990e-07
0.0905238      	6.1650978e-07
0.0905238      	6.7940836e-07
0.0905238      	7.5772622e-07
0.0905238      	8.5529085e-07
0.0905238      	9.7677176e-07
0.0905238      	1.1281111e-06
0.0905238      	1.3165481e-06
0.0905238      	1.5512989e-06
0.0905238      	1.8435940e-06
0.0905238      	2.2077316e-06
0.0905238      	2.6611331e-06
0.0905238      	3.2259760e-06
0.0905238      	3.9292821e-06
0.0905238      	4.8054536e-06
0.0905238      	5.8964106e-06
0.0905238      	7.2555171e-06
0.0905238      	8.9477922e-06
0.0905238      	1.1056014e-05
0.0905238      	1.3681046e-05
0.0905238      	1.6951295e-05
0.0905238      	2.1023212e-05
0.0905238      	2.6095983e-05
0.0905238      	3.2412287e-05
0.0905238      	4.0281101e-05
0.0905238      	5.0078870e-05
0.0905238      	6.2284873e-05
0.0905238      	7.7483043e-05
0.0905238      	9.6416838e-05
0.0905238      	1.1999204e-04
0.0905238      	1.4936191e-04
0.0905238      	1.8593146e-04
0.0905238      	2.3148961e-04
0.0905238      	2.8821583e-04
0.0905238      	3.5888505e-04
0.0905238      	4.4687803e-04
0.0905238      	5.5649922e-04
0.0905238      	6.9299278e-04
0.0905238      	8.6303576e-04
0.0905238      	1.0747628e-03
0.0905238      	1.3385313e-03
0.0905238      	1.6669596e-03
0.0905238      	2.0761139e-03
0.0905238      	2.5855675e-03
0.0905238      	3.2202424e-03
0.0905238      	4.0105004e-03
0.0905238      	4.9949999e-03
0.0905238      	6.2208378e-03
0.0905238      	7.7479808e-03
0.0905238      	9.6494847e-03
0.0905238      	1.2018369e-02
0.0905238      	1.4967958e-02
0.0905238      	1.8642541e-02
0.0905238      	2.3217904e-02
0.0905238      	2.8917870e-02
0.0905238      	3.6015115e-02
0.0905238      	4.4856829e-02
0.0905238      	5.5865983e-02
0.0905238      	6.9581136e-02
0.0905238      	8.6658394e-02
0.0905238      	1.0793316e-01
0.0905238      	1.3442318e-01
0.0905238      	1.6742433e-01
0.0905238      	2.0851531e-01
0.0905238      	2.5970627e-01
0.0905238      	3.2344606e-01
0.0905238      	4.0285281e-01
0.0905238      	5.0172517e-01
0.0905238      	6.2489989e-01
0.0905238      	7.7826941e-01
0.0905238      	9.6933646e-01
0.0905238      	1.2072413e+00
0.0905238      	1.5036220e+00
0.0905238      	1.8726569e+00
0.0905238      	2.3323989e+00
0.0905238      	2.9048410e+00
0.0905238      	3.6179869e+00
0.0905238      	4.5059518e+00
0.0905238      	5.6121744e+00
0.0905238      	6.9895741e+00
0.0905238      	8.7055324e+00
0.0905238      	1.0842137e+01
0.0905238      	1.3503909e+01
0.0905238      	1.6818183e+01
0.0905238      	2.0947090e+01
0.0905238      	2.6088148e+01
0.0905238      	3.2492856e+01
0.0905238      	4.0467599e+01
0.0905238      	5.0402499e+01
0.0905238      	6.2772817e+01
0.0905238      	7.8183706e+01
0.0905238      	9.7372384e+01
0.0905238      	1.2127756e+02
0.0905238      	1.5104279e+02
0.0905238      	1.8812418e+02
0.0905238      	2.3429562e+02
0.0905238      	2.9181581e+02
0.0905238      	3.6343634e+02
0.0905238      	4.5266093e+02
0.0905238      	5.6375776e+02
0.0905238      	7.0216182e+02
0.0905238      	8.7449373e+02
0.0905238      	1.0891844e+03
0.0905238      	1.3565033e+03
0.0905238      	1.6895290e+03
0.0905238      	2.1041902e+03
0.0905238      	2.6207760e+03
0.0905238      	3.2639918e+03
0.0905238      	4.0653153e+03
0.0905238      	5.0630593e+03
0.0905238      	6.3060683e+03
0.0905238      	7.8537510e+03
0.0905238      	9.7818939e+03
0.0905238      	1.2182636e+04
0.0905238      	1.5173550e+04
0.0905238      	1.8897545e+04
0.0905238      	2.3537020e+04
0.0905238      	2.9313624e+04
0.0905238      	3.6510328e+04
0.0905238      	4.5470911e+04
0.0905238      	5.6634360e+04
0.0905238      	7.0533883e+04
0.0905238      	8.7850496e+04
0.0905238      	1.0941125e+05
0.0905238      	1.3627256e+05
0.0905238      	1.6971731e+05
0.0905238      	2.1138423e+05
0.0905238      	2.6326331e+05
0.0905238      	3.2789650e+05
0.0905238      	4.0837065e+05
0.0905238      	5.0862882e+05
0.0905238      	6.3345929e+05
0.0905238      	7.8897847e+05
0.0905238      	9.8261389e+05
0.0905238      	1.2238532e+06
0.0905238      	1.5242180e+06
0.0905238      	1.8984253e+06
0.0905238      	2.3643473e+06
0.0905238      	2.9448129e+06
0.0905238      	3.6675450e+06
0.0905238      	4.5679558e+06
0.0905238      	5.6890486e+06
0.0905238      	7.0857542e+06
0.0905238      	8.8247788e+06
0.0905238      	1.0991331e+07
0.0905238      	1.3688883e+07
0.0905238      	1.7049610e+07
0.0905238      	2.1234019e+07
0.0905238      	2.6447136e+07
0.0905238      	3.2937936e+07
0.0905238      	4.1024456e+07
0.0905238      	5.1092902e+07
0.0905238      	6.3636607e+07
0.0905238      	7.9254651e+07
0.0905238      	9.8712284e+07
0.0905238      	1.2293879e+08
0.0905238      	1.5312122e+08
0.0905238      	1.9070107e+08
0.0905238      	2.3751967e+08
0.0905238      	2.9581304e+08
