# Region type : patch Lc2_sub1
# Faces        : 64
# Area         : 1.2160938e-06
# Scale factor : 1.0000000e+00
# Time         	sum(phi)
6e-05          	2.3527483e-10
0.000132       	5.1875460e-10
0.0002184      	8.5833745e-10
0.00032208     	1.2673877e-09
0.000446496    	1.7581116e-09
0.000595795    	2.3496892e-09
0.000774954    	3.0587352e-09
0.000989945    	3.9105067e-09
0.00124793     	4.9245570e-09
0.00155752     	6.1290839e-09
0.00192903     	7.5386331e-09
0.00237483     	9.1716184e-09
0.0029098      	1.1017693e-08
0.00355176     	1.3064932e-08
0.00429765     	1.5196984e-08
0.00475382     	1.6430814e-08
0.00497048     	1.6979149e-08
0.00518408     	1.7508199e-08
0.00542151     	1.8066747e-08
0.00568516     	1.8672223e-08
0.00595414     	1.9258776e-08
0.0062144      	1.9817701e-08
0.00646879     	2.0339425e-08
0.00672414     	2.0857722e-08
0.00698347     	2.1362472e-08
0.0072456      	2.1869527e-08
0.0075082      	2.2359437e-08
0.00777027     	2.2850533e-08
0.00803213     	2.3327213e-08
0.00829441     	2.3810466e-08
0.00855734     	2.4284282e-08
0.00882083     	2.4768232e-08
0.00908463     	2.5245818e-08
0.00934861     	2.5736996e-08
0.00961272     	2.6223557e-08
0.00987701     	2.6724889e-08
0.0101415      	2.7222711e-08
0.0104061      	2.7736087e-08
0.0106708      	2.8248347e-08
0.0109356      	2.8778317e-08
0.0112005      	2.9308226e-08
0.0114655      	2.9856661e-08
0.0117307      	3.0405628e-08
0.0119958      	3.0973557e-08
0.0122611      	3.1544566e-08
0.0125265      	3.2134649e-08
0.0127919      	3.2725371e-08
0.0130543      	3.3327609e-08
0.0133099      	3.3912600e-08
0.0135591      	3.4500134e-08
0.0138025      	3.5073064e-08
0.01404        	3.5647712e-08
0.0142718      	3.6209214e-08
0.0144983      	3.6771699e-08
0.0147199      	3.7319485e-08
0.0149367      	3.7868094e-08
0.0151492      	3.8400841e-08
0.0153574      	3.8933712e-08
0.0155616      	3.9452884e-08
0.0157619      	3.9972765e-08
0.0159587      	4.0479441e-08
0.016152       	4.0986764e-08
0.0163419      	4.1481273e-08
0.0165288      	4.1976353e-08
0.0167125      	4.2459028e-08
0.0168934      	4.2942274e-08
0.0170714      	4.3414512e-08
0.0172468      	4.3888674e-08
0.0174196      	4.4351273e-08
0.0175899      	4.4814447e-08
0.0177578      	4.5266437e-08
0.0179234      	4.5719055e-08
0.0180867      	4.6159706e-08
0.0182479      	4.6600007e-08
0.0184071      	4.7029852e-08
0.0185642      	4.7460411e-08
0.0187193      	4.7880858e-08
0.0188726      	4.8302099e-08
0.019024       	4.8713920e-08
0.0191736      	4.9128393e-08
0.0193216      	4.9533387e-08
0.0194678      	4.9939283e-08
0.0196124      	5.0336004e-08
0.0197555      	5.0733706e-08
0.019897       	5.1122541e-08
0.020037       	5.1511895e-08
0.0201755      	5.1891137e-08
0.0203126      	5.2271506e-08
0.0204484      	5.2643551e-08
0.0205828      	5.3016776e-08
0.0207159      	5.3381928e-08
0.0208477      	5.3748334e-08
0.0209783      	5.4106927e-08
0.0211076      	5.4466845e-08
0.0212358      	5.4819169e-08
0.0213628      	5.5172859e-08
0.0214886      	5.5519163e-08
0.0216134      	5.5866883e-08
0.021737       	5.6207429e-08
0.0218597      	5.6549452e-08
0.0219812      	5.6884512e-08
0.0221018      	5.7222767e-08
0.0222213      	5.7554532e-08
0.0223399      	5.7887829e-08
0.0224576      	5.8214495e-08
0.0225742      	5.8542726e-08
0.02269        	5.8864495e-08
0.0228049      	5.9187868e-08
0.0229189      	5.9504947e-08
0.023032       	5.9823123e-08
0.0231443      	6.0133771e-08
0.0232558      	6.0446089e-08
0.0233664      	6.0752404e-08
0.0234763      	6.1060397e-08
0.0235853      	6.1362516e-08
0.0236936      	6.1666333e-08
0.0238011      	6.1964410e-08
0.0239079      	6.2264217e-08
0.024014       	6.2558421e-08
0.0241193      	6.2854373e-08
0.0242239      	6.3144829e-08
0.0243279      	6.3437037e-08
0.0244311      	6.3723850e-08
0.0245337      	6.4012424e-08
0.0246356      	6.4295708e-08
0.0247369      	6.4580769e-08
0.0248375      	6.4860651e-08
0.0249375      	6.5142329e-08
0.0250369      	6.5419619e-08
0.0251357      	6.5699868e-08
0.0252339      	6.5975111e-08
0.0253315      	6.6252137e-08
0.0254285      	6.6524243e-08
0.0255249      	6.6798135e-08
0.0256208      	6.7067203e-08
0.0257161      	6.7338065e-08
0.0258108      	6.7604188e-08
0.0259051      	6.7872112e-08
0.0259987      	6.8135387e-08
0.0260919      	6.8398675e-08
0.0261846      	6.8657362e-08
0.0262767      	6.8917852e-08
0.0263683      	6.9173821e-08
0.0264595      	6.9431584e-08
0.0265501      	6.9684882e-08
0.0266403      	6.9939977e-08
0.02673        	7.0190677e-08
0.0268192      	7.0443174e-08
0.0269079      	7.0691348e-08
0.0269962      	7.0941326e-08
0.0270841      	7.1188736e-08
0.0271715      	7.1438009e-08
0.0272584      	7.1683053e-08
0.027345       	7.1929876e-08
0.0274311      	7.2172525e-08
0.0275167      	7.2416947e-08
0.027602       	7.2657249e-08
0.0276868      	7.2899318e-08
0.0277713      	7.3137325e-08
0.0278553      	7.3377100e-08
0.0279389      	7.3612870e-08
0.0280222      	7.3849944e-08
0.028105       	7.4081792e-08
0.0281875      	7.4315401e-08
0.0282696      	7.4545106e-08
0.0283513      	7.4776554e-08
0.0284326      	7.5004138e-08
0.0285136      	7.5233455e-08
0.0285942      	7.5458951e-08
0.0286744      	7.5686177e-08
0.0287543      	7.5909631e-08
0.0288339      	7.6134812e-08
0.0289131      	7.6356272e-08
0.0289919      	7.6579463e-08
0.0290705      	7.6798979e-08
0.0291486      	7.7020213e-08
0.0292265      	7.7237804e-08
0.029304       	7.7457099e-08
0.0293812      	7.7672787e-08
0.0294581      	7.7890168e-08
0.0295346      	7.8103980e-08
0.0296109      	7.8319481e-08
0.0296868      	7.8531451e-08
0.0297624      	7.8745107e-08
0.0298378      	7.8955276e-08
0.0299128      	7.9167128e-08
0.0299875      	7.9375536e-08
0.0300619      	7.9587012e-08
0.0301361      	7.9795347e-08
0.0302099      	8.0005334e-08
0.0302834      	8.0211930e-08
0.0303567      	8.0420169e-08
0.0304297      	8.0625049e-08
0.0305024      	8.0831564e-08
0.0305748      	8.1034753e-08
0.030647       	8.1239570e-08
0.0307189      	8.1441093e-08
0.0307905      	8.1644241e-08
0.0308618      	8.1844130e-08
0.0309329      	8.2045640e-08
0.0310038      	8.2243840e-08
0.0310743      	8.2442108e-08
0.0311446      	8.2637183e-08
0.0312147      	8.2833874e-08
0.0312845      	8.3027391e-08
0.0313541      	8.3222508e-08
0.0314234      	8.3414475e-08
0.0314924      	8.3608030e-08
0.0315613      	8.3798463e-08
0.0316298      	8.3990479e-08
0.0316982      	8.4179402e-08
0.0317663      	8.4369905e-08
0.0318342      	8.4557345e-08
0.0319018      	8.4746368e-08
0.0319692      	8.4932363e-08
0.0320364      	8.5119937e-08
0.0321034      	8.5304506e-08
0.0321701      	8.5490642e-08
0.0322366      	8.5673797e-08
0.0323029      	8.5858509e-08
0.032369       	8.6040259e-08
0.0324348      	8.6223554e-08
0.0325005      	8.6403912e-08
0.0325659      	8.6585808e-08
0.0326311      	8.6764792e-08
0.0326961      	8.6945310e-08
0.0327609      	8.7122943e-08
0.0328255      	8.7302107e-08
0.0328899      	8.7478412e-08
0.0329541      	8.7656246e-08
0.0330181      	8.7831696e-08
0.0330819      	8.8009801e-08
0.0331454      	8.8185089e-08
0.0332088      	8.8361877e-08
0.033272       	8.8535861e-08
0.033335       	8.8711339e-08
0.0333978      	8.8884037e-08
0.0334604      	8.9058222e-08
0.0335229      	8.9229646e-08
0.0335851      	8.9402553e-08
0.0336472      	8.9572721e-08
0.033709       	8.9744365e-08
0.0337707      	8.9913293e-08
0.0338322      	9.0083694e-08
0.0338935      	9.0251402e-08
0.0339547      	9.0420580e-08
0.0340156      	9.0586693e-08
0.0340764      	9.0753121e-08
0.034137       	9.0916902e-08
0.0341974      	9.1082146e-08
0.0342577      	9.1244755e-08
0.0343178      	9.1408816e-08
0.0343777      	9.1570256e-08
0.0344375      	9.1733140e-08
0.034497       	9.1893420e-08
0.0345564      	9.2055137e-08
0.0346157      	9.2214268e-08
0.0346748      	9.2374832e-08
0.0347337      	9.2532831e-08
0.0347925      	9.2692264e-08
0.034851       	9.2849155e-08
0.0349095      	9.3007480e-08
0.0349678      	9.3163285e-08
0.0350259      	9.3321199e-08
0.0350838      	9.3477450e-08
0.0351416      	9.3635115e-08
0.0351993      	9.3790282e-08
0.0352568      	9.3946856e-08
0.0353141      	9.4100948e-08
0.0353713      	9.4256441e-08
0.0354284      	9.4409468e-08
0.0354853      	9.4563888e-08
0.035542       	9.4715857e-08
0.0355986      	9.4869215e-08
0.035655       	9.5020139e-08
0.0357113      	9.5172450e-08
0.0357675      	9.5322345e-08
0.0358235      	9.5473621e-08
0.0358794      	9.5622498e-08
0.0359351      	9.5772754e-08
0.0359907      	9.5920631e-08
0.0360462      	9.6068640e-08
0.0361015      	9.6214040e-08
0.0361566      	9.6360818e-08
0.0362117      	9.6505245e-08
0.0362666      	9.6651038e-08
0.0363213      	9.6794490e-08
0.0363759      	9.6939299e-08
0.0364304      	9.7081780e-08
0.0364848      	9.7225611e-08
0.036539       	9.7367127e-08
0.0365931      	9.7509990e-08
0.0366471      	9.7650556e-08
0.0367009      	9.7792464e-08
0.0367546      	9.7932090e-08
0.0368082      	9.8073058e-08
0.0368616      	9.8211759e-08
0.0369149      	9.8351800e-08
0.0369681      	9.8489593e-08
0.0370212      	9.8628723e-08
0.0370741      	9.8765618e-08
0.037127       	9.8903844e-08
0.0371797      	9.9039844e-08
0.0372322      	9.9177167e-08
0.0372847      	9.9312275e-08
0.037337       	9.9448699e-08
0.0373892      	9.9582920e-08
0.0374413      	9.9718451e-08
0.0374933      	9.9851798e-08
0.0375451      	9.9986455e-08
0.0375969      	1.0011894e-07
0.0376485      	1.0025272e-07
0.0377         	1.0038434e-07
0.0377514      	1.0051726e-07
0.0378026      	1.0064804e-07
0.0378538      	1.0078011e-07
0.0379048      	1.0091006e-07
0.0379558      	1.0104130e-07
0.0380066      	1.0117061e-07
0.0380573      	1.0130247e-07
0.0381079      	1.0143222e-07
0.0381584      	1.0156325e-07
0.0382088      	1.0169217e-07
0.038259       	1.0182237e-07
0.0383092      	1.0195047e-07
0.0383592      	1.0207985e-07
0.0384092      	1.0220714e-07
0.038459       	1.0233570e-07
0.0385087      	1.0246219e-07
0.0385583      	1.0258994e-07
0.0386079      	1.0271564e-07
0.0386573      	1.0284259e-07
0.0387066      	1.0296749e-07
0.0387558      	1.0309365e-07
0.0388049      	1.0321777e-07
0.0388539      	1.0334315e-07
0.0389028      	1.0346651e-07
0.0389516      	1.0359111e-07
0.0390003      	1.0371370e-07
0.0390488      	1.0383612e-07
0.0390973      	1.0395655e-07
0.0391457      	1.0407823e-07
0.039194       	1.0419792e-07
0.0392422      	1.0431884e-07
0.0392903      	1.0443779e-07
0.0393383      	1.0455796e-07
0.0393862      	1.0467616e-07
0.039434       	1.0479559e-07
0.0394817      	1.0491305e-07
0.0395293      	1.0503173e-07
0.0395769      	1.0514846e-07
0.0396243      	1.0526641e-07
0.0396716      	1.0538242e-07
0.0397189      	1.0549964e-07
0.039766       	1.0561494e-07
0.0398131      	1.0573144e-07
0.03986        	1.0584603e-07
0.0399069      	1.0596183e-07
0.0399537      	1.0607573e-07
0.0400004      	1.0619091e-07
0.040047       	1.0631389e-07
0.0400935      	1.0643805e-07
0.0401399      	1.0656025e-07
0.0401862      	1.0668363e-07
0.0402324      	1.0680508e-07
0.0402786      	1.0692771e-07
0.0403246      	1.0704841e-07
0.0403706      	1.0717030e-07
0.0404165      	1.0729028e-07
0.0404623      	1.0741144e-07
0.040508       	1.0753069e-07
0.0405536      	1.0765111e-07
0.0405992      	1.0776963e-07
0.0406446      	1.0788933e-07
0.04069        	1.0800713e-07
0.0407353      	1.0812610e-07
0.0407805      	1.0824318e-07
0.0408256      	1.0836142e-07
0.0408706      	1.0847780e-07
0.0409155      	1.0859533e-07
0.0409604      	1.0871100e-07
0.0410052      	1.0882782e-07
0.0410499      	1.0894278e-07
0.0410945      	1.0905887e-07
0.041139       	1.0917312e-07
0.0411835      	1.0928849e-07
0.0412279      	1.0940203e-07
0.0412721      	1.0951669e-07
0.0413164      	1.0962950e-07
0.0413605      	1.0974344e-07
0.0414045      	1.0985555e-07
0.0414485      	1.0996876e-07
0.0414924      	1.1008014e-07
0.0415362      	1.1019263e-07
0.04158        	1.1030330e-07
0.0416236      	1.1041507e-07
0.0416672      	1.1052502e-07
0.0417107      	1.1063606e-07
0.0417542      	1.1074530e-07
0.0417975      	1.1085563e-07
0.0418408      	1.1096417e-07
0.041884       	1.1107380e-07
0.0419271      	1.1118163e-07
0.0419702      	1.1129056e-07
0.0420132      	1.1139729e-07
0.0420561      	1.1150417e-07
0.0420989      	1.1160928e-07
0.0421417      	1.1171547e-07
0.0421843      	1.1181990e-07
0.042227       	1.1192541e-07
0.0422695      	1.1202914e-07
0.042312       	1.1213396e-07
0.0423544      	1.1223702e-07
0.0423967      	1.1234114e-07
0.0424389      	1.1244352e-07
0.0424811      	1.1254696e-07
0.0425232      	1.1264865e-07
0.0425653      	1.1275141e-07
0.0426073      	1.1285243e-07
0.0426492      	1.1295452e-07
0.042691       	1.1305487e-07
0.0427328      	1.1315628e-07
0.0427745      	1.1325597e-07
0.0428161      	1.1335672e-07
0.0428576      	1.1345576e-07
0.0428991      	1.1355585e-07
0.0429405      	1.1365424e-07
0.0429819      	1.1375369e-07
0.0430232      	1.1385220e-07
0.0430644      	1.1395233e-07
0.0431056      	1.1405078e-07
0.0431467      	1.1415026e-07
0.0431877      	1.1424806e-07
0.0432286      	1.1434691e-07
0.0432695      	1.1444407e-07
0.0433104      	1.1454227e-07
0.0433511      	1.1463880e-07
0.0433918      	1.1473636e-07
0.0434324      	1.1483226e-07
0.043473       	1.1492920e-07
0.0435135      	1.1502447e-07
0.0435539      	1.1512077e-07
0.0435943      	1.1521542e-07
0.0436346      	1.1531111e-07
0.0436749      	1.1540514e-07
0.0437151      	1.1550021e-07
0.0437552      	1.1559364e-07
0.0437952      	1.1568809e-07
0.0438352      	1.1578092e-07
0.0438752      	1.1587477e-07
0.0439151      	1.1596701e-07
0.0439549      	1.1606027e-07
0.0439946      	1.1615192e-07
0.0440343      	1.1624460e-07
0.0440739      	1.1633567e-07
0.0441135      	1.1642777e-07
0.044153       	1.1651826e-07
0.0441925      	1.1660978e-07
0.0442319      	1.1669970e-07
0.0442712      	1.1679062e-07
0.0443105      	1.1687997e-07
0.0443497      	1.1697033e-07
0.0443888      	1.1705910e-07
0.0444279      	1.1714888e-07
0.044467       	1.1723708e-07
0.0445059      	1.1732629e-07
0.0445449      	1.1741393e-07
0.0445837      	1.1750257e-07
0.0446225      	1.1758966e-07
0.0446613      	1.1767775e-07
0.0447         	1.1776429e-07
0.0447386      	1.1785183e-07
0.0447772      	1.1793782e-07
0.0448157      	1.1802481e-07
0.0448542      	1.1811027e-07
0.0448926      	1.1819672e-07
0.0449309      	1.1828164e-07
0.0449692      	1.1836757e-07
0.0450075      	1.1845197e-07
0.0450457      	1.1853737e-07
0.0450838      	1.1862125e-07
0.0451219      	1.1870613e-07
0.0451599      	1.1878950e-07
0.0451979      	1.1887387e-07
0.0452358      	1.1895672e-07
0.0452736      	1.1904057e-07
0.0453114      	1.1912292e-07
0.0453492      	1.1920626e-07
0.0453869      	1.1928810e-07
0.0454245      	1.1937093e-07
0.0454621      	1.1945227e-07
0.0454997      	1.1953458e-07
0.0455371      	1.1961542e-07
0.0455746      	1.1969723e-07
0.045612       	1.1977757e-07
0.0456493      	1.1985889e-07
0.0456866      	1.1993874e-07
0.0457238      	1.2001958e-07
0.045761       	1.2009894e-07
0.0457981      	1.2017928e-07
0.0458351      	1.2025817e-07
0.0458722      	1.2033804e-07
0.0459091      	1.2041646e-07
0.0459461      	1.2049585e-07
0.0459829      	1.2057381e-07
0.0460197      	1.2065206e-07
0.0460565      	1.2072829e-07
0.0460932      	1.2080550e-07
0.0461299      	1.2088129e-07
0.0461665      	1.2095805e-07
0.0462031      	1.2103338e-07
0.0462396      	1.2110969e-07
0.0462761      	1.2118458e-07
0.0463125      	1.2126043e-07
0.0463489      	1.2133488e-07
0.0463852      	1.2141029e-07
0.0464215      	1.2148429e-07
0.0464577      	1.2155925e-07
0.0464939      	1.2163282e-07
0.04653        	1.2170734e-07
0.0465661      	1.2178047e-07
0.0466021      	1.2185456e-07
0.0466381      	1.2192726e-07
0.046674       	1.2200092e-07
0.0467099      	1.2207319e-07
0.0467458      	1.2214643e-07
0.0467816      	1.2221828e-07
0.0468173      	1.2229109e-07
0.046853       	1.2236253e-07
0.0468887      	1.2243494e-07
0.0469243      	1.2250597e-07
0.0469599      	1.2257797e-07
0.0469954      	1.2264861e-07
0.0470309      	1.2272129e-07
0.0470663      	1.2279277e-07
0.0471017      	1.2286521e-07
0.047137       	1.2293629e-07
0.0471723      	1.2300831e-07
0.0472075      	1.2307899e-07
0.0472428      	1.2315062e-07
0.0472779      	1.2322090e-07
0.047313       	1.2329213e-07
0.0473481      	1.2336202e-07
0.0473831      	1.2343286e-07
0.0474181      	1.2350237e-07
0.047453       	1.2357283e-07
0.0474879      	1.2364195e-07
0.0475228      	1.2371200e-07
0.0475576      	1.2378074e-07
0.0475923      	1.2385041e-07
0.047627       	1.2391876e-07
0.0476617      	1.2398805e-07
0.0476964      	1.2405603e-07
0.0477309      	1.2412494e-07
0.0477655      	1.2419254e-07
0.0478         	1.2426108e-07
0.0478344      	1.2432832e-07
0.0478689      	1.2439649e-07
0.0479032      	1.2446337e-07
0.0479376      	1.2453117e-07
0.0479719      	1.2459769e-07
0.0480061      	1.2466513e-07
0.0480403      	1.2473129e-07
0.0480745      	1.2479838e-07
0.0481086      	1.2486419e-07
0.0481427      	1.2493092e-07
0.0481767      	1.2499638e-07
0.0482107      	1.2506275e-07
0.0482447      	1.2512785e-07
0.0482786      	1.2519387e-07
0.0483125      	1.2525862e-07
0.0483463      	1.2532429e-07
0.0483801      	1.2538869e-07
0.0484138      	1.2545401e-07
0.0484476      	1.2551806e-07
0.0484812      	1.2558303e-07
0.0485149      	1.2564675e-07
0.0485485      	1.2571137e-07
0.048582       	1.2577474e-07
0.0486155      	1.2583902e-07
0.048649       	1.2590206e-07
0.0486824      	1.2596600e-07
0.0487158      	1.2602870e-07
0.0487492      	1.2609231e-07
0.0487825      	1.2615468e-07
0.0488158      	1.2621796e-07
0.048849       	1.2628001e-07
0.0488822      	1.2634296e-07
0.0489154      	1.2640468e-07
0.0489485      	1.2646731e-07
0.0489816      	1.2652871e-07
0.0490146      	1.2659102e-07
0.0490476      	1.2665210e-07
0.0490806      	1.2671408e-07
0.0491135      	1.2677485e-07
0.0491464      	1.2683650e-07
0.0491793      	1.2689695e-07
0.0492121      	1.2695829e-07
0.0492449      	1.2701842e-07
0.0492776      	1.2707944e-07
0.0493103      	1.2713925e-07
0.049343       	1.2719995e-07
0.0493756      	1.2725945e-07
0.0494082      	1.2731983e-07
0.0494408      	1.2737902e-07
0.0494733      	1.2743908e-07
0.0495058      	1.2749795e-07
0.0495382      	1.2755771e-07
0.0495706      	1.2761626e-07
0.049603       	1.2767571e-07
0.0496353      	1.2773397e-07
0.0496676      	1.2779311e-07
0.0496999      	1.2785106e-07
0.0497321      	1.2790988e-07
0.0497643      	1.2796752e-07
0.0497965      	1.2802604e-07
0.0498286      	1.2808338e-07
0.0498607      	1.2814160e-07
0.0498927      	1.2819865e-07
0.0499247      	1.2825657e-07
0.0499567      	1.2831332e-07
0.0499886      	1.2837095e-07
0.0500206      	1.2814936e-07
0.0500524      	1.2777579e-07
0.0500843      	1.2740286e-07
0.0501162      	1.2703200e-07
0.050148       	1.2666134e-07
0.0501798      	1.2629238e-07
0.0502116      	1.2592335e-07
0.0502434      	1.2555580e-07
0.0502752      	1.2518804e-07
0.050307       	1.2482168e-07
0.0503388      	1.2445504e-07
0.0503705      	1.2408977e-07
0.0504022      	1.2372422e-07
0.0504339      	1.2336005e-07
0.0504656      	1.2299562e-07
0.0504973      	1.2263260e-07
0.050529       	1.2226937e-07
0.0505606      	1.2190759e-07
0.0505923      	1.2154566e-07
0.0506239      	1.2118524e-07
0.0506555      	1.2082473e-07
0.0506871      	1.2046578e-07
0.0507187      	1.2010679e-07
0.0507503      	1.1974942e-07
0.0507818      	1.1939209e-07
0.0508134      	1.1903646e-07
0.0508449      	1.1868091e-07
0.0508764      	1.1832711e-07
0.0509079      	1.1797347e-07
0.0509394      	1.1762164e-07
0.0509708      	1.1727002e-07
0.0510023      	1.1692037e-07
0.0510337      	1.1657208e-07
0.0510652      	1.1622573e-07
0.0510966      	1.1587970e-07
0.051128       	1.1553565e-07
0.0511594      	1.1519200e-07
0.0511907      	1.1485038e-07
0.0512221      	1.1450920e-07
0.0512534      	1.1417012e-07
0.0512848      	1.1383152e-07
0.0513161      	1.1349508e-07
0.0513474      	1.1315918e-07
0.0513787      	1.1282547e-07
0.0514099      	1.1249236e-07
0.0514412      	1.1216149e-07
0.0514725      	1.1183126e-07
0.0515037      	1.1150331e-07
0.0515349      	1.1117606e-07
0.0515661      	1.1085114e-07
0.0515973      	1.1052696e-07
0.0516285      	1.1020514e-07
0.0516596      	1.0988410e-07
0.0516908      	1.0956546e-07
0.0517219      	1.0924764e-07
0.051753       	1.0893226e-07
0.0517842      	1.0861773e-07
0.0518153      	1.0830568e-07
0.0518463      	1.0799453e-07
0.0518774      	1.0768588e-07
0.0519085      	1.0737815e-07
0.0519395      	1.0707297e-07
0.0519705      	1.0676874e-07
0.0520015      	1.0646707e-07
0.0520325      	1.0616637e-07
0.0520635      	1.0586826e-07
0.0520945      	1.0557116e-07
0.0521255      	1.0527666e-07
0.0521564      	1.0498320e-07
0.0521873      	1.0469237e-07
0.0522183      	1.0440260e-07
0.0522492      	1.0411547e-07
0.0522801      	1.0382942e-07
0.0523109      	1.0354604e-07
0.0523418      	1.0326374e-07
0.0523727      	1.0298413e-07
0.0524035      	1.0270563e-07
0.0524343      	1.0242981e-07
0.0524651      	1.0215510e-07
0.0524959      	1.0188310e-07
0.0525267      	1.0161222e-07
0.0525575      	1.0134405e-07
0.0525883      	1.0107702e-07
0.052619       	1.0081270e-07
0.0526497      	1.0054954e-07
0.0526805      	1.0028910e-07
0.0527112      	1.0002983e-07
0.0527419      	9.9773303e-08
0.0527725      	9.9517936e-08
0.0528032      	9.9265307e-08
0.0528339      	9.9013848e-08
0.0528645      	9.8765126e-08
0.0528951      	9.8517560e-08
0.0529257      	9.8272716e-08
0.0529563      	9.8029041e-08
0.0529869      	9.7788104e-08
0.0530175      	9.7548341e-08
0.0530481      	9.7311313e-08
0.0530786      	9.7075454e-08
0.0531092      	9.6842322e-08
0.0531397      	9.6610356e-08
0.0531702      	9.6381111e-08
0.0532007      	9.6153023e-08
0.0532312      	9.5927637e-08
0.0532617      	9.5703396e-08
0.0532921      	9.5481849e-08
0.0533226      	9.5261449e-08
0.053353       	9.5043755e-08
0.0533834      	9.4827205e-08
0.0534138      	9.4613341e-08
0.0534442      	9.4400600e-08
0.0534746      	9.4190526e-08
0.053505       	9.3981563e-08
0.0535354      	9.3775254e-08
0.0535657      	9.3570046e-08
0.053596       	9.3367474e-08
0.0536264      	9.3165984e-08
0.0536567      	9.2967118e-08
0.053687       	9.2769326e-08
0.0537172      	9.2574141e-08
0.0537475      	9.2380017e-08
0.0537778      	9.2188488e-08
0.053808       	9.1998001e-08
0.0538383      	9.1810086e-08
0.0538685      	9.1623199e-08
0.0538987      	9.1438867e-08
0.0539289      	9.1255547e-08
0.0539591      	9.1074765e-08
0.0539892      	9.0894974e-08
0.0540194      	9.0716973e-08
0.0540495      	9.0539544e-08
0.0540797      	9.0364611e-08
0.0541098      	9.0190638e-08
0.0541399      	9.0019141e-08
0.05417        	8.9848577e-08
0.0542001      	8.9680468e-08
0.0542302      	8.9513275e-08
0.0542602      	8.9348504e-08
0.0542903      	8.9184619e-08
0.0543203      	8.9023136e-08
0.0543503      	8.8862521e-08
0.0543803      	8.8704288e-08
0.0544103      	8.8546899e-08
0.0544403      	8.8391853e-08
0.0544703      	8.8237622e-08
0.0545002      	8.8085714e-08
0.0545302      	8.7934601e-08
0.0545601      	8.7785789e-08
0.0545901      	8.7637745e-08
0.05462        	8.7491974e-08
0.0546499      	8.7346957e-08
0.0546798      	8.7204192e-08
0.0547096      	8.7062152e-08
0.0547395      	8.6922331e-08
0.0547694      	8.6783207e-08
0.0547992      	8.6646273e-08
0.054829       	8.6510011e-08
0.0548589      	8.6375921e-08
0.0548887      	8.6242480e-08
0.0549184      	8.6111176e-08
0.0549482      	8.5980491e-08
0.054978       	8.5851919e-08
0.0550078      	8.5724237e-08
0.0550375      	8.5599465e-08
0.0550672      	8.5475260e-08
0.055097       	8.5353108e-08
0.0551267      	8.5231504e-08
0.0551564      	8.5111922e-08
0.0551861      	8.4992852e-08
0.0552157      	8.4875777e-08
0.0552454      	8.4759181e-08
0.055275       	8.4644556e-08
0.0553047      	8.4530389e-08
0.0553343      	8.4418154e-08
0.0553639      	8.4306347e-08
0.0553935      	8.4196440e-08
0.0554231      	8.4086930e-08
0.0554527      	8.3979295e-08
0.0554823      	8.3872037e-08
0.0555118      	8.3766626e-08
0.0555414      	8.3661565e-08
0.0555709      	8.3558317e-08
0.0556004      	8.3455392e-08
0.0556299      	8.3354255e-08
0.0556594      	8.3253410e-08
0.0556889      	8.3154324e-08
0.0557184      	8.3055505e-08
0.0557479      	8.2958409e-08
0.0557773      	8.2861538e-08
0.0558068      	8.2766362e-08
0.0558362      	8.2671398e-08
0.0558656      	8.2578108e-08
0.055895       	8.2485016e-08
0.0559244      	8.2393570e-08
0.0559538      	8.2302285e-08
0.0559832      	8.2212618e-08
0.0560125      	8.2123085e-08
0.0560419      	8.2035141e-08
0.0560712      	8.1947294e-08
0.0561005      	8.1861005e-08
0.0561298      	8.1774783e-08
0.0561591      	8.1690089e-08
0.0561884      	8.1605448e-08
0.0562177      	8.1522307e-08
0.056247       	8.1439186e-08
0.0562762      	8.1357532e-08
0.0563055      	8.1275873e-08
0.0563347      	8.1195657e-08
0.0563639      	8.1115416e-08
0.0563932      	8.1036596e-08
0.0564224      	8.0957717e-08
0.0564515      	8.0880226e-08
0.0564807      	8.0802662e-08
0.0565099      	8.0726459e-08
0.056539       	8.0650153e-08
0.0565682      	8.0575177e-08
0.0565973      	8.0500066e-08
0.0566264      	8.0426259e-08
0.0566556      	8.0352297e-08
0.0566847      	8.0279617e-08
0.0567137      	8.0206757e-08
0.0567428      	8.0135151e-08
0.0567719      	8.0063334e-08
0.0568009      	7.9992748e-08
0.05683        	7.9921944e-08
0.056859       	7.9852337e-08
0.056888       	7.9782474e-08
0.056917       	7.9713793e-08
0.056946       	7.9644844e-08
0.056975       	7.9577052e-08
0.057004       	7.9508958e-08
0.057033       	7.9441997e-08
0.0570619      	7.9374711e-08
0.0570909      	7.9308523e-08
0.0571198      	7.9241991e-08
0.0571487      	7.9176540e-08
0.0571776      	7.9110726e-08
0.0572065      	7.9045969e-08
0.0572354      	7.8980822e-08
0.0572643      	7.8916707e-08
0.0572932      	7.8852185e-08
0.057322       	7.8788671e-08
0.0573509      	7.8724730e-08
0.0573797      	7.8661778e-08
0.0574085      	7.8598379e-08
0.0574374      	7.8535940e-08
0.0574662      	7.8473026e-08
0.057495       	7.8411048e-08
0.0575237      	7.8348576e-08
0.0575525      	7.8287027e-08
0.0575813      	7.8224970e-08
0.05761        	7.8163804e-08
0.0576388      	7.8102111e-08
0.0576675      	7.8041296e-08
0.0576962      	7.7979933e-08
0.0577249      	7.7919429e-08
0.0577536      	7.7858360e-08
0.0577823      	7.7798131e-08
0.057811       	7.7737318e-08
0.0578396      	7.7677325e-08
0.0578683      	7.7616734e-08
0.0578969      	7.7556945e-08
0.0579255      	7.7496536e-08
0.0579542      	7.7436911e-08
0.0579828      	7.7376652e-08
0.0580114      	7.7316732e-08
0.05804        	7.7255515e-08
0.0580685      	7.7195050e-08
0.0580971      	7.7133925e-08
0.0581257      	7.7073529e-08
0.0581542      	7.7012456e-08
0.0581827      	7.6952103e-08
0.0582113      	7.6891052e-08
0.0582398      	7.6830697e-08
0.0582683      	7.6769626e-08
0.0582968      	7.6709237e-08
0.0583253      	7.6648118e-08
0.0583537      	7.6587663e-08
0.0583822      	7.6526463e-08
0.0584107      	7.6465909e-08
0.0584391      	7.6404597e-08
0.0584675      	7.6343921e-08
0.0584959      	7.6282463e-08
0.0585244      	7.6221622e-08
0.0585528      	7.6159996e-08
0.0585811      	7.6098973e-08
0.0586095      	7.6037152e-08
0.0586379      	7.5975915e-08
0.0586663      	7.5913869e-08
0.0586946      	7.5852402e-08
0.0587229      	7.5790118e-08
0.0587513      	7.5728390e-08
0.0587796      	7.5665823e-08
0.0588079      	7.5603804e-08
0.0588362      	7.5540941e-08
0.0588645      	7.5478612e-08
0.0588928      	7.5415435e-08
0.058921       	7.5352790e-08
0.0589493      	7.5289286e-08
0.0589775      	7.5226293e-08
0.0590058      	7.5162643e-08
0.059034       	7.5100334e-08
0.0590622      	7.5037141e-08
0.0590904      	7.4974432e-08
0.0591186      	7.4910831e-08
0.0591468      	7.4847703e-08
0.059175       	7.4783659e-08
0.0592031      	7.4720073e-08
0.0592313      	7.4655571e-08
0.0592594      	7.4591525e-08
0.0592876      	7.4526559e-08
0.0593157      	7.4462035e-08
0.0593438      	7.4396581e-08
0.0593719      	7.4331560e-08
0.0594         	7.4265601e-08
0.0594281      	7.4200065e-08
0.0594562      	7.4133585e-08
0.0594842      	7.4067521e-08
0.0595123      	7.4000501e-08
0.0595403      	7.3933882e-08
0.0595684      	7.3866303e-08
0.0595964      	7.3799131e-08
0.0596244      	7.3731001e-08
0.0596524      	7.3663261e-08
0.0596804      	7.3594546e-08
0.0597084      	7.3526213e-08
0.0597364      	7.3456905e-08
0.0597643      	7.3387970e-08
0.0597923      	7.3318055e-08
0.0598202      	7.3248510e-08
0.0598482      	7.3177976e-08
0.0598761      	7.3107802e-08
0.059904       	7.3036634e-08
0.0599319      	7.2965828e-08
0.0599598      	7.2894025e-08
0.0599877      	7.2822574e-08
0.0600156      	7.2750121e-08
0.0600434      	7.2678013e-08
0.0600713      	7.2604898e-08
0.0600991      	7.2532122e-08
0.060127       	7.2458334e-08
0.0601548      	7.2384880e-08
0.0601826      	7.2310410e-08
0.0602104      	7.2236264e-08
0.0602382      	7.2161097e-08
0.060266       	7.2086257e-08
0.0602938      	7.2010399e-08
0.0603216      	7.1934855e-08
0.0603493      	7.1858285e-08
0.0603771      	7.1782023e-08
0.0604048      	7.1704729e-08
0.0604325      	7.1627744e-08
0.0604603      	7.1549729e-08
0.060488       	7.1472017e-08
0.0605157      	7.1393270e-08
0.0605434      	7.1314828e-08
0.0605711      	7.1235354e-08
0.0605987      	7.1156181e-08
0.0606264      	7.1075967e-08
0.060654       	7.0996041e-08
0.0606817      	7.0915076e-08
0.0607093      	7.0834399e-08
0.0607369      	7.0752684e-08
0.0607646      	7.0671261e-08
0.0607922      	7.0588799e-08
0.0608198      	7.0506624e-08
0.0608473      	7.0423410e-08
0.0608749      	7.0340482e-08
0.0609025      	7.0256516e-08
0.06093        	7.0172837e-08
0.0609576      	7.0088117e-08
0.0609851      	7.0003677e-08
0.0610127      	6.9918193e-08
0.0610402      	6.9832988e-08
0.0610677      	6.9746745e-08
0.0610952      	6.9660784e-08
0.0611227      	6.9573786e-08
0.0611502      	6.9487063e-08
0.0611776      	6.9399302e-08
0.0612051      	6.9311813e-08
0.0612326      	6.9223282e-08
0.06126        	6.9135024e-08
0.0612874      	6.9045723e-08
0.0613149      	6.8956700e-08
0.0613423      	6.8866642e-08
0.0613697      	6.8776863e-08
0.0613971      	6.8686044e-08
0.0614245      	6.8595485e-08
0.0614519      	6.8503884e-08
0.0614792      	6.8412554e-08
0.0615066      	6.8320187e-08
0.0615339      	6.8228094e-08
0.0615613      	6.8134968e-08
0.0615886      	6.8042113e-08
0.0616159      	6.7948227e-08
0.0616433      	6.7854613e-08
0.0616706      	6.7759964e-08
0.0616979      	6.7665588e-08
0.0617251      	6.7570174e-08
0.0617524      	6.7475052e-08
0.0617797      	6.7378914e-08
0.0618069      	6.7283054e-08
0.0618342      	6.7186170e-08
0.0618614      	6.7089563e-08
0.0618887      	6.6991931e-08
0.0619159      	6.6894576e-08
0.0619431      	6.6796203e-08
0.0619703      	6.6698111e-08
0.0619975      	6.6599009e-08
0.0620247      	6.6500191e-08
0.0620519      	6.6400357e-08
0.062079       	6.6300802e-08
0.0621062      	6.6200239e-08
0.0621333      	6.6099963e-08
0.0621605      	6.5998687e-08
0.0621876      	6.5897688e-08
0.0622147      	6.5795680e-08
0.0622419      	6.5693953e-08
0.062269       	6.5591224e-08
0.0622961      	6.5488780e-08
0.0623231      	6.5385339e-08
0.0623502      	6.5282188e-08
0.0623773      	6.5178044e-08
0.0624043      	6.5074192e-08
0.0624314      	6.4969343e-08
0.0624584      	6.4864785e-08
0.0624855      	6.4759237e-08
0.0625125      	6.4653986e-08
0.0625395      	6.4547747e-08
0.0625665      	6.4441803e-08
0.0625935      	6.4334883e-08
0.0626205      	6.4228258e-08
0.0626475      	6.4120658e-08
0.0626744      	6.4013360e-08
0.0627014      	6.3905092e-08
0.0627284      	6.3797123e-08
0.0627553      	6.3688184e-08
0.0627822      	6.3579554e-08
0.0628092      	6.3469962e-08
0.0628361      	6.3360684e-08
0.062863       	6.3250447e-08
0.0628899      	6.3140524e-08
0.0629168      	6.3029646e-08
0.0629437      	6.2919085e-08
0.0629705      	6.2807568e-08
0.0629974      	6.2696371e-08
0.0630243      	6.2583314e-08
0.0630511      	6.2470484e-08
0.0630779      	6.2356715e-08
0.0631048      	6.2243273e-08
0.0631316      	6.2128896e-08
0.0631584      	6.2014845e-08
0.0631852      	6.1899860e-08
0.063212       	6.1785204e-08
0.0632388      	6.1669618e-08
0.0632656      	6.1554366e-08
0.0632923      	6.1438195e-08
0.0633191      	6.1322366e-08
0.0633458      	6.1205620e-08
0.0633726      	6.1089208e-08
0.0633993      	6.0971875e-08
0.063426       	6.0854882e-08
0.0634528      	6.0736975e-08
0.0634795      	6.0619418e-08
0.0635062      	6.0500954e-08
0.0635329      	6.0382836e-08
0.0635595      	6.0263815e-08
0.0635862      	6.0145149e-08
0.0636129      	6.0025576e-08
0.0636395      	5.9906356e-08
0.0636662      	5.9786246e-08
0.0636928      	5.9666497e-08
0.0637195      	5.9545859e-08
0.0637461      	5.9425585e-08
0.0637727      	5.9304430e-08
0.0637993      	5.9183640e-08
0.0638259      	5.9061972e-08
0.0638525      	5.8940674e-08
0.0638791      	5.8818504e-08
0.0639056      	5.8696706e-08
0.0639322      	5.8574036e-08
0.0639587      	5.8451741e-08
0.0639853      	5.8328580e-08
0.0640118      	5.8206243e-08
0.0640384      	5.8083600e-08
0.0640649      	5.7961335e-08
0.0640914      	5.7838214e-08
0.0641179      	5.7715474e-08
0.0641444      	5.7591888e-08
0.0641709      	5.7468694e-08
0.0641974      	5.7344654e-08
0.0642238      	5.7221003e-08
0.0642503      	5.7096508e-08
0.0642767      	5.6972404e-08
0.0643032      	5.6847466e-08
0.0643296      	5.6722928e-08
0.0643561      	5.6597554e-08
0.0643825      	5.6472566e-08
0.0644089      	5.6346742e-08
0.0644353      	5.6221321e-08
0.0644617      	5.6095075e-08
0.0644881      	5.5969239e-08
0.0645144      	5.5842583e-08
0.0645408      	5.5716335e-08
0.0645672      	5.5589270e-08
0.0645935      	5.5462623e-08
0.0646199      	5.5335156e-08
0.0646462      	5.5208100e-08
0.0646725      	5.5080233e-08
0.0646989      	5.4952787e-08
0.0647252      	5.4824538e-08
0.0647515      	5.4696712e-08
0.0647778      	5.4568087e-08
0.0648041      	5.4439896e-08
0.0648303      	5.4310911e-08
0.0648566      	5.4182358e-08
0.0648829      	5.4053014e-08
0.0649091      	5.3924106e-08
0.0649354      	5.3794407e-08
0.0649616      	5.3665144e-08
0.0649878      	5.3535099e-08
0.0650141      	5.3405494e-08
0.0650403      	5.3275113e-08
0.0650665      	5.3145175e-08
0.0650927      	5.3014465e-08
0.0651189      	5.2884203e-08
0.065145       	5.2753172e-08
0.0651712      	5.2622589e-08
0.0651974      	5.2491235e-08
0.0652235      	5.2360331e-08
0.0652497      	5.2228665e-08
0.0652758      	5.2097453e-08
0.065302       	5.1965483e-08
0.0653281      	5.1833966e-08
0.0653542      	5.1701692e-08
0.0653803      	5.1569873e-08
0.0654064      	5.1437305e-08
0.0654325      	5.1305209e-08
0.0654586      	5.1172364e-08
0.0654847      	5.1039981e-08
0.0655107      	5.0906860e-08
0.0655368      	5.0774207e-08
0.0655628      	5.0640814e-08
0.0655889      	5.0507890e-08
0.0656149      	5.0374231e-08
0.0656409      	5.0241047e-08
0.065667       	5.0107136e-08
0.065693       	4.9973689e-08
0.065719       	4.9839512e-08
0.065745       	4.9705809e-08
0.065771       	4.9571389e-08
0.0657969      	4.9437449e-08
0.0658229      	4.9302790e-08
0.0658489      	4.9168613e-08
0.0658748      	4.9033720e-08
0.0659008      	4.8899314e-08
0.0659267      	4.8764196e-08
0.0659527      	4.8629565e-08
0.0659786      	4.8494226e-08
0.0660045      	4.8359378e-08
0.0660304      	4.8223834e-08
0.0660563      	4.8088756e-08
0.0660822      	4.7952973e-08
0.0661081      	4.7817686e-08
0.066134       	4.7681708e-08
0.0661598      	4.7546224e-08
0.0661857      	4.7410040e-08
0.0662115      	4.7274350e-08
0.0662374      	4.7137975e-08
0.0662632      	4.7002096e-08
0.0662891      	4.6865531e-08
0.0663149      	4.6729464e-08
0.0663407      	4.6592711e-08
0.0663665      	4.6456460e-08
0.0663923      	4.6319528e-08
0.0664181      	4.6183103e-08
0.0664439      	4.6046002e-08
0.0664696      	4.5909406e-08
0.0664954      	4.5772135e-08
0.0665212      	4.5635369e-08
0.0665469      	4.5497930e-08
0.0665727      	4.5360993e-08
0.0665984      	4.5223394e-08
0.0666241      	4.5086306e-08
0.0666499      	4.4948554e-08
0.0666756      	4.4811317e-08
0.0667013      	4.4673422e-08
0.066727       	4.4536041e-08
0.0667527      	4.4398000e-08
0.0667784      	4.4260475e-08
0.066804       	4.4122292e-08
0.0668297      	4.3984625e-08
0.0668554      	4.3846305e-08
0.066881       	4.3708504e-08
0.0669067      	4.3570054e-08
0.0669323      	4.3432125e-08
0.0669579      	4.3293551e-08
0.0669835      	4.3155501e-08
0.0670092      	4.3016466e-08
0.0670348      	4.2877340e-08
0.0670604      	4.2737575e-08
0.0670859      	4.2598339e-08
0.0671115      	4.2458464e-08
0.0671371      	4.2319117e-08
0.0671627      	4.2179138e-08
0.0671882      	4.2039685e-08
0.0672138      	4.1899593e-08
0.0672393      	4.1760031e-08
0.0672649      	4.1619841e-08
0.0672904      	4.1480187e-08
0.0673159      	4.1339905e-08
0.0673414      	4.1200149e-08
0.067367       	4.1059763e-08
0.0673925      	4.0919910e-08
0.067418       	4.0779432e-08
0.0674434      	4.0639490e-08
0.0674689      	4.0498926e-08
0.0674944      	4.0358899e-08
0.0675199      	4.0218249e-08
0.0675453      	4.0078142e-08
0.0675708      	3.9937416e-08
0.0675962      	3.9797225e-08
0.0676216      	3.9656418e-08
0.0676471      	3.9516149e-08
0.0676725      	3.9375262e-08
0.0676979      	3.9234913e-08
0.0677233      	3.9093950e-08
0.0677487      	3.8953528e-08
0.0677741      	3.8812500e-08
0.0677995      	3.8672013e-08
0.0678248      	3.8530914e-08
0.0678502      	3.8390358e-08
0.0678756      	3.8249197e-08
0.0679009      	3.8108582e-08
0.0679263      	3.7967366e-08
0.0679516      	3.7826691e-08
0.0679769      	3.7685418e-08
0.0680023      	3.7544779e-08
0.0680276      	3.7404409e-08
0.0680529      	3.7264583e-08
0.0680782      	3.7124153e-08
0.0681035      	3.6984272e-08
0.0681288      	3.6843797e-08
0.068154       	3.6703868e-08
0.0681793      	3.6563338e-08
0.0682046      	3.6423349e-08
0.0682298      	3.6282765e-08
0.0682551      	3.6142729e-08
0.0682803      	3.6002102e-08
0.0683056      	3.5862027e-08
0.0683308      	3.5721364e-08
0.068356       	3.5581244e-08
0.0683812      	3.5440529e-08
0.0684064      	3.5300364e-08
0.0684316      	3.5159618e-08
0.0684568      	3.5019430e-08
0.068482       	3.4878651e-08
0.0685072      	3.4738419e-08
0.0685324      	3.4597605e-08
0.0685575      	3.4457337e-08
0.0685827      	3.4316485e-08
0.0686078      	3.4176190e-08
0.068633       	3.4035309e-08
0.0686581      	3.3894972e-08
0.0686832      	3.3754051e-08
0.0687083      	3.3613683e-08
0.0687335      	3.3472732e-08
0.0687586      	3.3332330e-08
0.0687837      	3.3191348e-08
0.0688088      	3.3050920e-08
0.0688338      	3.2909911e-08
0.0688589      	3.2769454e-08
0.068884       	3.2628421e-08
0.068909       	3.2487932e-08
0.0689341      	3.2346864e-08
0.0689591      	3.2206345e-08
0.0689842      	3.2065249e-08
0.0690092      	3.1924701e-08
0.0690343      	3.1783584e-08
0.0690593      	3.1643033e-08
0.0690843      	3.1501918e-08
0.0691093      	3.1361361e-08
0.0691343      	3.1220223e-08
0.0691593      	3.1079630e-08
0.0691843      	3.0938464e-08
0.0692092      	3.0797852e-08
0.0692342      	3.0656673e-08
0.0692592      	3.0516038e-08
0.0692841      	3.0374838e-08
0.0693091      	3.0234184e-08
0.069334       	3.0092953e-08
0.069359       	2.9952262e-08
0.0693839      	2.9811008e-08
0.0694088      	2.9670299e-08
0.0694337      	2.9529022e-08
0.0694586      	2.9388300e-08
0.0694835      	2.9247007e-08
0.0695084      	2.9106257e-08
0.0695333      	2.8964940e-08
0.0695582      	2.8824167e-08
0.0695831      	2.8682825e-08
0.0696079      	2.8542026e-08
0.0696328      	2.8400655e-08
0.0696576      	2.8259832e-08
0.0696825      	2.8118446e-08
0.0697073      	2.7977609e-08
0.0697321      	2.7836210e-08
0.069757       	2.7695356e-08
0.0697818      	2.7553945e-08
0.0698066      	2.7413084e-08
0.0698314      	2.7271664e-08
0.0698562      	2.7130797e-08
0.069881       	2.6989372e-08
0.0699058      	2.6848492e-08
0.0699305      	2.6707056e-08
0.0699553      	2.6566175e-08
0.0699801      	2.6424741e-08
0.0700048      	2.6283842e-08
0.0700296      	2.6142380e-08
0.0700543      	2.6001460e-08
0.070079       	2.5859984e-08
0.0701038      	2.5719065e-08
0.0701285      	2.5577580e-08
0.0701532      	2.5436626e-08
0.0701779      	2.5295116e-08
0.0702026      	2.5154148e-08
0.0702273      	2.5012631e-08
0.070252       	2.4871663e-08
0.0702767      	2.4730139e-08
0.0703013      	2.4589152e-08
0.070326       	2.4447617e-08
0.0703507      	2.4306630e-08
0.0703753      	2.4165085e-08
0.0704         	2.4024078e-08
0.0704246      	2.3882518e-08
0.0704492      	2.3741503e-08
0.0704739      	2.3599941e-08
0.0704985      	2.3458918e-08
0.0705231      	2.3317354e-08
0.0705477      	2.3176338e-08
0.0705723      	2.3034770e-08
0.0705969      	2.2893735e-08
0.0706215      	2.2752152e-08
0.070646       	2.2611111e-08
0.0706706      	2.2469532e-08
0.0706952      	2.2328510e-08
0.0707197      	2.2186946e-08
0.0707443      	2.2045926e-08
0.0707688      	2.1904347e-08
0.0707934      	2.1763298e-08
0.0708179      	2.1621704e-08
0.0708424      	2.1480636e-08
0.0708669      	2.1339018e-08
0.0708914      	2.1197947e-08
0.0709159      	2.1056348e-08
0.0709404      	2.0915297e-08
0.0709649      	2.0773706e-08
0.0709894      	2.0632649e-08
0.0710139      	2.0490531e-08
0.0710384      	2.0348556e-08
0.0710628      	2.0206035e-08
0.0710873      	2.0064052e-08
0.0711117      	1.9921532e-08
0.0711362      	1.9779562e-08
0.0711606      	1.9637060e-08
0.0711851      	1.9495102e-08
0.0712095      	1.9352610e-08
0.0712339      	1.9210646e-08
0.0712583      	1.9068161e-08
0.0712827      	1.8926212e-08
0.0713071      	1.8783739e-08
0.0713315      	1.8641797e-08
0.0713559      	1.8499320e-08
0.0713803      	1.8357377e-08
0.0714046      	1.8214891e-08
0.071429       	1.8072940e-08
0.0714534      	1.7930465e-08
0.0714777      	1.7788528e-08
0.0715021      	1.7646067e-08
0.0715264      	1.7504137e-08
0.0715507      	1.7361683e-08
0.0715751      	1.7219767e-08
0.0715994      	1.7077328e-08
0.0716237      	1.6935412e-08
0.071648       	1.6792968e-08
0.0716723      	1.6651058e-08
0.0716966      	1.6508627e-08
0.0717209      	1.6366722e-08
0.0717452      	1.6224292e-08
0.0717694      	1.6082400e-08
0.0717937      	1.5939986e-08
0.071818       	1.5798103e-08
0.0718422      	1.5655690e-08
0.0718665      	1.5513795e-08
0.0718907      	1.5371358e-08
0.0719149      	1.5229442e-08
0.0719392      	1.5087003e-08
0.0719634      	1.4945099e-08
0.0719876      	1.4802666e-08
0.0720118      	1.4661199e-08
0.072036       	1.4519663e-08
0.0720602      	1.4378648e-08
0.0720844      	1.4237105e-08
0.0721086      	1.4096094e-08
0.0721328      	1.3954552e-08
0.072157       	1.3813537e-08
0.0721811      	1.3672014e-08
0.0722053      	1.3531050e-08
0.0722294      	1.3389562e-08
0.0722536      	1.3248599e-08
0.0722777      	1.3107105e-08
0.0723019      	1.2966150e-08
0.072326       	1.2824673e-08
0.0723501      	1.2683724e-08
0.0723742      	1.2542244e-08
0.0723983      	1.2401284e-08
0.0724224      	1.2259814e-08
0.0724465      	1.2118883e-08
0.0724706      	1.1977432e-08
0.0724947      	1.1836486e-08
0.0725188      	1.1694993e-08
0.0725428      	1.1554022e-08
0.0725669      	1.1412538e-08
0.072591       	1.1271567e-08
0.072615       	1.1130042e-08
0.0726391      	1.0989041e-08
0.0726631      	1.0847546e-08
0.0726871      	1.0706555e-08
0.0727112      	1.0565028e-08
0.0727352      	1.0424018e-08
0.0727592      	1.0282489e-08
0.0727832      	1.0141477e-08
0.0728072      	9.9999586e-09
0.0728312      	9.8589574e-09
0.0728552      	9.7174570e-09
0.0728792      	9.5764803e-09
0.0729031      	9.4349690e-09
0.0729271      	9.2939824e-09
0.0729511      	9.1524626e-09
0.072975       	9.0114484e-09
0.072999       	8.8699299e-09
0.0730229      	8.7289302e-09
0.0730469      	8.5874136e-09
0.0730708      	8.4463979e-09
0.0730947      	8.3048677e-09
0.0731186      	8.1638654e-09
0.0731425      	8.0223320e-09
0.0731665      	7.8813252e-09
0.0731904      	7.7397926e-09
0.0732143      	7.5987942e-09
0.0732381      	7.4572782e-09
0.073262       	7.3162518e-09
0.0732859      	7.1747084e-09
0.0733098      	7.0336965e-09
0.0733336      	6.8921539e-09
0.0733575      	6.7511161e-09
0.0733813      	6.6095340e-09
0.0734052      	6.4684639e-09
0.073429       	6.3268788e-09
0.0734529      	6.1858005e-09
0.0734767      	6.0442114e-09
0.0735005      	5.9031223e-09
0.0735243      	5.7615077e-09
0.0735481      	5.6203987e-09
0.0735719      	5.4787858e-09
0.0735957      	5.3376620e-09
0.0736195      	5.1960023e-09
0.0736433      	5.0548492e-09
0.0736671      	4.9131749e-09
0.0736909      	4.7720169e-09
0.0737146      	4.6303575e-09
0.0737384      	4.4892214e-09
0.0737621      	4.3475636e-09
0.0737859      	4.2064377e-09
0.0738096      	4.0648267e-09
0.0738334      	3.9237086e-09
0.0738571      	3.7820634e-09
0.0738808      	3.6409057e-09
0.0739045      	3.4992155e-09
0.0739283      	3.3580397e-09
0.073952       	3.2163795e-09
0.0739757      	3.0752322e-09
0.0739993      	2.9335981e-09
0.074023       	2.7924568e-09
0.0740467      	2.6507709e-09
0.0740704      	2.5095921e-09
0.0740941      	2.3678976e-09
0.0741177      	2.2266740e-09
0.0741414      	2.0849416e-09
0.074165       	1.9436941e-09
0.0741887      	1.8019623e-09
0.0742123      	1.6607461e-09
0.074236       	1.5190508e-09
0.0742596      	1.3778737e-09
0.0742832      	1.2361762e-09
0.0743068      	1.0949743e-09
0.0743304      	9.5325664e-10
0.074354       	8.1203554e-10
0.0743776      	6.7029328e-10
0.0744012      	5.2904631e-10
0.0744248      	3.8727320e-10
0.0744484      	2.4597602e-10
0.074472       	1.0415519e-10
0.0744955      	-3.7143669e-11
0.0745191      	-1.7894972e-10
0.0745426      	-3.2025548e-10
0.0745662      	-4.6203210e-10
0.0745897      	-6.0331224e-10
0.0746133      	-7.4512178e-10
0.0746368      	-8.8645135e-10
0.0746603      	-1.0283031e-09
0.0746839      	-1.1696682e-09
0.0747074      	-1.3115451e-09
0.0747309      	-1.4529019e-09
0.0747544      	-1.5947764e-09
0.0747779      	-1.7361757e-09
0.0748014      	-1.8780932e-09
0.0748249      	-2.0195194e-09
0.0748483      	-2.1614417e-09
0.0748718      	-2.3028697e-09
0.0748953      	-2.4448378e-09
0.0749187      	-2.5863246e-09
0.0749422      	-2.7283238e-09
0.0749656      	-2.8698598e-09
0.0749891      	-3.0118947e-09
0.0750125      	-3.1539039e-09
0.075036       	-3.2968363e-09
0.0750594      	-3.4392553e-09
0.0750828      	-3.5821695e-09
0.0751062      	-3.7246059e-09
0.0751296      	-3.8675550e-09
0.075153       	-4.0100060e-09
0.0751764      	-4.1529534e-09
0.0751998      	-4.2954081e-09
0.0752232      	-4.4383553e-09
0.0752466      	-4.5808153e-09
0.07527        	-4.7237993e-09
0.0752933      	-4.8663256e-09
0.0753167      	-5.0093695e-09
0.0753401      	-5.1518918e-09
0.0753634      	-5.2949716e-09
0.0753868      	-5.4375805e-09
0.0754101      	-5.5806564e-09
0.0754334      	-5.7232418e-09
0.0754568      	-5.8663492e-09
0.0754801      	-6.0089793e-09
0.0755034      	-6.1521121e-09
0.0755267      	-6.2947614e-09
0.07555        	-6.4378959e-09
0.0755733      	-6.5805723e-09
0.0755966      	-6.7237338e-09
0.0756199      	-6.8664076e-09
0.0756432      	-7.0095813e-09
0.0756665      	-7.1523105e-09
0.0756897      	-7.2955773e-09
0.075713       	-7.4383659e-09
0.0757363      	-7.5816339e-09
0.0757595      	-7.7244087e-09
0.0757828      	-7.8676851e-09
0.075806       	-8.0104754e-09
0.0758293      	-8.1537624e-09
0.0758525      	-8.2965680e-09
0.0758757      	-8.4398669e-09
0.0758989      	-8.5826676e-09
0.0759221      	-8.7260115e-09
0.0759454      	-8.8688569e-09
0.0759686      	-9.0121598e-09
0.0759918      	-9.1550042e-09
0.076015       	-9.2978103e-09
0.0760381      	-9.4398096e-09
0.0760613      	-9.5822769e-09
0.0760845      	-9.7242615e-09
0.0761077      	-9.8667122e-09
0.0761308      	-1.0008674e-08
0.076154       	-1.0151162e-08
0.0761771      	-1.0293194e-08
0.0762003      	-1.0435732e-08
0.0762234      	-1.0577815e-08
0.0762466      	-1.0720396e-08
0.0762697      	-1.0862488e-08
0.0762928      	-1.1005087e-08
0.0763159      	-1.1147194e-08
0.0763391      	-1.1289817e-08
0.0763622      	-1.1431919e-08
0.0763853      	-1.1574527e-08
0.0764084      	-1.1716698e-08
0.0764315      	-1.1859377e-08
0.0764545      	-1.2001607e-08
0.0764776      	-1.2144319e-08
0.0765007      	-1.2286540e-08
0.0765238      	-1.2429240e-08
0.0765468      	-1.2571465e-08
0.0765699      	-1.2714190e-08
0.0765929      	-1.2856432e-08
0.076616       	-1.2999195e-08
0.076639       	-1.3141493e-08
0.0766621      	-1.3284259e-08
0.0766851      	-1.3426538e-08
0.0767081      	-1.3569305e-08
0.0767311      	-1.3711607e-08
0.0767542      	-1.3854401e-08
0.0767772      	-1.3996716e-08
0.0768002      	-1.4139489e-08
0.0768232      	-1.4281826e-08
0.0768462      	-1.4424696e-08
0.0768691      	-1.4567096e-08
0.0768921      	-1.4709969e-08
0.0769151      	-1.4852366e-08
0.0769381      	-1.4995220e-08
0.076961       	-1.5137599e-08
0.076984       	-1.5280474e-08
0.0770069      	-1.5422882e-08
0.0770299      	-1.5565783e-08
0.0770528      	-1.5708227e-08
0.0770758      	-1.5851154e-08
0.0770987      	-1.5993618e-08
0.0771216      	-1.6136555e-08
0.0771445      	-1.6279039e-08
0.0771675      	-1.6422015e-08
0.0771904      	-1.6564514e-08
0.0772133      	-1.6707496e-08
0.0772362      	-1.6849998e-08
0.0772591      	-1.6992973e-08
0.077282       	-1.7135474e-08
0.0773048      	-1.7278468e-08
0.0773277      	-1.7421000e-08
0.0773506      	-1.7564034e-08
0.0773734      	-1.7706581e-08
0.0773963      	-1.7849641e-08
0.0774192      	-1.7992219e-08
0.077442       	-1.8135249e-08
0.0774649      	-1.8277786e-08
0.0774877      	-1.8420811e-08
0.0775105      	-1.8563398e-08
0.0775334      	-1.8706480e-08
0.0775562      	-1.8849110e-08
0.077579       	-1.8992255e-08
0.0776018      	-1.9134917e-08
0.0776246      	-1.9278018e-08
0.0776474      	-1.9420648e-08
0.0776702      	-1.9563741e-08
0.077693       	-1.9706368e-08
0.0777158      	-1.9849518e-08
0.0777386      	-1.9992193e-08
0.0777613      	-2.0135344e-08
0.0777841      	-2.0278020e-08
0.0778069      	-2.0421165e-08
0.0778296      	-2.0563860e-08
0.0778524      	-2.0707087e-08
0.0778751      	-2.0849863e-08
0.0778979      	-2.0993081e-08
0.0779206      	-2.1135814e-08
0.0779433      	-2.1279025e-08
0.0779661      	-2.1421778e-08
0.0779888      	-2.1565022e-08
0.0780115      	-2.1707795e-08
0.0780342      	-2.1851045e-08
0.0780569      	-2.1993840e-08
0.0780796      	-2.2137096e-08
0.0781023      	-2.2279905e-08
0.078125       	-2.2423174e-08
0.0781477      	-2.2565973e-08
0.0781704      	-2.2709236e-08
0.078193       	-2.2852060e-08
0.0782157      	-2.2995367e-08
0.0782384      	-2.3138267e-08
0.078261       	-2.3281668e-08
0.0782837      	-2.3424580e-08
0.0783063      	-2.3567976e-08
0.078329       	-2.3710916e-08
0.0783516      	-2.3854311e-08
0.0783742      	-2.3997201e-08
0.0783969      	-2.4140556e-08
0.0784195      	-2.4283413e-08
0.0784421      	-2.4426756e-08
0.0784647      	-2.4569670e-08
0.0784873      	-2.4713082e-08
0.0785099      	-2.4856019e-08
0.0785325      	-2.4999388e-08
0.0785551      	-2.5142283e-08
0.0785777      	-2.5285693e-08
0.0786003      	-2.5428639e-08
0.0786228      	-2.5572023e-08
0.0786454      	-2.5714997e-08
0.078668       	-2.5858424e-08
0.0786905      	-2.6001375e-08
0.0787131      	-2.6144800e-08
0.0787356      	-2.6287739e-08
0.0787582      	-2.6431166e-08
0.0787807      	-2.6574106e-08
0.0788032      	-2.6717503e-08
0.0788258      	-2.6860424e-08
0.0788483      	-2.7003860e-08
0.0788708      	-2.7146830e-08
0.0788933      	-2.7290260e-08
0.0789158      	-2.7433263e-08
0.0789383      	-2.7576753e-08
0.0789608      	-2.7719787e-08
0.0789833      	-2.7863277e-08
0.0790058      	-2.8006539e-08
0.0790283      	-2.8150845e-08
0.0790508      	-2.8294701e-08
0.0790732      	-2.8439010e-08
0.0790957      	-2.8582849e-08
0.0791182      	-2.8727112e-08
0.0791406      	-2.8870963e-08
0.0791631      	-2.9015274e-08
0.0791855      	-2.9159153e-08
0.0792079      	-2.9303485e-08
0.0792304      	-2.9447350e-08
0.0792528      	-2.9591682e-08
0.0792752      	-2.9735548e-08
0.0792977      	-2.9879864e-08
0.0793201      	-3.0023728e-08
0.0793425      	-3.0168069e-08
0.0793649      	-3.0311956e-08
0.0793873      	-3.0456290e-08
0.0794097      	-3.0600150e-08
0.0794321      	-3.0744457e-08
0.0794544      	-3.0888282e-08
0.0794768      	-3.1032575e-08
0.0794992      	-3.1176401e-08
0.0795216      	-3.1320658e-08
0.0795439      	-3.1464457e-08
0.0795663      	-3.1608717e-08
0.0795886      	-3.1752512e-08
0.079611       	-3.1896778e-08
0.0796333      	-3.2040585e-08
0.0796557      	-3.2184843e-08
0.079678       	-3.2328634e-08
0.0797003      	-3.2472869e-08
0.0797227      	-3.2616638e-08
0.079745       	-3.2760880e-08
0.0797673      	-3.2904666e-08
0.0797896      	-3.3048890e-08
0.0798119      	-3.3192652e-08
0.0798342      	-3.3336870e-08
0.0798565      	-3.3480631e-08
0.0798788      	-3.3624844e-08
0.0799011      	-3.3768615e-08
0.0799233      	-3.3912849e-08
0.0799456      	-3.4056630e-08
0.0799679      	-3.4200872e-08
0.0799901      	-3.4344643e-08
0.0800124      	-3.4543799e-08
0.0800347      	-3.4786065e-08
0.0800569      	-3.5028470e-08
0.0800792      	-3.5270193e-08
0.0801014      	-3.5512090e-08
0.0801236      	-3.5753327e-08
0.0801459      	-3.5994806e-08
0.0801681      	-3.6235688e-08
0.0801904      	-3.6476840e-08
0.0802126      	-3.6717400e-08
0.0802348      	-3.6958254e-08
0.0802571      	-3.7198549e-08
0.0802793      	-3.7439149e-08
0.0803015      	-3.7679186e-08
0.0803237      	-3.7919537e-08
0.0803459      	-3.8159327e-08
0.0803681      	-3.8399442e-08
0.0803904      	-3.8638978e-08
0.0804126      	-3.8878835e-08
0.0804348      	-3.9118122e-08
0.080457       	-3.9357728e-08
0.0804792      	-3.9596766e-08
0.0805014      	-3.9836109e-08
0.0805236      	-4.0074891e-08
0.0805458      	-4.0313979e-08
0.080568       	-4.0552478e-08
0.0805901      	-4.0791259e-08
0.0806123      	-4.1029465e-08
0.0806345      	-4.1267959e-08
0.0806567      	-4.1505864e-08
0.0806789      	-4.1744032e-08
0.080701       	-4.1981601e-08
0.0807232      	-4.2219427e-08
0.0807454      	-4.2456650e-08
0.0807675      	-4.2694129e-08
0.0807897      	-4.2931001e-08
0.0808119      	-4.3168118e-08
0.080834       	-4.3404626e-08
0.0808562      	-4.3641382e-08
0.0808783      	-4.3877513e-08
0.0809005      	-4.4113888e-08
0.0809226      	-4.4349632e-08
0.0809448      	-4.4585586e-08
0.0809669      	-4.4820915e-08
0.0809891      	-4.5056457e-08
0.0810112      	-4.5291762e-08
0.0810333      	-4.5527705e-08
0.0810555      	-4.5762990e-08
0.0810776      	-4.5998487e-08
0.0810997      	-4.6233302e-08
0.0811218      	-4.6468312e-08
0.0811439      	-4.6702650e-08
0.0811661      	-4.6937176e-08
0.0811882      	-4.7171043e-08
0.0812103      	-4.7405097e-08
0.0812324      	-4.7638475e-08
0.0812545      	-4.7872014e-08
0.0812766      	-4.8104869e-08
0.0812987      	-4.8337912e-08
0.0813208      	-4.8570275e-08
0.0813429      	-4.8802798e-08
0.081365       	-4.9034613e-08
0.0813871      	-4.9266597e-08
0.0814092      	-4.9497869e-08
0.0814313      	-4.9729302e-08
0.0814534      	-4.9960031e-08
0.0814754      	-5.0190910e-08
0.0814975      	-5.0421066e-08
0.0815196      	-5.0651370e-08
0.0815417      	-5.0880958e-08
0.0815637      	-5.1110679e-08
0.0815858      	-5.1339641e-08
0.0816079      	-5.1568733e-08
0.0816299      	-5.1797100e-08
0.081652       	-5.2025592e-08
0.081674       	-5.2253330e-08
0.0816961      	-5.2481191e-08
0.0817182      	-5.2708324e-08
0.0817402      	-5.2935554e-08
0.0817623      	-5.3162068e-08
0.0817843      	-5.3388691e-08
0.0818063      	-5.3614583e-08
0.0818284      	-5.3840581e-08
0.0818504      	-5.4065848e-08
0.0818724      	-5.4291208e-08
0.0818945      	-5.4515808e-08
0.0819165      	-5.4740500e-08
0.0819385      	-5.4964441e-08
0.0819606      	-5.5188463e-08
0.0819826      	-5.5411739e-08
0.0820046      	-5.5635103e-08
0.0820266      	-5.5857712e-08
0.0820486      	-5.6080392e-08
0.0820706      	-5.6302311e-08
0.0820926      	-5.6524301e-08
0.0821146      	-5.6745511e-08
0.0821366      	-5.6966790e-08
0.0821586      	-5.7187298e-08
0.0821806      	-5.7407881e-08
0.0822026      	-5.7627690e-08
0.0822246      	-5.7847583e-08
0.0822466      	-5.8066680e-08
0.0822686      	-5.8285816e-08
0.0822906      	-5.8504193e-08
0.0823126      	-5.8722653e-08
0.0823346      	-5.8940327e-08
0.0823565      	-5.9158084e-08
0.0823785      	-5.9375054e-08
0.0824005      	-5.9592092e-08
0.0824224      	-5.9808352e-08
0.0824444      	-6.0024665e-08
0.0824664      	-6.0240193e-08
0.0824883      	-6.0455791e-08
0.0825103      	-6.0670613e-08
0.0825323      	-6.0885510e-08
0.0825542      	-6.1099630e-08
0.0825762      	-6.1313813e-08
0.0825981      	-6.1527204e-08
0.08262        	-6.1740640e-08
0.082642       	-6.1953300e-08
0.0826639      	-6.2166020e-08
0.0826859      	-6.2377956e-08
0.0827078      	-6.2589947e-08
0.0827297      	-6.2801145e-08
0.0827517      	-6.3012385e-08
0.0827736      	-6.3222847e-08
0.0827955      	-6.3433338e-08
0.0828174      	-6.3643035e-08
0.0828394      	-6.3852796e-08
0.0828613      	-6.4061775e-08
0.0828832      	-6.4270809e-08
0.0829051      	-6.4479054e-08
0.082927       	-6.4687338e-08
0.0829489      	-6.4894828e-08
0.0829708      	-6.5102370e-08
0.0829927      	-6.5309120e-08
0.0830146      	-6.5515915e-08
0.0830365      	-6.5721916e-08
0.0830584      	-6.5927975e-08
0.0830803      	-6.6133257e-08
0.0831022      	-6.6338588e-08
0.0831241      	-6.6543114e-08
0.083146       	-6.6747672e-08
0.0831679      	-6.6951439e-08
0.0831897      	-6.7155263e-08
0.0832116      	-6.7358301e-08
0.0832335      	-6.7561397e-08
0.0832554      	-6.7763717e-08
0.0832772      	-6.7966086e-08
0.0832991      	-6.8167678e-08
0.0833209      	-6.8369327e-08
0.0833428      	-6.8570183e-08
0.0833647      	-6.8771081e-08
0.0833865      	-6.8971215e-08
0.0834084      	-6.9171389e-08
0.0834302      	-6.9370769e-08
0.0834521      	-6.9570194e-08
0.0834739      	-6.9768847e-08
0.0834958      	-6.9967550e-08
0.0835176      	-7.0165511e-08
0.0835394      	-7.0363521e-08
0.0835613      	-7.0560741e-08
0.0835831      	-7.0758016e-08
0.0836049      	-7.0954510e-08
0.0836268      	-7.1151076e-08
0.0836486      	-7.1346898e-08
0.0836704      	-7.1542794e-08
0.0836922      	-7.1737937e-08
0.0837141      	-7.1933126e-08
0.0837359      	-7.2127534e-08
0.0837577      	-7.2322006e-08
0.0837795      	-7.2515735e-08
0.0838013      	-7.2709538e-08
0.0838231      	-7.2902581e-08
0.0838449      	-7.3095682e-08
0.0838667      	-7.3288011e-08
0.0838885      	-7.3480389e-08
0.0839103      	-7.3672028e-08
0.0839321      	-7.3863761e-08
0.0839539      	-7.4054736e-08
0.0839757      	-7.4245783e-08
0.0839975      	-7.4436060e-08
0.0840192      	-7.4625682e-08
0.084041       	-7.4814454e-08
0.0840628      	-7.5003299e-08
0.0840846      	-7.5191418e-08
0.0841063      	-7.5379617e-08
0.0841281      	-7.5567075e-08
0.0841499      	-7.5754578e-08
0.0841716      	-7.5941347e-08
0.0841934      	-7.6128217e-08
0.0842152      	-7.6314351e-08
0.0842369      	-7.6500566e-08
0.0842587      	-7.6686075e-08
0.0842804      	-7.6871655e-08
0.0843022      	-7.7056497e-08
0.0843239      	-7.7241420e-08
0.0843457      	-7.7425611e-08
0.0843674      	-7.7609895e-08
0.0843892      	-7.7793483e-08
0.0844109      	-7.7977144e-08
0.0844326      	-7.8160084e-08
0.0844544      	-7.8343138e-08
0.0844761      	-7.8525501e-08
0.0844978      	-7.8707958e-08
0.0845195      	-7.8889681e-08
0.0845413      	-7.9071520e-08
0.084563       	-7.9252638e-08
0.0845847      	-7.9433878e-08
0.0846064      	-7.9614407e-08
0.0846281      	-7.9795036e-08
0.0846498      	-7.9974945e-08
0.0846715      	-8.0154955e-08
0.0846932      	-8.0334275e-08
0.0847149      	-8.0513714e-08
0.0847366      	-8.0692471e-08
0.0847583      	-8.0871351e-08
0.08478        	-8.1049538e-08
0.0848017      	-8.1227844e-08
0.0848234      	-8.1405431e-08
0.0848451      	-8.1583130e-08
0.0848668      	-8.1760167e-08
0.0848885      	-8.1937322e-08
0.0849101      	-8.2113789e-08
0.0849318      	-8.2290380e-08
0.0849535      	-8.2466306e-08
0.0849752      	-8.2642340e-08
0.0849968      	-8.2817717e-08
0.0850185      	-8.2993919e-08
0.0850402      	-8.3169582e-08
0.0850618      	-8.3345382e-08
0.0850835      	-8.3520511e-08
0.0851051      	-8.3695806e-08
0.0851268      	-8.3870412e-08
0.0851484      	-8.4045155e-08
0.0851701      	-8.4219239e-08
0.0851917      	-8.4393474e-08
0.0852134      	-8.4567043e-08
0.085235       	-8.4740767e-08
0.0852567      	-8.4913826e-08
0.0852783      	-8.5087041e-08
0.0852999      	-8.5259605e-08
0.0853216      	-8.5432348e-08
0.0853432      	-8.5604444e-08
0.0853648      	-8.5776710e-08
0.0853864      	-8.5948350e-08
0.0854081      	-8.6120149e-08
0.0854297      	-8.6291305e-08
0.0854513      	-8.6462634e-08
0.0854729      	-8.6633319e-08
0.0854945      	-8.6804179e-08
0.0855161      	-8.6974406e-08
0.0855378      	-8.7144809e-08
0.0855594      	-8.7314602e-08
0.085581       	-8.7484578e-08
0.0856026      	-8.7653929e-08
0.0856242      	-8.7823446e-08
0.0856458      	-8.7992348e-08
0.0856673      	-8.8161442e-08
0.0856889      	-8.8329927e-08
0.0857105      	-8.8498596e-08
0.0857321      	-8.8666657e-08
0.0857537      	-8.8834915e-08
0.0857753      	-8.9002564e-08
0.0857968      	-8.9170391e-08
0.0858184      	-8.9337603e-08
0.08584        	-8.9505016e-08
0.0858616      	-8.9671837e-08
0.0858831      	-8.9838853e-08
0.0859047      	-9.0005275e-08
0.0859263      	-9.0171910e-08
0.0859478      	-9.0337963e-08
0.0859694      	-9.0504219e-08
0.0859909      	-9.0669893e-08
0.0860125      	-9.0835771e-08
0.086034       	-9.1001065e-08
0.0860556      	-9.1166571e-08
0.0860771      	-9.1331489e-08
0.0860987      	-9.1496641e-08
0.0861202      	-9.1661222e-08
0.0861418      	-9.1826022e-08
0.0861633      	-9.1990246e-08
0.0861848      	-9.2154691e-08
0.0862064      	-9.2318563e-08
0.0862279      	-9.2482661e-08
0.0862494      	-9.2646198e-08
0.0862709      	-9.2809965e-08
0.0862925      	-9.2973173e-08
0.086314       	-9.3136618e-08
0.0863355      	-9.3299504e-08
0.086357       	-9.3462619e-08
0.0863785      	-9.3625180e-08
0.0864         	-9.3787978e-08
0.0864215      	-9.3950226e-08
0.086443       	-9.4112718e-08
0.0864645      	-9.4274667e-08
0.086486       	-9.4436861e-08
0.0865075      	-9.4598508e-08
0.086529       	-9.4760400e-08
0.0865505      	-9.4921757e-08
0.086572       	-9.5083371e-08
0.0865935      	-9.5244449e-08
0.086615       	-9.5405781e-08
0.0866365      	-9.5566582e-08
0.086658       	-9.5727645e-08
0.0866794      	-9.5888181e-08
0.0867009      	-9.6048974e-08
0.0867224      	-9.6209240e-08
0.0867438      	-9.6369769e-08
0.0867653      	-9.6529780e-08
0.0867868      	-9.6690059e-08
0.0868082      	-9.6849821e-08
0.0868297      	-9.7009854e-08
0.0868512      	-9.7169375e-08
0.0868726      	-9.7329169e-08
0.0868941      	-9.7488452e-08
0.0869155      	-9.7648010e-08
0.086937       	-9.7807061e-08
0.0869584      	-9.7966390e-08
0.0869799      	-9.8125219e-08
0.0870013      	-9.8284326e-08
0.0870227      	-9.8442930e-08
0.0870442      	-9.8601821e-08
0.0870656      	-9.8760220e-08
0.0870871      	-9.8918907e-08
0.0871085      	-9.9077101e-08
0.0871299      	-9.9235584e-08
0.0871513      	-9.9393579e-08
0.0871728      	-9.9551867e-08
0.0871942      	-9.9709670e-08
0.0872156      	-9.9867766e-08
0.087237       	-1.0002538e-07
0.0872584      	-1.0018329e-07
0.0872798      	-1.0034072e-07
0.0873012      	-1.0049845e-07
0.0873226      	-1.0065571e-07
0.087344       	-1.0081327e-07
0.0873654      	-1.0097035e-07
0.0873868      	-1.0112775e-07
0.0874082      	-1.0128467e-07
0.0874296      	-1.0144190e-07
0.087451       	-1.0159867e-07
0.0874724      	-1.0175575e-07
0.0874938      	-1.0191236e-07
0.0875152      	-1.0206929e-07
0.0875366      	-1.0222577e-07
0.087558       	-1.0238255e-07
0.0875793      	-1.0253888e-07
0.0876007      	-1.0269553e-07
0.0876221      	-1.0285172e-07
0.0876434      	-1.0300824e-07
0.0876648      	-1.0316430e-07
0.0876862      	-1.0332069e-07
0.0877075      	-1.0347663e-07
0.0877289      	-1.0363290e-07
0.0877503      	-1.0378872e-07
0.0877716      	-1.0394487e-07
0.087793       	-1.0410057e-07
0.0878143      	-1.0425661e-07
0.0878357      	-1.0441220e-07
0.087857       	-1.0456814e-07
0.0878784      	-1.0472363e-07
0.0878997      	-1.0487946e-07
0.087921       	-1.0503485e-07
0.0879424      	-1.0519058e-07
0.0879637      	-1.0534588e-07
0.087985       	-1.0550152e-07
0.0880064      	-1.0565649e-07
0.0880277      	-1.0581124e-07
0.088049       	-1.0596556e-07
0.0880703      	-1.0612024e-07
0.0880917      	-1.0627449e-07
0.088113       	-1.0642909e-07
0.0881343      	-1.0658327e-07
0.0881556      	-1.0673780e-07
0.0881769      	-1.0689190e-07
0.0881982      	-1.0704637e-07
0.0882195      	-1.0720041e-07
0.0882408      	-1.0735481e-07
0.0882621      	-1.0750879e-07
0.0882834      	-1.0766314e-07
0.0883047      	-1.0781706e-07
0.088326       	-1.0797135e-07
0.0883473      	-1.0812523e-07
0.0883686      	-1.0827947e-07
0.0883899      	-1.0843330e-07
0.0884112      	-1.0858750e-07
0.0884325      	-1.0874129e-07
0.0884537      	-1.0889545e-07
0.088475       	-1.0904921e-07
0.0884963      	-1.0920333e-07
0.0885176      	-1.0935705e-07
0.0885388      	-1.0951114e-07
0.0885601      	-1.0966482e-07
0.0885814      	-1.0981888e-07
0.0886026      	-1.0997253e-07
0.0886239      	-1.1012656e-07
0.0886452      	-1.1028020e-07
0.0886664      	-1.1043420e-07
0.0886877      	-1.1058782e-07
0.0887089      	-1.1074180e-07
0.0887302      	-1.1089541e-07
0.0887514      	-1.1104938e-07
0.0887727      	-1.1120297e-07
0.0887939      	-1.1135694e-07
0.0888151      	-1.1151052e-07
0.0888364      	-1.1166449e-07
0.0888576      	-1.1181807e-07
0.0888788      	-1.1197203e-07
0.0889001      	-1.1212562e-07
0.0889213      	-1.1227958e-07
0.0889425      	-1.1243316e-07
0.0889637      	-1.1258713e-07
0.088985       	-1.1274071e-07
0.0890062      	-1.1289492e-07
0.0890274      	-1.1304931e-07
0.0890486      	-1.1320408e-07
0.0890698      	-1.1335848e-07
0.089091       	-1.1351327e-07
0.0891122      	-1.1366767e-07
0.0891334      	-1.1382247e-07
0.0891546      	-1.1397689e-07
0.0891758      	-1.1413170e-07
0.089197       	-1.1428614e-07
0.0892182      	-1.1444098e-07
0.0892394      	-1.1459545e-07
0.0892606      	-1.1475031e-07
0.0892818      	-1.1490480e-07
0.089303       	-1.1505968e-07
0.0893242      	-1.1521419e-07
0.0893454      	-1.1536909e-07
0.0893665      	-1.1552362e-07
0.0893877      	-1.1567856e-07
0.0894089      	-1.1583313e-07
0.0894301      	-1.1598810e-07
0.0894512      	-1.1614271e-07
0.0894724      	-1.1629771e-07
0.0894936      	-1.1645236e-07
0.0895147      	-1.1660740e-07
0.0895359      	-1.1676208e-07
0.089557       	-1.1691716e-07
0.0895782      	-1.1707189e-07
0.0895994      	-1.1722701e-07
0.0896205      	-1.1738178e-07
0.0896417      	-1.1753695e-07
0.0896628      	-1.1769176e-07
0.0896839      	-1.1784697e-07
0.0897051      	-1.1800184e-07
0.0897262      	-1.1815710e-07
0.0897474      	-1.1831201e-07
0.0897685      	-1.1846733e-07
0.0897896      	-1.1862229e-07
0.0898108      	-1.1877765e-07
0.0898319      	-1.1893266e-07
0.089853       	-1.1908807e-07
0.0898741      	-1.1924312e-07
0.0898953      	-1.1939858e-07
0.0899164      	-1.1955369e-07
0.0899375      	-1.1970920e-07
0.0899586      	-1.1986436e-07
0.0899797      	-1.2001992e-07
0.0900008      	-1.2017514e-07
0.0900219      	-1.2033075e-07
0.090043       	-1.2048601e-07
0.0900641      	-1.2064168e-07
0.0900852      	-1.2079699e-07
0.0901063      	-1.2095271e-07
0.0901274      	-1.2110807e-07
0.0901485      	-1.2126383e-07
0.0901696      	-1.2141924e-07
0.0901907      	-1.2157504e-07
0.0902118      	-1.2173048e-07
0.0902329      	-1.2188632e-07
0.090254       	-1.2204179e-07
0.090275       	-1.2219764e-07
0.0902961      	-1.2235312e-07
0.0903172      	-1.2250897e-07
0.0903383      	-1.2266443e-07
0.0903593      	-1.2282022e-07
0.0903804      	-1.2297558e-07
0.0904012      	-1.2312883e-07
0.0904196      	-1.2326511e-07
0.0904359      	-1.2338592e-07
0.0904501      	-1.2349143e-07
0.0904624      	-1.2358302e-07
0.0904729      	-1.2366131e-07
0.0904818      	-1.2372788e-07
0.0904893      	-1.2378364e-07
0.0904956      	-1.2383010e-07
0.0905008      	-1.2386812e-07
0.090505       	-1.2389889e-07
0.0905086      	-1.2392310e-07
0.0905115      	-1.2394163e-07
0.0905138      	-1.2395494e-07
0.0905157      	-1.2396335e-07
0.0905173      	-1.2396691e-07
0.0905186      	-1.2396561e-07
0.0905196      	-1.2395932e-07
0.0905204      	-1.2394742e-07
0.0905211      	-1.2392904e-07
0.0905216      	-1.2390307e-07
0.090522       	-1.2386821e-07
0.0905224      	-1.2382280e-07
0.0905227      	-1.2376453e-07
0.0905229      	-1.2369042e-07
0.0905231      	-1.2359680e-07
0.0905232      	-1.2347886e-07
0.0905233      	-1.2333076e-07
0.0905234      	-1.2314531e-07
0.0905235      	-1.2291358e-07
0.0905236      	-1.2262422e-07
0.0905236      	-1.2226317e-07
0.0905237      	-1.2181263e-07
0.0905237      	-1.2125095e-07
0.0905237      	-1.2055087e-07
0.0905237      	-1.1967848e-07
0.0905238      	-1.1859176e-07
0.0905238      	-1.1723791e-07
0.0905238      	-1.1555159e-07
0.0905238      	-1.1345128e-07
0.0905238      	-1.1083484e-07
0.0905238      	-1.0757619e-07
0.0905238      	-1.0351823e-07
0.0905238      	-9.8465010e-08
0.0905238      	-9.2171935e-08
0.0905238      	-8.4335197e-08
0.0905238      	-7.4573774e-08
0.0905238      	-6.2418810e-08
0.0905238      	-4.7279024e-08
0.0905238      	-2.8418200e-08
0.0905238      	-4.9203461e-09
0.0905238      	2.4336846e-08
0.0905238      	6.0799110e-08
0.0905238      	1.0623628e-07
0.0905238      	1.6282801e-07
0.0905238      	2.3330014e-07
0.0905238      	3.2106091e-07
0.0905238      	4.3035047e-07
0.0905238      	5.6645491e-07
0.0905238      	7.3597663e-07
0.0905238      	9.4709881e-07
0.0905238      	1.2100653e-06
0.0905238      	1.5375554e-06
0.0905238      	1.9454759e-06
0.0905238      	2.4534694e-06
0.0905238      	3.0862491e-06
0.0905238      	3.8742295e-06
0.0905238      	4.8558211e-06
0.0905238      	6.0780696e-06
0.0905238      	7.6007199e-06
0.0905238      	9.4966500e-06
0.0905238      	1.1858577e-05
0.0905238      	1.4799516e-05
0.0905238      	1.8463310e-05
0.0905238      	2.3025254e-05
0.0905238      	2.8708485e-05
0.0905238      	3.5784909e-05
0.0905238      	4.4600663e-05
0.0905238      	5.5577514e-05
0.0905238      	6.9252397e-05
0.0905238      	8.6279541e-05
0.0905238      	1.0749184e-04
0.0905238      	1.3390413e-04
0.0905238      	1.6680838e-04
0.0905238      	2.0777877e-04
0.0905238      	2.5881943e-04
0.0905238      	3.2237216e-04
0.0905238      	4.0154577e-04
0.0905238      	5.0012794e-04
0.0905238      	6.2294104e-04
0.0905238      	7.7586043e-04
0.0905238      	9.6636653e-04
0.0905238      	1.2035731e-03
0.0905238      	1.4990837e-03
0.0905238      	1.8670355e-03
0.0905238      	2.3254278e-03
0.0905238      	2.8961898e-03
0.0905238      	3.6072420e-03
0.0905238      	4.4926006e-03
0.0905238      	5.5955757e-03
0.0905238      	6.9689325e-03
0.0905238      	8.6798534e-03
0.0905238      	1.0810187e-02
0.0905238      	1.3464145e-02
0.0905238      	1.6768691e-02
0.0905238      	2.0885477e-02
0.0905238      	2.6011445e-02
0.0905238      	3.2397351e-02
0.0905238      	4.0348686e-02
0.0905238      	5.0254421e-02
0.0905238      	6.2588430e-02
0.0905238      	7.7954079e-02
0.0905238      	9.7086434e-02
0.0905238      	1.2092143e-01
0.0905238      	1.5059929e-01
0.0905238      	1.8757183e-01
0.0905238      	2.3360775e-01
0.0905238      	2.9095908e-01
0.0905238      	3.6236940e-01
0.0905238      	4.5133204e-01
0.0905238      	5.6210280e-01
0.0905238      	7.0010051e-01
0.0905238      	8.7192669e-01
0.0905238      	1.0859870e+00
0.0905238      	1.3525215e+00
0.0905238      	1.6845690e+00
0.0905238      	2.0980140e+00
0.0905238      	2.6130818e+00
0.0905238      	3.2544123e+00
0.0905238      	4.0533789e+00
0.0905238      	5.0482025e+00
0.0905238      	6.2875492e+00
0.0905238      	7.8307066e+00
0.0905238      	9.7531654e+00
0.0905238      	1.2146891e+01
0.0905238      	1.5128984e+01
0.0905238      	1.8842101e+01
0.0905238      	2.3467886e+01
0.0905238      	2.9227624e+01
0.0905238      	3.6403082e+01
0.0905238      	4.5337514e+01
0.0905238      	5.6467991e+01
0.0905238      	7.0326967e+01
0.0905238      	8.7592420e+01
0.0905238      	1.0909029e+02
0.0905238      	1.3587223e+02
0.0905238      	1.6921944e+02
0.0905238      	2.1076326e+02
0.0905238      	2.6249102e+02
0.0905238      	3.2693325e+02
0.0905238      	4.0717268e+02
0.0905238      	5.0713464e+02
0.0905238      	6.3160102e+02
0.0905238      	7.8666071e+02
0.0905238      	9.7973136e+02
0.0905238      	1.2202579e+03
0.0905238      	1.5197466e+03
0.0905238      	1.8928484e+03
0.0905238      	2.3574114e+03
0.0905238      	2.9361620e+03
0.0905238      	3.6567862e+03
0.0905238      	4.5545367e+03
0.0905238      	5.6723595e+03
0.0905238      	7.0649386e+03
0.0905238      	8.7988910e+03
0.0905238      	1.0959042e+04
0.0905238      	1.3648726e+04
0.0905238      	1.6999524e+04
0.0905238      	2.1171728e+04
0.0905238      	2.6369443e+04
0.0905238      	3.2841311e+04
0.0905238      	4.0903941e+04
0.0905238      	5.0943017e+04
0.0905238      	6.3449667e+04
0.0905238      	7.9022148e+04
0.0905238      	9.8422312e+04
0.0905238      	1.2257813e+05
0.0905238      	1.5267144e+05
0.0905238      	1.9014160e+05
0.0905238      	2.3682197e+05
0.0905238      	2.9494519e+05
0.0905238      	3.6735520e+05
0.0905238      	4.5751517e+05
0.0905238      	5.6983667e+05
0.0905238      	7.0969162e+05
0.0905238      	8.8392332e+05
0.0905238      	1.1008645e+06
0.0905238      	1.3711305e+06
0.0905238      	1.7076467e+06
0.0905238      	2.1268800e+06
0.0905238      	2.6488796e+06
0.0905238      	3.2991888e+06
0.0905238      	4.1089079e+06
0.0905238      	5.1176591e+06
0.0905238      	6.3736849e+06
0.0905238      	7.9384468e+06
0.0905238      	9.8867779e+06
0.0905238      	1.2314016e+07
0.0905238      	1.5336242e+07
0.0905238      	1.9101343e+07
0.0905238      	2.3789381e+07
0.0905238      	2.9629758e+07
0.0905238      	3.6901782e+07
0.0905238      	4.5961298e+07
0.0905238      	5.7241568e+07
0.0905238      	7.1294573e+07
0.0905238      	8.8792382e+07
0.0905238      	1.1059122e+08
0.0905238      	1.3773360e+08
0.0905238      	1.7154768e+08
0.0905238      	2.1365058e+08
0.0905238      	2.6610255e+08
0.0905238      	3.3141203e+08
0.0905238      	4.1277484e+08
0.0905238      	5.1408206e+08
0.0905238      	6.4029101e+08
0.0905238      	7.9743747e+08
0.0905238      	9.9321116e+08
0.0905238      	1.2369747e+09
0.0905238      	1.5406563e+09
0.0905238      	1.9187792e+09
0.0905238      	2.3898463e+09
0.0905238      	2.9763856e+09
0.0905238      	3.7070987e+09
0.0905238      	4.6169310e+09
0.0905238      	5.7504037e+09
0.0905238      	7.1617238e+09
