# Region type : patch Lc1
# Faces        : 121
# Area         : 2.4367446e-06
# Scale factor : 1.0000000e+00
# Time         	sum(phi)
6e-05          	7.6311134e-11
0.000132       	1.6854812e-10
0.0002184      	2.7961373e-10
0.00032208     	4.1438384e-10
0.000446496    	5.7774910e-10
0.000595795    	7.7756974e-10
0.000774954    	1.0220640e-09
0.000989945    	1.3242926e-09
0.00124793     	1.6987744e-09
0.00155752     	2.1681436e-09
0.00192903     	2.7588358e-09
0.00237483     	3.5111027e-09
0.0029098      	4.4736775e-09
0.00355176     	5.7181543e-09
0.00429765     	7.2791919e-09
0.00475382     	8.3150685e-09
0.00497048     	8.8226590e-09
0.00518408     	9.3361999e-09
0.00542151     	9.9157568e-09
0.00568516     	1.0575699e-08
0.00595414     	1.1260394e-08
0.0062144      	1.1939685e-08
0.00646879     	1.2613168e-08
0.00672414     	1.3303880e-08
0.00698347     	1.4014042e-08
0.0072456      	1.4745859e-08
0.0075082      	1.5487112e-08
0.00777027     	1.6240512e-08
0.00803213     	1.7000642e-08
0.00829441     	1.7774854e-08
0.00855734     	1.8557614e-08
0.00882083     	1.9354301e-08
0.00908463     	2.0158195e-08
0.00934861     	2.0974764e-08
0.00961272     	2.1797335e-08
0.00987701     	2.2631755e-08
0.0101415      	2.3471523e-08
0.0104061      	2.4322370e-08
0.0106708      	2.5178333e-08
0.0109356      	2.6045225e-08
0.0112005      	2.6916928e-08
0.0114655      	2.7799323e-08
0.0117307      	2.8686305e-08
0.0119958      	2.9583775e-08
0.0122611      	3.0486411e-08
0.0125265      	3.1399432e-08
0.0127919      	3.2316767e-08
0.0130543      	3.3233489e-08
0.0133099      	3.4129691e-08
0.0135591      	3.5012978e-08
0.0138025      	3.5878700e-08
0.01404        	3.6731892e-08
0.0142718      	3.7568471e-08
0.0144983      	3.8393867e-08
0.0147199      	3.9203651e-08
0.0149367      	4.0003568e-08
0.0151492      	4.0788745e-08
0.0153574      	4.1564894e-08
0.0155616      	4.2328031e-08
0.0157619      	4.3083280e-08
0.0159587      	4.3826532e-08
0.016152       	4.4562672e-08
0.0163419      	4.5287679e-08
0.0165288      	4.6006227e-08
0.0167125      	4.6714399e-08
0.0168934      	4.7416688e-08
0.0170714      	4.8109560e-08
0.0172468      	4.8797475e-08
0.0174196      	4.9476254e-08
0.0175899      	5.0150068e-08
0.0177578      	5.0815272e-08
0.0179234      	5.1475902e-08
0.0180867      	5.2128020e-08
0.0182479      	5.2775571e-08
0.0184071      	5.3415404e-08
0.0185642      	5.4051299e-08
0.0187193      	5.4679849e-08
0.0188726      	5.5304729e-08
0.019024       	5.5922717e-08
0.0191736      	5.6537856e-08
0.0193216      	5.7146290e-08
0.0194678      	5.7751497e-08
0.0196124      	5.8350285e-08
0.0197555      	5.8946047e-08
0.019897       	5.9535656e-08
0.020037       	6.0122246e-08
0.0201755      	6.0702429e-08
0.0203126      	6.1279931e-08
0.0204484      	6.1851740e-08
0.0205828      	6.2421008e-08
0.0207159      	6.2984785e-08
0.0208477      	6.3546161e-08
0.0209783      	6.4102239e-08
0.0211076      	6.4656043e-08
0.0212358      	6.5204721e-08
0.0213628      	6.5751234e-08
0.0214886      	6.6292781e-08
0.0216134      	6.6832267e-08
0.021737       	6.7366941e-08
0.0218597      	6.7899656e-08
0.0219812      	6.8427709e-08
0.0221018      	6.8954439e-08
0.0222213      	6.9476735e-08
0.0223399      	6.9997242e-08
0.0224576      	7.0513341e-08
0.0225742      	7.1027733e-08
0.02269        	7.1537839e-08
0.0228049      	7.2046316e-08
0.0229189      	7.2550626e-08
0.023032       	7.3053204e-08
0.0231443      	7.3551277e-08
0.0232558      	7.4047860e-08
0.0233664      	7.4540488e-08
0.0234763      	7.5031683e-08
0.0235853      	7.5519017e-08
0.0236936      	7.6004975e-08
0.0238011      	7.6487164e-08
0.0239079      	7.6968035e-08
0.024014       	7.7445228e-08
0.0241193      	7.7921154e-08
0.0242239      	7.8393481e-08
0.0243279      	7.8864585e-08
0.0244311      	7.9332167e-08
0.0245337      	7.9798569e-08
0.0246356      	8.0261524e-08
0.0247369      	8.0723346e-08
0.0248375      	8.1181795e-08
0.0249375      	8.1639155e-08
0.0250369      	8.2093437e-08
0.0251357      	8.2547045e-08
0.0252339      	8.2997413e-08
0.0253315      	8.3446762e-08
0.0254285      	8.3892935e-08
0.0255249      	8.4338126e-08
0.0256208      	8.4780202e-08
0.0257161      	8.5221331e-08
0.0258108      	8.5659407e-08
0.0259051      	8.6096573e-08
0.0259987      	8.6530747e-08
0.0260919      	8.6963464e-08
0.0261846      	8.7393235e-08
0.0262767      	8.7822159e-08
0.0263683      	8.8248192e-08
0.0264595      	8.8673403e-08
0.0265501      	8.9095770e-08
0.0266403      	8.9517342e-08
0.02673        	8.9936119e-08
0.0268192      	9.0354128e-08
0.0269079      	9.0769390e-08
0.0269962      	9.1183912e-08
0.0270841      	9.1596282e-08
0.0271715      	9.2007956e-08
0.0272584      	9.2416966e-08
0.027345       	9.2825277e-08
0.0274311      	9.3230967e-08
0.0275167      	9.3635979e-08
0.027602       	9.4038411e-08
0.0276868      	9.4440188e-08
0.0277713      	9.4839426e-08
0.0278553      	9.5238032e-08
0.0279389      	9.5634140e-08
0.0280222      	9.6029487e-08
0.028105       	9.6421961e-08
0.0281875      	9.6813844e-08
0.0282696      	9.7203302e-08
0.0283513      	9.7592181e-08
0.0284326      	9.7978669e-08
0.0285136      	9.8364593e-08
0.0285942      	9.8748158e-08
0.0286744      	9.9131175e-08
0.0287543      	9.9511866e-08
0.0288339      	9.9892027e-08
0.0289131      	1.0026990e-07
0.0289919      	1.0064725e-07
0.0290705      	1.0102235e-07
0.0291486      	1.0139695e-07
0.0292265      	1.0176931e-07
0.029304       	1.0214119e-07
0.0293812      	1.0251086e-07
0.0294581      	1.0288006e-07
0.0295346      	1.0324708e-07
0.0296109      	1.0361364e-07
0.0296868      	1.0397805e-07
0.0297624      	1.0434201e-07
0.0298378      	1.0470386e-07
0.0299128      	1.0506527e-07
0.0299875      	1.0542458e-07
0.0300619      	1.0578393e-07
0.0301361      	1.0614130e-07
0.0302099      	1.0649825e-07
0.0302834      	1.0685315e-07
0.0303567      	1.0720765e-07
0.0304297      	1.0756013e-07
0.0305024      	1.0791222e-07
0.0305748      	1.0826231e-07
0.030647       	1.0861201e-07
0.0307189      	1.0895975e-07
0.0307905      	1.0930711e-07
0.0308618      	1.0965252e-07
0.0309329      	1.0999758e-07
0.0310038      	1.1034068e-07
0.0310743      	1.1068293e-07
0.0311446      	1.1102328e-07
0.0312147      	1.1136330e-07
0.0312845      	1.1170142e-07
0.0313541      	1.1203922e-07
0.0314234      	1.1237514e-07
0.0314924      	1.1271075e-07
0.0315613      	1.1304450e-07
0.0316298      	1.1337794e-07
0.0316982      	1.1370956e-07
0.0317663      	1.1404086e-07
0.0318342      	1.1437036e-07
0.0319018      	1.1469956e-07
0.0319692      	1.1502697e-07
0.0320364      	1.1535410e-07
0.0321034      	1.1567945e-07
0.0321701      	1.1600452e-07
0.0322366      	1.1632784e-07
0.0323029      	1.1665088e-07
0.032369       	1.1697218e-07
0.0324348      	1.1729322e-07
0.0325005      	1.1761253e-07
0.0325659      	1.1793157e-07
0.0326311      	1.1824892e-07
0.0326961      	1.1856600e-07
0.0327609      	1.1888140e-07
0.0328255      	1.1919655e-07
0.0328899      	1.1951003e-07
0.0329541      	1.1982327e-07
0.0330181      	1.2013500e-07
0.0330819      	1.2044687e-07
0.0331454      	1.2075709e-07
0.0332088      	1.2106708e-07
0.033272       	1.2137545e-07
0.033335       	1.2168359e-07
0.0333978      	1.2199012e-07
0.0334604      	1.2229643e-07
0.0335229      	1.2260114e-07
0.0335851      	1.2290564e-07
0.0336472      	1.2320855e-07
0.033709       	1.2351126e-07
0.0337707      	1.2381240e-07
0.0338322      	1.2411334e-07
0.0338935      	1.2441273e-07
0.0339547      	1.2471193e-07
0.0340156      	1.2500946e-07
0.0340764      	1.2530642e-07
0.034137       	1.2560187e-07
0.0341974      	1.2589713e-07
0.0342577      	1.2619088e-07
0.0343178      	1.2648445e-07
0.0343777      	1.2677652e-07
0.0344375      	1.2706840e-07
0.034497       	1.2735880e-07
0.0345564      	1.2764903e-07
0.0346157      	1.2793778e-07
0.0346748      	1.2822636e-07
0.0347337      	1.2851348e-07
0.0347925      	1.2880043e-07
0.034851       	1.2908594e-07
0.0349095      	1.2937128e-07
0.0349678      	1.2965519e-07
0.0350259      	1.2993916e-07
0.0350838      	1.3022198e-07
0.0351416      	1.3050464e-07
0.0351993      	1.3078589e-07
0.0352568      	1.3106699e-07
0.0353141      	1.3134669e-07
0.0353713      	1.3162623e-07
0.0354284      	1.3190439e-07
0.0354853      	1.3218240e-07
0.035542       	1.3245902e-07
0.0355986      	1.3273551e-07
0.035655       	1.3301063e-07
0.0357113      	1.3328561e-07
0.0357675      	1.3355923e-07
0.0358235      	1.3383272e-07
0.0358794      	1.3410486e-07
0.0359351      	1.3437688e-07
0.0359907      	1.3464755e-07
0.0360462      	1.3491771e-07
0.0361015      	1.3518646e-07
0.0361566      	1.3545509e-07
0.0362117      	1.3572240e-07
0.0362666      	1.3598960e-07
0.0363213      	1.3625548e-07
0.0363759      	1.3652125e-07
0.0364304      	1.3678572e-07
0.0364848      	1.3705008e-07
0.036539       	1.3731314e-07
0.0365931      	1.3757610e-07
0.0366471      	1.3783777e-07
0.0367009      	1.3809934e-07
0.0367546      	1.3835964e-07
0.0368082      	1.3861983e-07
0.0368616      	1.3887876e-07
0.0369149      	1.3913759e-07
0.0369681      	1.3939516e-07
0.0370212      	1.3965265e-07
0.0370741      	1.3990888e-07
0.037127       	1.4016503e-07
0.0371797      	1.4041993e-07
0.0372322      	1.4067475e-07
0.0372847      	1.4092833e-07
0.037337       	1.4118183e-07
0.0373892      	1.4143410e-07
0.0374413      	1.4168628e-07
0.0374933      	1.4193725e-07
0.0375451      	1.4218814e-07
0.0375969      	1.4243782e-07
0.0376485      	1.4268742e-07
0.0377         	1.4293582e-07
0.0377514      	1.4318414e-07
0.0378026      	1.4343127e-07
0.0378538      	1.4367833e-07
0.0379048      	1.4392421e-07
0.0379558      	1.4417001e-07
0.0380066      	1.4441470e-07
0.0380573      	1.4465973e-07
0.0381079      	1.4490360e-07
0.0381584      	1.4514739e-07
0.0382088      	1.4539002e-07
0.038259       	1.4563259e-07
0.0383092      	1.4587400e-07
0.0383592      	1.4611534e-07
0.0384092      	1.4635554e-07
0.038459       	1.4659568e-07
0.0385087      	1.4683468e-07
0.0385583      	1.4707362e-07
0.0386079      	1.4731143e-07
0.0386573      	1.4754918e-07
0.0387066      	1.4778581e-07
0.0387558      	1.4802238e-07
0.0388049      	1.4825783e-07
0.0388539      	1.4849324e-07
0.0389028      	1.4872753e-07
0.0389516      	1.4896178e-07
0.0390003      	1.4919492e-07
0.0390488      	1.4942756e-07
0.0390973      	1.4965911e-07
0.0391457      	1.4989061e-07
0.039194       	1.5012102e-07
0.0392422      	1.5035139e-07
0.0392903      	1.5058067e-07
0.0393383      	1.5080992e-07
0.0393862      	1.5103808e-07
0.039434       	1.5126620e-07
0.0394817      	1.5149325e-07
0.0395293      	1.5172026e-07
0.0395769      	1.5194621e-07
0.0396243      	1.5217212e-07
0.0396716      	1.5239697e-07
0.0397189      	1.5262178e-07
0.039766       	1.5284554e-07
0.0398131      	1.5306927e-07
0.03986        	1.5329195e-07
0.0399069      	1.5351460e-07
0.0399537      	1.5373621e-07
0.0400004      	1.5395782e-07
0.040047       	1.5418153e-07
0.0400935      	1.5440521e-07
0.0401399      	1.5462785e-07
0.0401862      	1.5485046e-07
0.0402324      	1.5507204e-07
0.0402786      	1.5529360e-07
0.0403246      	1.5551414e-07
0.0403706      	1.5573465e-07
0.0404165      	1.5595415e-07
0.0404623      	1.5617363e-07
0.040508       	1.5639211e-07
0.0405536      	1.5661057e-07
0.0405992      	1.5682803e-07
0.0406446      	1.5704548e-07
0.04069        	1.5726193e-07
0.0407353      	1.5747838e-07
0.0407805      	1.5769383e-07
0.0408256      	1.5790929e-07
0.0408706      	1.5812376e-07
0.0409155      	1.5833823e-07
0.0409604      	1.5855172e-07
0.0410052      	1.5876522e-07
0.0410499      	1.5897774e-07
0.0410945      	1.5919026e-07
0.041139       	1.5940182e-07
0.0411835      	1.5961338e-07
0.0412279      	1.5982398e-07
0.0412721      	1.6003459e-07
0.0413164      	1.6024424e-07
0.0413605      	1.6045389e-07
0.0414045      	1.6066260e-07
0.0414485      	1.6087131e-07
0.0414924      	1.6107907e-07
0.0415362      	1.6128685e-07
0.04158        	1.6149368e-07
0.0416236      	1.6170052e-07
0.0416672      	1.6190643e-07
0.0417107      	1.6211234e-07
0.0417542      	1.6231733e-07
0.0417975      	1.6252233e-07
0.0418408      	1.6272640e-07
0.041884       	1.6293049e-07
0.0419271      	1.6313366e-07
0.0419702      	1.6333685e-07
0.0420132      	1.6353898e-07
0.0420561      	1.6374083e-07
0.0420989      	1.6394178e-07
0.0421417      	1.6414274e-07
0.0421843      	1.6434279e-07
0.042227       	1.6454287e-07
0.0422695      	1.6474204e-07
0.042312       	1.6494123e-07
0.0423544      	1.6513952e-07
0.0423967      	1.6533783e-07
0.0424389      	1.6553525e-07
0.0424811      	1.6573269e-07
0.0425232      	1.6592924e-07
0.0425653      	1.6612581e-07
0.0426073      	1.6632149e-07
0.0426492      	1.6651720e-07
0.042691       	1.6671202e-07
0.0427328      	1.6690687e-07
0.0427745      	1.6710085e-07
0.0428161      	1.6729484e-07
0.0428576      	1.6748797e-07
0.0428991      	1.6768112e-07
0.0429405      	1.6787340e-07
0.0429819      	1.6806572e-07
0.0430232      	1.6825741e-07
0.0430644      	1.6844932e-07
0.0431056      	1.6864037e-07
0.0431467      	1.6883144e-07
0.0431877      	1.6902166e-07
0.0432286      	1.6921191e-07
0.0432695      	1.6940130e-07
0.0433104      	1.6959073e-07
0.0433511      	1.6977930e-07
0.0433918      	1.6996791e-07
0.0434324      	1.7015567e-07
0.043473       	1.7034346e-07
0.0435135      	1.7053041e-07
0.0435539      	1.7071739e-07
0.0435943      	1.7090354e-07
0.0436346      	1.7108971e-07
0.0436749      	1.7127506e-07
0.0437151      	1.7146043e-07
0.0437552      	1.7164498e-07
0.0437952      	1.7182956e-07
0.0438352      	1.7201332e-07
0.0438752      	1.7219711e-07
0.0439151      	1.7238008e-07
0.0439549      	1.7256308e-07
0.0439946      	1.7274528e-07
0.0440343      	1.7292751e-07
0.0440739      	1.7310892e-07
0.0441135      	1.7329038e-07
0.044153       	1.7347102e-07
0.0441925      	1.7365170e-07
0.0442319      	1.7383157e-07
0.0442712      	1.7401149e-07
0.0443105      	1.7419059e-07
0.0443497      	1.7436974e-07
0.0443888      	1.7454809e-07
0.0444279      	1.7472647e-07
0.044467       	1.7490406e-07
0.0445059      	1.7508169e-07
0.0445449      	1.7525852e-07
0.0445837      	1.7543540e-07
0.0446225      	1.7561148e-07
0.0446613      	1.7578761e-07
0.0447         	1.7596294e-07
0.0447386      	1.7613833e-07
0.0447772      	1.7631292e-07
0.0448157      	1.7648756e-07
0.0448542      	1.7666142e-07
0.0448926      	1.7683533e-07
0.0449309      	1.7700845e-07
0.0449692      	1.7718163e-07
0.0450075      	1.7735403e-07
0.0450457      	1.7752647e-07
0.0450838      	1.7769815e-07
0.0451219      	1.7786987e-07
0.0451599      	1.7804083e-07
0.0451979      	1.7821183e-07
0.0452358      	1.7838207e-07
0.0452736      	1.7855236e-07
0.0453114      	1.7872188e-07
0.0453492      	1.7889145e-07
0.0453869      	1.7906027e-07
0.0454245      	1.7922912e-07
0.0454621      	1.7939723e-07
0.0454997      	1.7956538e-07
0.0455371      	1.7973278e-07
0.0455746      	1.7990022e-07
0.045612       	1.8006692e-07
0.0456493      	1.8023367e-07
0.0456866      	1.8039967e-07
0.0457238      	1.8056572e-07
0.045761       	1.8073102e-07
0.0457981      	1.8089638e-07
0.0458351      	1.8106099e-07
0.0458722      	1.8122566e-07
0.0459091      	1.8138959e-07
0.0459461      	1.8155357e-07
0.0459829      	1.8171682e-07
0.0460197      	1.8187991e-07
0.0460565      	1.8204207e-07
0.0460932      	1.8220429e-07
0.0461299      	1.8236578e-07
0.0461665      	1.8252732e-07
0.0462031      	1.8268814e-07
0.0462396      	1.8284901e-07
0.0462761      	1.8300916e-07
0.0463125      	1.8316936e-07
0.0463489      	1.8332884e-07
0.0463852      	1.8348837e-07
0.0464215      	1.8364719e-07
0.0464577      	1.8380605e-07
0.0464939      	1.8396421e-07
0.04653        	1.8412241e-07
0.0465661      	1.8427991e-07
0.0466021      	1.8443746e-07
0.0466381      	1.8459430e-07
0.046674       	1.8475119e-07
0.0467099      	1.8490738e-07
0.0467458      	1.8506362e-07
0.0467816      	1.8521915e-07
0.0468173      	1.8537474e-07
0.046853       	1.8552963e-07
0.0468887      	1.8568458e-07
0.0469243      	1.8583883e-07
0.0469599      	1.8599314e-07
0.0469954      	1.8614675e-07
0.0470309      	1.8630077e-07
0.0470663      	1.8645415e-07
0.0471017      	1.8660759e-07
0.047137       	1.8676033e-07
0.0471723      	1.8691313e-07
0.0472075      	1.8706525e-07
0.0472428      	1.8721742e-07
0.0472779      	1.8736891e-07
0.047313       	1.8752045e-07
0.0473481      	1.8767131e-07
0.0473831      	1.8782223e-07
0.0474181      	1.8797247e-07
0.047453       	1.8812277e-07
0.0474879      	1.8827239e-07
0.0475228      	1.8842207e-07
0.0475576      	1.8857108e-07
0.0475923      	1.8872014e-07
0.047627       	1.8886853e-07
0.0476617      	1.8901698e-07
0.0476964      	1.8916476e-07
0.0477309      	1.8931261e-07
0.0477655      	1.8945978e-07
0.0478         	1.8960701e-07
0.0478344      	1.8975359e-07
0.0478689      	1.8990022e-07
0.0479032      	1.9004619e-07
0.0479376      	1.9019223e-07
0.0479719      	1.9033760e-07
0.0480061      	1.9048304e-07
0.0480403      	1.9062782e-07
0.0480745      	1.9077267e-07
0.0481086      	1.9091686e-07
0.0481427      	1.9106112e-07
0.0481767      	1.9120472e-07
0.0482107      	1.9134839e-07
0.0482447      	1.9149140e-07
0.0482786      	1.9163448e-07
0.0483125      	1.9177692e-07
0.0483463      	1.9191941e-07
0.0483801      	1.9206126e-07
0.0484138      	1.9220318e-07
0.0484476      	1.9234445e-07
0.0484812      	1.9248579e-07
0.0485149      	1.9262649e-07
0.0485485      	1.9276725e-07
0.048582       	1.9290737e-07
0.0486155      	1.9304756e-07
0.048649       	1.9318711e-07
0.0486824      	1.9332673e-07
0.0487158      	1.9346572e-07
0.0487492      	1.9360477e-07
0.0487825      	1.9374320e-07
0.0488158      	1.9388169e-07
0.048849       	1.9401955e-07
0.0488822      	1.9415748e-07
0.0489154      	1.9429479e-07
0.0489485      	1.9443216e-07
0.0489816      	1.9456891e-07
0.0490146      	1.9470573e-07
0.0490476      	1.9484193e-07
0.0490806      	1.9497819e-07
0.0491135      	1.9511384e-07
0.0491464      	1.9524955e-07
0.0491793      	1.9538465e-07
0.0492121      	1.9551981e-07
0.0492449      	1.9565436e-07
0.0492776      	1.9578898e-07
0.0493103      	1.9592299e-07
0.049343       	1.9605706e-07
0.0493756      	1.9619052e-07
0.0494082      	1.9632406e-07
0.0494408      	1.9645698e-07
0.0494733      	1.9658997e-07
0.0495058      	1.9672236e-07
0.0495382      	1.9685482e-07
0.0495706      	1.9698667e-07
0.049603       	1.9711859e-07
0.0496353      	1.9724991e-07
0.0496676      	1.9738131e-07
0.0496999      	1.9751210e-07
0.0497321      	1.9764296e-07
0.0497643      	1.9777322e-07
0.0497965      	1.9790355e-07
0.0498286      	1.9803329e-07
0.0498607      	1.9816310e-07
0.0498927      	1.9829231e-07
0.0499247      	1.9842160e-07
0.0499567      	1.9855030e-07
0.0499886      	1.9867907e-07
0.0500206      	1.9871727e-07
0.0500524      	1.9870592e-07
0.0500843      	1.9869432e-07
0.0501162      	1.9868294e-07
0.050148       	1.9867116e-07
0.0501798      	1.9865944e-07
0.0502116      	1.9864721e-07
0.0502434      	1.9863496e-07
0.0502752      	1.9862212e-07
0.050307       	1.9860919e-07
0.0503388      	1.9859562e-07
0.0503705      	1.9858192e-07
0.0504022      	1.9856754e-07
0.0504339      	1.9855300e-07
0.0504656      	1.9853774e-07
0.0504973      	1.9852229e-07
0.050529       	1.9850610e-07
0.0505606      	1.9848970e-07
0.0505923      	1.9847254e-07
0.0506239      	1.9845515e-07
0.0506555      	1.9843699e-07
0.0506871      	1.9841858e-07
0.0507187      	1.9839938e-07
0.0507503      	1.9837991e-07
0.0507818      	1.9835965e-07
0.0508134      	1.9833910e-07
0.0508449      	1.9831775e-07
0.0508764      	1.9829611e-07
0.0509079      	1.9827364e-07
0.0509394      	1.9825088e-07
0.0509708      	1.9822728e-07
0.0510023      	1.9820340e-07
0.0510337      	1.9817903e-07
0.0510652      	1.9815434e-07
0.0510966      	1.9812880e-07
0.051128       	1.9810293e-07
0.0511594      	1.9807620e-07
0.0511907      	1.9804914e-07
0.0512221      	1.9802121e-07
0.0512534      	1.9799294e-07
0.0512848      	1.9796380e-07
0.0513161      	1.9793431e-07
0.0513474      	1.9790395e-07
0.0513787      	1.9787324e-07
0.0514099      	1.9784164e-07
0.0514412      	1.9780969e-07
0.0514725      	1.9777685e-07
0.0515037      	1.9774365e-07
0.0515349      	1.9770956e-07
0.0515661      	1.9767511e-07
0.0515973      	1.9763977e-07
0.0516285      	1.9760407e-07
0.0516596      	1.9756747e-07
0.0516908      	1.9753049e-07
0.0517219      	1.9749263e-07
0.051753       	1.9745439e-07
0.0517842      	1.9741525e-07
0.0518153      	1.9737574e-07
0.0518463      	1.9733534e-07
0.0518774      	1.9729456e-07
0.0519085      	1.9725288e-07
0.0519395      	1.9721083e-07
0.0519705      	1.9716787e-07
0.0520015      	1.9712454e-07
0.0520325      	1.9708031e-07
0.0520635      	1.9703570e-07
0.0520945      	1.9699020e-07
0.0521255      	1.9694431e-07
0.0521564      	1.9689753e-07
0.0521873      	1.9685037e-07
0.0522183      	1.9680231e-07
0.0522492      	1.9675387e-07
0.0522801      	1.9670454e-07
0.0523109      	1.9665484e-07
0.0523418      	1.9660424e-07
0.0523727      	1.9655326e-07
0.0524035      	1.9650140e-07
0.0524343      	1.9644915e-07
0.0524651      	1.9639601e-07
0.0524959      	1.9634250e-07
0.0525267      	1.9628810e-07
0.0525575      	1.9623332e-07
0.0525883      	1.9617766e-07
0.052619       	1.9612162e-07
0.0526497      	1.9606471e-07
0.0526805      	1.9600742e-07
0.0527112      	1.9594926e-07
0.0527419      	1.9589073e-07
0.0527725      	1.9583133e-07
0.0528032      	1.9577157e-07
0.0528339      	1.9571094e-07
0.0528645      	1.9564995e-07
0.0528951      	1.9558808e-07
0.0529257      	1.9552585e-07
0.0529563      	1.9546276e-07
0.0529869      	1.9539931e-07
0.0530175      	1.9533501e-07
0.0530481      	1.9527035e-07
0.0530786      	1.9520484e-07
0.0531092      	1.9513897e-07
0.0531397      	1.9507226e-07
0.0531702      	1.9500520e-07
0.0532007      	1.9493730e-07
0.0532312      	1.9486905e-07
0.0532617      	1.9479995e-07
0.0532921      	1.9473051e-07
0.0533226      	1.9466023e-07
0.053353       	1.9458963e-07
0.0533834      	1.9451819e-07
0.0534138      	1.9444643e-07
0.0534442      	1.9437383e-07
0.0534746      	1.9430091e-07
0.053505       	1.9422716e-07
0.0535354      	1.9415310e-07
0.0535657      	1.9407821e-07
0.053596       	1.9400301e-07
0.0536264      	1.9392698e-07
0.0536567      	1.9385065e-07
0.053687       	1.9377351e-07
0.0537172      	1.9369606e-07
0.0537475      	1.9361781e-07
0.0537778      	1.9353925e-07
0.053808       	1.9345990e-07
0.0538383      	1.9338025e-07
0.0538685      	1.9329980e-07
0.0538987      	1.9321907e-07
0.0539289      	1.9313755e-07
0.0539591      	1.9305574e-07
0.0539892      	1.9297315e-07
0.0540194      	1.9289005e-07
0.0540495      	1.9280604e-07
0.0540797      	1.9272175e-07
0.0541098      	1.9263670e-07
0.0541399      	1.9255137e-07
0.05417        	1.9246528e-07
0.0542001      	1.9237893e-07
0.0542302      	1.9229182e-07
0.0542602      	1.9220445e-07
0.0542903      	1.9211632e-07
0.0543203      	1.9202794e-07
0.0543503      	1.9193881e-07
0.0543803      	1.9184943e-07
0.0544103      	1.9175931e-07
0.0544403      	1.9166895e-07
0.0544703      	1.9157784e-07
0.0545002      	1.9148650e-07
0.0545302      	1.9139442e-07
0.0545601      	1.9130211e-07
0.0545901      	1.9120908e-07
0.05462        	1.9111582e-07
0.0546499      	1.9102184e-07
0.0546798      	1.9092764e-07
0.0547096      	1.9083272e-07
0.0547395      	1.9073759e-07
0.0547694      	1.9064176e-07
0.0547992      	1.9054571e-07
0.054829       	1.9044896e-07
0.0548589      	1.9035201e-07
0.0548887      	1.9025436e-07
0.0549184      	1.9015652e-07
0.0549482      	1.9005798e-07
0.054978       	1.8995925e-07
0.0550078      	1.8985994e-07
0.0550375      	1.8976070e-07
0.0550672      	1.8966079e-07
0.055097       	1.8956069e-07
0.0551267      	1.8945993e-07
0.0551564      	1.8935899e-07
0.0551861      	1.8925739e-07
0.0552157      	1.8915561e-07
0.0552454      	1.8905317e-07
0.055275       	1.8895057e-07
0.0553047      	1.8884732e-07
0.0553343      	1.8874390e-07
0.0553639      	1.8863984e-07
0.0553935      	1.8853561e-07
0.0554231      	1.8843075e-07
0.0554527      	1.8832574e-07
0.0554823      	1.8822009e-07
0.0555118      	1.8811429e-07
0.0555414      	1.8800787e-07
0.0555709      	1.8790131e-07
0.0556004      	1.8779412e-07
0.0556299      	1.8768680e-07
0.0556594      	1.8757887e-07
0.0556889      	1.8747080e-07
0.0557184      	1.8736212e-07
0.0557479      	1.8725332e-07
0.0557773      	1.8714391e-07
0.0558068      	1.8703437e-07
0.0558362      	1.8692424e-07
0.0558656      	1.8681399e-07
0.055895       	1.8670316e-07
0.0559244      	1.8659221e-07
0.0559538      	1.8648068e-07
0.0559832      	1.8636905e-07
0.0560125      	1.8625683e-07
0.0560419      	1.8614452e-07
0.0560712      	1.8603163e-07
0.0561005      	1.8591864e-07
0.0561298      	1.8580509e-07
0.0561591      	1.8569144e-07
0.0561884      	1.8557722e-07
0.0562177      	1.8546292e-07
0.056247       	1.8534806e-07
0.0562762      	1.8523312e-07
0.0563055      	1.8511763e-07
0.0563347      	1.8500205e-07
0.0563639      	1.8488593e-07
0.0563932      	1.8476974e-07
0.0564224      	1.8465300e-07
0.0564515      	1.8453620e-07
0.0564807      	1.8441886e-07
0.0565099      	1.8430146e-07
0.056539       	1.8418352e-07
0.0565682      	1.8406552e-07
0.0565973      	1.8394700e-07
0.0566264      	1.8382841e-07
0.0566556      	1.8370931e-07
0.0566847      	1.8359015e-07
0.0567137      	1.8347048e-07
0.0567428      	1.8335076e-07
0.0567719      	1.8323052e-07
0.0568009      	1.8311024e-07
0.05683        	1.8298946e-07
0.056859       	1.8286863e-07
0.056888       	1.8274730e-07
0.056917       	1.8262594e-07
0.056946       	1.8250408e-07
0.056975       	1.8238218e-07
0.057004       	1.8225980e-07
0.057033       	1.8213738e-07
0.0570619      	1.8201448e-07
0.0570909      	1.8189155e-07
0.0571198      	1.8176813e-07
0.0571487      	1.8164470e-07
0.0571776      	1.8152078e-07
0.0572065      	1.8139685e-07
0.0572354      	1.8127244e-07
0.0572643      	1.8114801e-07
0.0572932      	1.8102312e-07
0.057322       	1.8089821e-07
0.0573509      	1.8077283e-07
0.0573797      	1.8064745e-07
0.0574085      	1.8052161e-07
0.0574374      	1.8039576e-07
0.0574662      	1.8026945e-07
0.057495       	1.8014314e-07
0.0575237      	1.8001636e-07
0.0575525      	1.7988960e-07
0.0575813      	1.7976238e-07
0.05761        	1.7963516e-07
0.0576388      	1.7950749e-07
0.0576675      	1.7937984e-07
0.0576962      	1.7925174e-07
0.0577249      	1.7912365e-07
0.0577536      	1.7899511e-07
0.0577823      	1.7886660e-07
0.057811       	1.7873764e-07
0.0578396      	1.7860871e-07
0.0578683      	1.7847934e-07
0.0578969      	1.7834999e-07
0.0579255      	1.7822021e-07
0.0579542      	1.7809045e-07
0.0579828      	1.7796027e-07
0.0580114      	1.7782998e-07
0.05804        	1.7769905e-07
0.0580685      	1.7756815e-07
0.0580971      	1.7743683e-07
0.0581257      	1.7730554e-07
0.0581542      	1.7717384e-07
0.0581827      	1.7704217e-07
0.0582113      	1.7691009e-07
0.0582398      	1.7677804e-07
0.0582683      	1.7664558e-07
0.0582968      	1.7651315e-07
0.0583253      	1.7638032e-07
0.0583537      	1.7624753e-07
0.0583822      	1.7611433e-07
0.0584107      	1.7598117e-07
0.0584391      	1.7584760e-07
0.0584675      	1.7571409e-07
0.0584959      	1.7558016e-07
0.0585244      	1.7544629e-07
0.0585528      	1.7531201e-07
0.0585811      	1.7517778e-07
0.0586095      	1.7504315e-07
0.0586379      	1.7490858e-07
0.0586663      	1.7477360e-07
0.0586946      	1.7463869e-07
0.0587229      	1.7450338e-07
0.0587513      	1.7436812e-07
0.0587796      	1.7423247e-07
0.0588079      	1.7409688e-07
0.0588362      	1.7396090e-07
0.0588645      	1.7382498e-07
0.0588928      	1.7368867e-07
0.058921       	1.7355243e-07
0.0589493      	1.7341580e-07
0.0589775      	1.7327923e-07
0.0590058      	1.7314236e-07
0.059034       	1.7300582e-07
0.0590622      	1.7286890e-07
0.0590904      	1.7273204e-07
0.0591186      	1.7259481e-07
0.0591468      	1.7245764e-07
0.059175       	1.7232010e-07
0.0592031      	1.7218262e-07
0.0592313      	1.7204476e-07
0.0592594      	1.7190698e-07
0.0592876      	1.7176882e-07
0.0593157      	1.7163074e-07
0.0593438      	1.7149228e-07
0.0593719      	1.7135389e-07
0.0594         	1.7121514e-07
0.0594281      	1.7107646e-07
0.0594562      	1.7093741e-07
0.0594842      	1.7079844e-07
0.0595123      	1.7065910e-07
0.0595403      	1.7051983e-07
0.0595684      	1.7038020e-07
0.0595964      	1.7024065e-07
0.0596244      	1.7010074e-07
0.0596524      	1.6996090e-07
0.0596804      	1.6982071e-07
0.0597084      	1.6968059e-07
0.0597364      	1.6954012e-07
0.0597643      	1.6939972e-07
0.0597923      	1.6925897e-07
0.0598202      	1.6911830e-07
0.0598482      	1.6897727e-07
0.0598761      	1.6883632e-07
0.059904       	1.6869502e-07
0.0599319      	1.6855380e-07
0.0599598      	1.6841223e-07
0.0599877      	1.6827074e-07
0.0600156      	1.6812890e-07
0.0600434      	1.6798715e-07
0.0600713      	1.6784504e-07
0.0600991      	1.6770302e-07
0.060127       	1.6756065e-07
0.0601548      	1.6741836e-07
0.0601826      	1.6727573e-07
0.0602104      	1.6713318e-07
0.0602382      	1.6699028e-07
0.060266       	1.6684746e-07
0.0602938      	1.6670431e-07
0.0603216      	1.6656123e-07
0.0603493      	1.6641781e-07
0.0603771      	1.6627448e-07
0.0604048      	1.6613080e-07
0.0604325      	1.6598720e-07
0.0604603      	1.6584326e-07
0.060488       	1.6569941e-07
0.0605157      	1.6555521e-07
0.0605434      	1.6541111e-07
0.0605711      	1.6526666e-07
0.0605987      	1.6512230e-07
0.0606264      	1.6497759e-07
0.060654       	1.6483297e-07
0.0606817      	1.6468801e-07
0.0607093      	1.6454314e-07
0.0607369      	1.6439793e-07
0.0607646      	1.6425281e-07
0.0607922      	1.6410734e-07
0.0608198      	1.6396197e-07
0.0608473      	1.6381626e-07
0.0608749      	1.6367064e-07
0.0609025      	1.6352468e-07
0.06093        	1.6337881e-07
0.0609576      	1.6323261e-07
0.0609851      	1.6308649e-07
0.0610127      	1.6294004e-07
0.0610402      	1.6279367e-07
0.0610677      	1.6264697e-07
0.0610952      	1.6250037e-07
0.0611227      	1.6235342e-07
0.0611502      	1.6220657e-07
0.0611776      	1.6205938e-07
0.0612051      	1.6191228e-07
0.0612326      	1.6176485e-07
0.06126        	1.6161750e-07
0.0612874      	1.6146982e-07
0.0613149      	1.6132223e-07
0.0613423      	1.6117431e-07
0.0613697      	1.6102648e-07
0.0613971      	1.6087831e-07
0.0614245      	1.6073023e-07
0.0614519      	1.6058182e-07
0.0614792      	1.6043349e-07
0.0615066      	1.6028483e-07
0.0615339      	1.6013626e-07
0.0615613      	1.5998736e-07
0.0615886      	1.5983854e-07
0.0616159      	1.5968940e-07
0.0616433      	1.5954034e-07
0.0616706      	1.5939095e-07
0.0616979      	1.5924164e-07
0.0617251      	1.5909201e-07
0.0617524      	1.5894246e-07
0.0617797      	1.5879259e-07
0.0618069      	1.5864281e-07
0.0618342      	1.5849269e-07
0.0618614      	1.5834267e-07
0.0618887      	1.5819231e-07
0.0619159      	1.5804204e-07
0.0619431      	1.5789144e-07
0.0619703      	1.5774093e-07
0.0619975      	1.5759009e-07
0.0620247      	1.5743934e-07
0.0620519      	1.5728826e-07
0.062079       	1.5713726e-07
0.0621062      	1.5698594e-07
0.0621333      	1.5683470e-07
0.0621605      	1.5668314e-07
0.0621876      	1.5653166e-07
0.0622147      	1.5637985e-07
0.0622419      	1.5622812e-07
0.062269       	1.5607606e-07
0.0622961      	1.5592409e-07
0.0623231      	1.5577179e-07
0.0623502      	1.5561958e-07
0.0623773      	1.5546704e-07
0.0624043      	1.5531458e-07
0.0624314      	1.5516179e-07
0.0624584      	1.5500908e-07
0.0624855      	1.5485605e-07
0.0625125      	1.5470310e-07
0.0625395      	1.5454982e-07
0.0625665      	1.5439662e-07
0.0625935      	1.5424309e-07
0.0626205      	1.5408965e-07
0.0626475      	1.5393588e-07
0.0626744      	1.5378219e-07
0.0627014      	1.5362817e-07
0.0627284      	1.5347424e-07
0.0627553      	1.5331997e-07
0.0627822      	1.5316579e-07
0.0628092      	1.5301128e-07
0.0628361      	1.5285685e-07
0.062863       	1.5270210e-07
0.0628899      	1.5254742e-07
0.0629168      	1.5239242e-07
0.0629437      	1.5223750e-07
0.0629705      	1.5208225e-07
0.0629974      	1.5192709e-07
0.0630243      	1.5177130e-07
0.0630511      	1.5161556e-07
0.0630779      	1.5145949e-07
0.0631048      	1.5130350e-07
0.0631316      	1.5114718e-07
0.0631584      	1.5099094e-07
0.0631852      	1.5083438e-07
0.063212       	1.5067789e-07
0.0632388      	1.5052107e-07
0.0632656      	1.5036433e-07
0.0632923      	1.5020726e-07
0.0633191      	1.5005028e-07
0.0633458      	1.4989296e-07
0.0633726      	1.4973572e-07
0.0633993      	1.4957815e-07
0.063426       	1.4942066e-07
0.0634528      	1.4926284e-07
0.0634795      	1.4910509e-07
0.0635062      	1.4894701e-07
0.0635329      	1.4878901e-07
0.0635595      	1.4863068e-07
0.0635862      	1.4847243e-07
0.0636129      	1.4831385e-07
0.0636395      	1.4815533e-07
0.0636662      	1.4799649e-07
0.0636928      	1.4783773e-07
0.0637195      	1.4767863e-07
0.0637461      	1.4751961e-07
0.0637727      	1.4736027e-07
0.0637993      	1.4720099e-07
0.0638259      	1.4704139e-07
0.0638525      	1.4688186e-07
0.0638791      	1.4672200e-07
0.0639056      	1.4656221e-07
0.0639322      	1.4640210e-07
0.0639587      	1.4624205e-07
0.0639853      	1.4608168e-07
0.0640118      	1.4592152e-07
0.0640384      	1.4576121e-07
0.0640649      	1.4560097e-07
0.0640914      	1.4544041e-07
0.0641179      	1.4527991e-07
0.0641444      	1.4511908e-07
0.0641709      	1.4495833e-07
0.0641974      	1.4479725e-07
0.0642238      	1.4463624e-07
0.0642503      	1.4447490e-07
0.0642767      	1.4431363e-07
0.0643032      	1.4415203e-07
0.0643296      	1.4399051e-07
0.0643561      	1.4382865e-07
0.0643825      	1.4366686e-07
0.0644089      	1.4350473e-07
0.0644353      	1.4334268e-07
0.0644617      	1.4318029e-07
0.0644881      	1.4301798e-07
0.0645144      	1.4285533e-07
0.0645408      	1.4269276e-07
0.0645672      	1.4252985e-07
0.0645935      	1.4236701e-07
0.0646199      	1.4220385e-07
0.0646462      	1.4204074e-07
0.0646725      	1.4187731e-07
0.0646989      	1.4171394e-07
0.0647252      	1.4155025e-07
0.0647515      	1.4138662e-07
0.0647778      	1.4122267e-07
0.0648041      	1.4105878e-07
0.0648303      	1.4089456e-07
0.0648566      	1.4073041e-07
0.0648829      	1.4056594e-07
0.0649091      	1.4040152e-07
0.0649354      	1.4023678e-07
0.0649616      	1.4007211e-07
0.0649878      	1.3990710e-07
0.0650141      	1.3974216e-07
0.0650403      	1.3957690e-07
0.0650665      	1.3941170e-07
0.0650927      	1.3924617e-07
0.0651189      	1.3908070e-07
0.065145       	1.3891491e-07
0.0651712      	1.3874918e-07
0.0651974      	1.3858313e-07
0.0652235      	1.3841713e-07
0.0652497      	1.3825081e-07
0.0652758      	1.3808455e-07
0.065302       	1.3791796e-07
0.0653281      	1.3775144e-07
0.0653542      	1.3758459e-07
0.0653803      	1.3741779e-07
0.0654064      	1.3725068e-07
0.0654325      	1.3708362e-07
0.0654586      	1.3691624e-07
0.0654847      	1.3674892e-07
0.0655107      	1.3658128e-07
0.0655368      	1.3641369e-07
0.0655628      	1.3624578e-07
0.0655889      	1.3607793e-07
0.0656149      	1.3590976e-07
0.0656409      	1.3574164e-07
0.065667       	1.3557320e-07
0.065693       	1.3540482e-07
0.065719       	1.3523611e-07
0.065745       	1.3506746e-07
0.065771       	1.3489848e-07
0.0657969      	1.3472956e-07
0.0658229      	1.3456032e-07
0.0658489      	1.3439114e-07
0.0658748      	1.3422163e-07
0.0659008      	1.3405219e-07
0.0659267      	1.3388241e-07
0.0659527      	1.3371270e-07
0.0659786      	1.3354266e-07
0.0660045      	1.3337268e-07
0.0660304      	1.3320238e-07
0.0660563      	1.3303214e-07
0.0660822      	1.3286156e-07
0.0661081      	1.3269105e-07
0.066134       	1.3252021e-07
0.0661598      	1.3234943e-07
0.0661857      	1.3217832e-07
0.0662115      	1.3200727e-07
0.0662374      	1.3183589e-07
0.0662632      	1.3166458e-07
0.0662891      	1.3149294e-07
0.0663149      	1.3132135e-07
0.0663407      	1.3114945e-07
0.0663665      	1.3097760e-07
0.0663923      	1.3080542e-07
0.0664181      	1.3063331e-07
0.0664439      	1.3046087e-07
0.0664696      	1.3028849e-07
0.0664954      	1.3011578e-07
0.0665212      	1.2994313e-07
0.0665469      	1.2977016e-07
0.0665727      	1.2959724e-07
0.0665984      	1.2942400e-07
0.0666241      	1.2925082e-07
0.0666499      	1.2907731e-07
0.0666756      	1.2890386e-07
0.0667013      	1.2873009e-07
0.066727       	1.2855638e-07
0.0667527      	1.2838235e-07
0.0667784      	1.2820837e-07
0.066804       	1.2803406e-07
0.0668297      	1.2785982e-07
0.0668554      	1.2768525e-07
0.066881       	1.2751074e-07
0.0669067      	1.2733591e-07
0.0669323      	1.2716113e-07
0.0669579      	1.2698603e-07
0.0669835      	1.2681099e-07
0.0670092      	1.2663552e-07
0.0670348      	1.2645990e-07
0.0670604      	1.2628397e-07
0.0670859      	1.2610809e-07
0.0671115      	1.2593189e-07
0.0671371      	1.2575575e-07
0.0671627      	1.2557928e-07
0.0671882      	1.2540287e-07
0.0672138      	1.2522614e-07
0.0672393      	1.2504947e-07
0.0672649      	1.2487248e-07
0.0672904      	1.2469554e-07
0.0673159      	1.2451829e-07
0.0673414      	1.2434108e-07
0.067367       	1.2416356e-07
0.0673925      	1.2398610e-07
0.067418       	1.2380831e-07
0.0674434      	1.2363058e-07
0.0674689      	1.2345253e-07
0.0674944      	1.2327454e-07
0.0675199      	1.2309623e-07
0.0675453      	1.2291797e-07
0.0675708      	1.2273939e-07
0.0675962      	1.2256087e-07
0.0676216      	1.2238203e-07
0.0676471      	1.2220325e-07
0.0676725      	1.2202415e-07
0.0676979      	1.2184510e-07
0.0677233      	1.2166573e-07
0.0677487      	1.2148642e-07
0.0677741      	1.2130679e-07
0.0677995      	1.2112721e-07
0.0678248      	1.2094732e-07
0.0678502      	1.2076748e-07
0.0678756      	1.2058733e-07
0.0679009      	1.2040723e-07
0.0679263      	1.2022682e-07
0.0679516      	1.2004646e-07
0.0679769      	1.1986578e-07
0.0680023      	1.1968519e-07
0.0680276      	1.1950457e-07
0.0680529      	1.1932400e-07
0.0680782      	1.1914311e-07
0.0681035      	1.1896228e-07
0.0681288      	1.1878113e-07
0.068154       	1.1860004e-07
0.0681793      	1.1841864e-07
0.0682046      	1.1823729e-07
0.0682298      	1.1805562e-07
0.0682551      	1.1787401e-07
0.0682803      	1.1769209e-07
0.0683056      	1.1751023e-07
0.0683308      	1.1732805e-07
0.068356       	1.1714593e-07
0.0683812      	1.1696349e-07
0.0684064      	1.1678111e-07
0.0684316      	1.1659841e-07
0.0684568      	1.1641577e-07
0.068482       	1.1623283e-07
0.0685072      	1.1604994e-07
0.0685324      	1.1586673e-07
0.0685575      	1.1568359e-07
0.0685827      	1.1550013e-07
0.0686078      	1.1531673e-07
0.068633       	1.1513302e-07
0.0686581      	1.1494936e-07
0.0686832      	1.1476539e-07
0.0687083      	1.1458148e-07
0.0687335      	1.1439726e-07
0.0687586      	1.1421310e-07
0.0687837      	1.1402862e-07
0.0688088      	1.1384421e-07
0.0688338      	1.1365948e-07
0.0688589      	1.1347482e-07
0.068884       	1.1328984e-07
0.068909       	1.1310492e-07
0.0689341      	1.1291970e-07
0.0689591      	1.1273453e-07
0.0689842      	1.1254905e-07
0.0690092      	1.1236363e-07
0.0690343      	1.1217790e-07
0.0690593      	1.1199224e-07
0.0690843      	1.1180626e-07
0.0691093      	1.1162035e-07
0.0691343      	1.1143413e-07
0.0691593      	1.1124797e-07
0.0691843      	1.1106151e-07
0.0692092      	1.1087510e-07
0.0692342      	1.1068838e-07
0.0692592      	1.1050172e-07
0.0692841      	1.1031476e-07
0.0693091      	1.1012786e-07
0.069334       	1.0994065e-07
0.069359       	1.0975349e-07
0.0693839      	1.0956604e-07
0.0694088      	1.0937865e-07
0.0694337      	1.0919094e-07
0.0694586      	1.0900330e-07
0.0694835      	1.0881536e-07
0.0695084      	1.0862747e-07
0.0695333      	1.0843928e-07
0.0695582      	1.0825115e-07
0.0695831      	1.0806272e-07
0.0696079      	1.0787434e-07
0.0696328      	1.0768567e-07
0.0696576      	1.0749705e-07
0.0696825      	1.0730813e-07
0.0697073      	1.0711928e-07
0.0697321      	1.0693012e-07
0.069757       	1.0674102e-07
0.0697818      	1.0655162e-07
0.0698066      	1.0636228e-07
0.0698314      	1.0617264e-07
0.0698562      	1.0598306e-07
0.069881       	1.0579318e-07
0.0699058      	1.0560336e-07
0.0699305      	1.0541324e-07
0.0699553      	1.0522319e-07
0.0699801      	1.0503284e-07
0.0700048      	1.0484254e-07
0.0700296      	1.0465196e-07
0.0700543      	1.0446143e-07
0.070079       	1.0427060e-07
0.0701038      	1.0407984e-07
0.0701285      	1.0388878e-07
0.0701532      	1.0369778e-07
0.0701779      	1.0350649e-07
0.0702026      	1.0331525e-07
0.0702273      	1.0312372e-07
0.070252       	1.0293226e-07
0.0702767      	1.0274049e-07
0.0703013      	1.0254879e-07
0.070326       	1.0235680e-07
0.0703507      	1.0216486e-07
0.0703753      	1.0197263e-07
0.0704         	1.0178046e-07
0.0704246      	1.0158800e-07
0.0704492      	1.0139560e-07
0.0704739      	1.0120290e-07
0.0704985      	1.0101027e-07
0.0705231      	1.0081735e-07
0.0705477      	1.0062449e-07
0.0705723      	1.0043133e-07
0.0705969      	1.0023824e-07
0.0706215      	1.0004485e-07
0.070646       	9.9851530e-08
0.0706706      	9.9657917e-08
0.0706952      	9.9464366e-08
0.0707197      	9.9270527e-08
0.0707443      	9.9076748e-08
0.0707688      	9.8882680e-08
0.0707934      	9.8688675e-08
0.0708179      	9.8494381e-08
0.0708424      	9.8300149e-08
0.0708669      	9.8105631e-08
0.0708914      	9.7911178e-08
0.0709159      	9.7716438e-08
0.0709404      	9.7521762e-08
0.0709649      	9.7326801e-08
0.0709894      	9.7131902e-08
0.0710139      	9.6936549e-08
0.0710384      	9.6741130e-08
0.0710628      	9.6545425e-08
0.0710873      	9.6349788e-08
0.0711117      	9.6153870e-08
0.0711362      	9.5958017e-08
0.0711606      	9.5761879e-08
0.0711851      	9.5565802e-08
0.0712095      	9.5369440e-08
0.0712339      	9.5173142e-08
0.0712583      	9.4976561e-08
0.0712827      	9.4780045e-08
0.0713071      	9.4583246e-08
0.0713315      	9.4386508e-08
0.0713559      	9.4189487e-08
0.0713803      	9.3992529e-08
0.0714046      	9.3795289e-08
0.071429       	9.3598112e-08
0.0714534      	9.3400654e-08
0.0714777      	9.3203259e-08
0.0715021      	9.3005583e-08
0.0715264      	9.2807970e-08
0.0715507      	9.2610076e-08
0.0715751      	9.2412245e-08
0.0715994      	9.2214135e-08
0.0716237      	9.2016088e-08
0.071648       	9.1817762e-08
0.0716723      	9.1619501e-08
0.0716966      	9.1420961e-08
0.0717209      	9.1222487e-08
0.0717452      	9.1023734e-08
0.0717694      	9.0825046e-08
0.0717937      	9.0626079e-08
0.071818       	9.0427176e-08
0.0718422      	9.0227992e-08
0.0718665      	9.0028875e-08
0.0718907      	8.9829480e-08
0.0719149      	8.9630149e-08
0.0719392      	8.9430544e-08
0.0719634      	8.9231005e-08
0.0719876      	8.9031189e-08
0.0720118      	8.8831585e-08
0.072036       	8.8631857e-08
0.0720602      	8.8432193e-08
0.0720844      	8.8232255e-08
0.0721086      	8.8032382e-08
0.0721328      	8.7832235e-08
0.072157       	8.7632155e-08
0.0721811      	8.7431799e-08
0.0722053      	8.7231508e-08
0.0722294      	8.7030943e-08
0.0722536      	8.6830442e-08
0.0722777      	8.6629671e-08
0.0723019      	8.6428969e-08
0.072326       	8.6227996e-08
0.0723501      	8.6027090e-08
0.0723742      	8.5825914e-08
0.0723983      	8.5624810e-08
0.0724224      	8.5423437e-08
0.0724465      	8.5222132e-08
0.0724706      	8.5020553e-08
0.0724947      	8.4819045e-08
0.0725188      	8.4617269e-08
0.0725428      	8.4415557e-08
0.0725669      	8.4213576e-08
0.072591       	8.4011665e-08
0.072615       	8.3809483e-08
0.0726391      	8.3607371e-08
0.0726631      	8.3404989e-08
0.0726871      	8.3202677e-08
0.0727112      	8.3000097e-08
0.0727352      	8.2797583e-08
0.0727592      	8.2594802e-08
0.0727832      	8.2392090e-08
0.0728072      	8.2189110e-08
0.0728312      	8.1986205e-08
0.0728552      	8.1783036e-08
0.0728792      	8.1579943e-08
0.0729031      	8.1376583e-08
0.0729271      	8.1173297e-08
0.0729511      	8.0969749e-08
0.072975       	8.0766271e-08
0.072999       	8.0562529e-08
0.0730229      	8.0358859e-08
0.0730469      	8.0154927e-08
0.0730708      	7.9951069e-08
0.0730947      	7.9746945e-08
0.0731186      	7.9542891e-08
0.0731425      	7.9338576e-08
0.0731665      	7.9134332e-08
0.0731904      	7.8929823e-08
0.0732143      	7.8725385e-08
0.0732381      	7.8520683e-08
0.073262       	7.8316052e-08
0.0732859      	7.8111162e-08
0.0733098      	7.7906348e-08
0.0733336      	7.7701271e-08
0.0733575      	7.7496266e-08
0.0733813      	7.7291000e-08
0.0734052      	7.7085813e-08
0.073429       	7.6880364e-08
0.0734529      	7.6674985e-08
0.0734767      	7.6469345e-08
0.0735005      	7.6263781e-08
0.0735243      	7.6057965e-08
0.0735481      	7.5852223e-08
0.0735719      	7.5646225e-08
0.0735957      	7.5440300e-08
0.0736195      	7.5234119e-08
0.0736433      	7.5028008e-08
0.0736671      	7.4821640e-08
0.0736909      	7.4615347e-08
0.0737146      	7.4408800e-08
0.0737384      	7.4202332e-08
0.0737621      	7.3995608e-08
0.0737859      	7.3788960e-08
0.0738096      	7.3582052e-08
0.0738334      	7.3375221e-08
0.0738571      	7.3168131e-08
0.0738808      	7.2961119e-08
0.0739045      	7.2753850e-08
0.0739283      	7.2546661e-08
0.073952       	7.2339226e-08
0.0739757      	7.2131871e-08
0.0739993      	7.1924262e-08
0.074023       	7.1716730e-08
0.0740467      	7.1508946e-08
0.0740704      	7.1301241e-08
0.0740941      	7.1093283e-08
0.0741177      	7.0885403e-08
0.0741414      	7.0677268e-08
0.074165       	7.0469208e-08
0.0741887      	7.0260895e-08
0.0742123      	7.0052657e-08
0.074236       	6.9844165e-08
0.0742596      	6.9635754e-08
0.0742832      	6.9427099e-08
0.0743068      	6.9218528e-08
0.0743304      	6.9009711e-08
0.074354       	6.8800974e-08
0.0743776      	6.8591987e-08
0.0744012      	6.8383073e-08
0.0744248      	6.8173913e-08
0.0744484      	6.7964834e-08
0.074472       	6.7755506e-08
0.0744955      	6.7546258e-08
0.0745191      	6.7336758e-08
0.0745426      	6.7127339e-08
0.0745662      	6.6917674e-08
0.0745897      	6.6708089e-08
0.0746133      	6.6498253e-08
0.0746368      	6.6288500e-08
0.0746603      	6.6078508e-08
0.0746839      	6.5868597e-08
0.0747074      	6.5658438e-08
0.0747309      	6.5448356e-08
0.0747544      	6.5238033e-08
0.0747779      	6.5027794e-08
0.0748014      	6.4817309e-08
0.0748249      	6.4606902e-08
0.0748483      	6.4396264e-08
0.0748718      	6.4185706e-08
0.0748953      	6.3974905e-08
0.0749187      	6.3764184e-08
0.0749422      	6.3553219e-08
0.0749656      	6.3342332e-08
0.0749891      	6.3131207e-08
0.0750125      	6.2920013e-08
0.075036       	6.2708452e-08
0.0750594      	6.2496975e-08
0.0750828      	6.2285248e-08
0.0751062      	6.2073605e-08
0.0751296      	6.1861719e-08
0.075153       	6.1649916e-08
0.0751764      	6.1437879e-08
0.0751998      	6.1225933e-08
0.0752232      	6.1013750e-08
0.0752466      	6.0801648e-08
0.07527        	6.0589309e-08
0.0752933      	6.0377050e-08
0.0753167      	6.0164549e-08
0.0753401      	5.9952126e-08
0.0753634      	5.9739472e-08
0.0753868      	5.9526918e-08
0.0754101      	5.9314130e-08
0.0754334      	5.9101435e-08
0.0754568      	5.8888511e-08
0.0754801      	5.8675670e-08
0.0755034      	5.8462587e-08
0.0755267      	5.8249584e-08
0.07555        	5.8036344e-08
0.0755733      	5.7823194e-08
0.0755966      	5.7609808e-08
0.0756199      	5.7396506e-08
0.0756432      	5.7182976e-08
0.0756665      	5.6969532e-08
0.0756897      	5.6755856e-08
0.075713       	5.6542267e-08
0.0757363      	5.6328446e-08
0.0757595      	5.6114711e-08
0.0757828      	5.5900744e-08
0.075806       	5.5686865e-08
0.0758293      	5.5472764e-08
0.0758525      	5.5258750e-08
0.0758757      	5.5044510e-08
0.0758989      	5.4830357e-08
0.0759221      	5.4615973e-08
0.0759454      	5.4401673e-08
0.0759686      	5.4187144e-08
0.0759918      	5.3972703e-08
0.076015       	5.3758230e-08
0.0760381      	5.3543939e-08
0.0760613      	5.3329410e-08
0.0760845      	5.3114959e-08
0.0761077      	5.2900272e-08
0.0761308      	5.2685675e-08
0.076154       	5.2470844e-08
0.0761771      	5.2256097e-08
0.0762003      	5.2041124e-08
0.0762234      	5.1826249e-08
0.0762466      	5.1611156e-08
0.0762697      	5.1396149e-08
0.0762928      	5.1180912e-08
0.0763159      	5.0965762e-08
0.0763391      	5.0750376e-08
0.0763622      	5.0535071e-08
0.0763853      	5.0319538e-08
0.0764084      	5.0104105e-08
0.0764315      	4.9888461e-08
0.0764545      	4.9672902e-08
0.0764776      	4.9457116e-08
0.0765007      	4.9241422e-08
0.0765238      	4.9025513e-08
0.0765468      	4.8809700e-08
0.0765699      	4.8593663e-08
0.0765929      	4.8377719e-08
0.076616       	4.8161558e-08
0.076639       	4.7945488e-08
0.0766621      	4.7729191e-08
0.0766851      	4.7512983e-08
0.0767081      	4.7296563e-08
0.0767311      	4.7080257e-08
0.0767542      	4.6863743e-08
0.0767772      	4.6647312e-08
0.0768002      	4.6430650e-08
0.0768232      	4.6214076e-08
0.0768462      	4.5997283e-08
0.0768691      	4.5780572e-08
0.0768921      	4.5563645e-08
0.0769151      	4.5346825e-08
0.0769381      	4.5129778e-08
0.076961       	4.4912807e-08
0.076984       	4.4695618e-08
0.0770069      	4.4478521e-08
0.0770299      	4.4261212e-08
0.0770528      	4.4043989e-08
0.0770758      	4.3826550e-08
0.0770987      	4.3609193e-08
0.0771216      	4.3391621e-08
0.0771445      	4.3174139e-08
0.0771675      	4.2956444e-08
0.0771904      	4.2738838e-08
0.0772133      	4.2521014e-08
0.0772362      	4.2303259e-08
0.0772591      	4.2085291e-08
0.077282       	4.1867446e-08
0.0773048      	4.1649399e-08
0.0773277      	4.1431449e-08
0.0773506      	4.1213282e-08
0.0773734      	4.0995210e-08
0.0773963      	4.0776911e-08
0.0774192      	4.0558695e-08
0.077442       	4.0340265e-08
0.0774649      	4.0121951e-08
0.0774877      	3.9903445e-08
0.0775105      	3.9685049e-08
0.0775334      	3.9466421e-08
0.0775562      	3.9247891e-08
0.077579       	3.9029150e-08
0.0776018      	3.8810493e-08
0.0776246      	3.8591622e-08
0.0776474      	3.8372864e-08
0.0776702      	3.8153891e-08
0.077693       	3.7935010e-08
0.0777158      	3.7715919e-08
0.0777386      	3.7496951e-08
0.0777613      	3.7277791e-08
0.0777841      	3.7058738e-08
0.0778069      	3.6839483e-08
0.0778296      	3.6620330e-08
0.0778524      	3.6400956e-08
0.0778751      	3.6181656e-08
0.0778979      	3.5962147e-08
0.0779206      	3.5742742e-08
0.0779433      	3.5523136e-08
0.0779661      	3.5303639e-08
0.0779888      	3.5083959e-08
0.0780115      	3.4864390e-08
0.0780342      	3.4644622e-08
0.0780569      	3.4424948e-08
0.0780796      	3.4205065e-08
0.0781023      	3.3985259e-08
0.078125       	3.3765248e-08
0.0781477      	3.3545341e-08
0.0781704      	3.3325227e-08
0.078193       	3.3105229e-08
0.0782157      	3.2885029e-08
0.0782384      	3.2664930e-08
0.078261       	3.2444614e-08
0.0782837      	3.2224395e-08
0.0783063      	3.2003956e-08
0.078329       	3.1783605e-08
0.0783516      	3.1563051e-08
0.0783742      	3.1342600e-08
0.0783969      	3.1121935e-08
0.0784195      	3.0901377e-08
0.0784421      	3.0680627e-08
0.0784647      	3.0459977e-08
0.0784873      	3.0239114e-08
0.0785099      	3.0018348e-08
0.0785325      	2.9797394e-08
0.0785551      	2.9576546e-08
0.0785777      	2.9355487e-08
0.0786003      	2.9134526e-08
0.0786228      	2.8913351e-08
0.0786454      	2.8692285e-08
0.078668       	2.8471015e-08
0.0786905      	2.8249872e-08
0.0787131      	2.8028537e-08
0.0787356      	2.7807311e-08
0.0787582      	2.7585872e-08
0.0787807      	2.7364545e-08
0.0788032      	2.7143011e-08
0.0788258      	2.6921557e-08
0.0788483      	2.6699899e-08
0.0788708      	2.6478299e-08
0.0788933      	2.6256520e-08
0.0789158      	2.6034868e-08
0.0789383      	2.5813019e-08
0.0789608      	2.5591251e-08
0.0789833      	2.5369282e-08
0.0790058      	2.5147327e-08
0.0790283      	2.4924980e-08
0.0790508      	2.4702766e-08
0.0790732      	2.4480389e-08
0.0790957      	2.4258101e-08
0.0791182      	2.4035577e-08
0.0791406      	2.3813137e-08
0.0791631      	2.3590505e-08
0.0791855      	2.3367955e-08
0.0792079      	2.3145218e-08
0.0792304      	2.2922586e-08
0.0792528      	2.2699787e-08
0.0792752      	2.2477096e-08
0.0792977      	2.2254220e-08
0.0793201      	2.2031456e-08
0.0793425      	2.1808525e-08
0.0793649      	2.1585659e-08
0.0793873      	2.1362607e-08
0.0794097      	2.1139691e-08
0.0794321      	2.0916551e-08
0.0794544      	2.0693492e-08
0.0794768      	2.0470245e-08
0.0794992      	2.0247123e-08
0.0795216      	2.0023815e-08
0.0795439      	1.9800578e-08
0.0795663      	1.9577099e-08
0.0795886      	1.9353742e-08
0.079611       	1.9130165e-08
0.0796333      	1.8906731e-08
0.0796557      	1.8683075e-08
0.079678       	1.8459492e-08
0.0797003      	1.8235713e-08
0.0797227      	1.8012013e-08
0.079745       	1.7788147e-08
0.0797673      	1.7564392e-08
0.0797896      	1.7340476e-08
0.0798119      	1.7116635e-08
0.0798342      	1.6892594e-08
0.0798565      	1.6668649e-08
0.0798788      	1.6444530e-08
0.0799011      	1.6220514e-08
0.0799233      	1.5996318e-08
0.0799456      	1.5772261e-08
0.0799679      	1.5548004e-08
0.0799901      	1.5323880e-08
0.0800124      	1.5081788e-08
0.0800347      	1.4825714e-08
0.0800569      	1.4569537e-08
0.0800792      	1.4313421e-08
0.0801014      	1.4057078e-08
0.0801236      	1.3800825e-08
0.0801459      	1.3544340e-08
0.0801681      	1.3287981e-08
0.0801904      	1.3031436e-08
0.0802126      	1.2774958e-08
0.0802348      	1.2518280e-08
0.0802571      	1.2261757e-08
0.0802793      	1.2005030e-08
0.0803015      	1.1748284e-08
0.0803237      	1.1491196e-08
0.0803459      	1.1234232e-08
0.0803681      	1.0977134e-08
0.0803904      	1.0720066e-08
0.0804126      	1.0462751e-08
0.0804348      	1.0205551e-08
0.080457       	9.9480903e-09
0.0804792      	9.6906528e-09
0.0805014      	9.4330324e-09
0.0805236      	9.1754860e-09
0.0805458      	8.9176283e-09
0.080568       	8.6598610e-09
0.0805901      	8.4018325e-09
0.0806123      	8.1438900e-09
0.0806345      	7.8857499e-09
0.0806567      	7.6276697e-09
0.0806789      	7.3694022e-09
0.080701       	7.1111092e-09
0.0807232      	6.8525430e-09
0.0807454      	6.5940088e-09
0.0807675      	6.3352040e-09
0.0807897      	6.0764140e-09
0.0808119      	5.8173822e-09
0.080834       	5.5584708e-09
0.0808562      	5.2993740e-09
0.0808783      	5.0403971e-09
0.0809005      	4.7811264e-09
0.0809226      	4.5218810e-09
0.0809448      	4.2624007e-09
0.0809669      	4.0028813e-09
0.0809891      	3.7430935e-09
0.0810112      	3.4832238e-09
0.0810333      	3.2229353e-09
0.0810555      	2.9627134e-09
0.0810776      	2.7022255e-09
0.0810997      	2.4417367e-09
0.0811218      	2.1810252e-09
0.0811439      	1.9203394e-09
0.0811661      	1.6592991e-09
0.0811882      	1.3982216e-09
0.0812103      	1.1369122e-09
0.0812324      	8.7559099e-10
0.0812545      	6.1406769e-10
0.0812766      	3.5256731e-10
0.0812987      	9.0794311e-11
0.0813208      	-1.7092571e-10
0.0813429      	-4.3281760e-10
0.081365       	-6.9469180e-10
0.0813871      	-9.5679426e-10
0.0814092      	-1.2189398e-09
0.0814313      	-1.4812799e-09
0.0814534      	-1.7435597e-09
0.0814754      	-2.0060322e-09
0.0814975      	-2.2684637e-09
0.0815196      	-2.5311823e-09
0.0815417      	-2.7939353e-09
0.0815637      	-3.0569938e-09
0.0815858      	-3.3200602e-09
0.0816079      	-3.5832382e-09
0.0816299      	-3.8464112e-09
0.081652       	-4.1098869e-09
0.081674       	-4.3733402e-09
0.0816961      	-4.6370317e-09
0.0817182      	-4.9006758e-09
0.0817402      	-5.1645728e-09
0.0817623      	-5.4284738e-09
0.0817843      	-5.6925074e-09
0.0818063      	-5.9565419e-09
0.0818284      	-6.2208993e-09
0.0818504      	-6.4851854e-09
0.0818724      	-6.7496965e-09
0.0818945      	-7.0141029e-09
0.0819165      	-7.2788153e-09
0.0819385      	-7.5435564e-09
0.0819606      	-7.8085619e-09
0.0819826      	-8.0735399e-09
0.0820046      	-8.3388383e-09
0.0820266      	-8.6040094e-09
0.0820486      	-8.8694160e-09
0.0820706      	-9.1348097e-09
0.0820926      	-9.4004396e-09
0.0821146      	-9.6660518e-09
0.0821366      	-9.9318426e-09
0.0821586      	-1.0197565e-08
0.0821806      	-1.0463503e-08
0.0822026      	-1.0729442e-08
0.0822246      	-1.0995622e-08
0.0822466      	-1.1261742e-08
0.0822686      	-1.1528161e-08
0.0822906      	-1.1794656e-08
0.0823126      	-1.2061406e-08
0.0823346      	-1.2328146e-08
0.0823565      	-1.2595051e-08
0.0823785      	-1.2861941e-08
0.0824005      	-1.3129050e-08
0.0824224      	-1.3396118e-08
0.0824444      	-1.3663444e-08
0.0824664      	-1.3930626e-08
0.0824883      	-1.4198103e-08
0.0825103      	-1.4465564e-08
0.0825323      	-1.4733205e-08
0.0825542      	-1.5000839e-08
0.0825762      	-1.5268670e-08
0.0825981      	-1.5536521e-08
0.08262        	-1.5804671e-08
0.082642       	-1.6072683e-08
0.0826639      	-1.6340821e-08
0.0826859      	-1.6608957e-08
0.0827078      	-1.6877352e-08
0.0827297      	-1.7145756e-08
0.0827517      	-1.7414369e-08
0.0827736      	-1.7682903e-08
0.0827955      	-1.7951733e-08
0.0828174      	-1.8220513e-08
0.0828394      	-1.8489577e-08
0.0828613      	-1.8758618e-08
0.0828832      	-1.9027965e-08
0.0829051      	-1.9297274e-08
0.082927       	-1.9566832e-08
0.0829489      	-1.9836256e-08
0.0829708      	-2.0105863e-08
0.0829927      	-2.0375398e-08
0.0830146      	-2.0645176e-08
0.0830365      	-2.0914946e-08
0.0830584      	-2.1184888e-08
0.0830803      	-2.1454850e-08
0.0831022      	-2.1725068e-08
0.0831241      	-2.1995234e-08
0.083146       	-2.2265655e-08
0.0831679      	-2.2536010e-08
0.0831897      	-2.2806549e-08
0.0832116      	-2.3077137e-08
0.0832335      	-2.3348020e-08
0.0832554      	-2.3618866e-08
0.0832772      	-2.3889875e-08
0.0832991      	-2.4160849e-08
0.0833209      	-2.4432040e-08
0.0833428      	-2.4703214e-08
0.0833647      	-2.4974562e-08
0.0833865      	-2.5245930e-08
0.0834084      	-2.5517508e-08
0.0834302      	-2.5788983e-08
0.0834521      	-2.6060635e-08
0.0834739      	-2.6332247e-08
0.0834958      	-2.6604128e-08
0.0835176      	-2.6875995e-08
0.0835394      	-2.7148152e-08
0.0835613      	-2.7420253e-08
0.0835831      	-2.7692580e-08
0.0836049      	-2.7964858e-08
0.0836268      	-2.8237324e-08
0.0836486      	-2.8509709e-08
0.0836704      	-2.8782281e-08
0.0836922      	-2.9054843e-08
0.0837141      	-2.9327614e-08
0.0837359      	-2.9600283e-08
0.0837577      	-2.9873207e-08
0.0837795      	-3.0146078e-08
0.0838013      	-3.0419150e-08
0.0838231      	-3.0692215e-08
0.0838449      	-3.0965501e-08
0.0838667      	-3.1238731e-08
0.0838885      	-3.1512147e-08
0.0839103      	-3.1785512e-08
0.0839321      	-3.2059120e-08
0.0839539      	-3.2332649e-08
0.0839757      	-3.2606405e-08
0.0839975      	-3.2880136e-08
0.0840192      	-3.3153804e-08
0.084041       	-3.3427380e-08
0.0840628      	-3.3701105e-08
0.0840846      	-3.3974786e-08
0.0841063      	-3.4248697e-08
0.0841281      	-3.4522542e-08
0.0841499      	-3.4796624e-08
0.0841716      	-3.5070603e-08
0.0841934      	-3.5344756e-08
0.0842152      	-3.5618868e-08
0.0842369      	-3.5893208e-08
0.0842587      	-3.6167521e-08
0.0842804      	-3.6442138e-08
0.0843022      	-3.6716643e-08
0.0843239      	-3.6991332e-08
0.0843457      	-3.7265930e-08
0.0843674      	-3.7540731e-08
0.0843892      	-3.7815501e-08
0.0844109      	-3.8090481e-08
0.0844326      	-3.8365446e-08
0.0844544      	-3.8640565e-08
0.0844761      	-3.8915628e-08
0.0844978      	-3.9190887e-08
0.0845195      	-3.9466072e-08
0.0845413      	-3.9741502e-08
0.084563       	-4.0016869e-08
0.0845847      	-4.0292449e-08
0.0846064      	-4.0567935e-08
0.0846281      	-4.0843614e-08
0.0846498      	-4.1119236e-08
0.0846715      	-4.1395037e-08
0.0846932      	-4.1670777e-08
0.0847149      	-4.1946735e-08
0.0847366      	-4.2222643e-08
0.0847583      	-4.2498712e-08
0.08478        	-4.2774710e-08
0.0848017      	-4.3050903e-08
0.0848234      	-4.3326993e-08
0.0848451      	-4.3603272e-08
0.0848668      	-4.3879466e-08
0.0848885      	-4.4155821e-08
0.0849101      	-4.4432113e-08
0.0849318      	-4.4708625e-08
0.0849535      	-4.4985097e-08
0.0849752      	-4.5261741e-08
0.0849968      	-4.5538282e-08
0.0850185      	-4.5815242e-08
0.0850402      	-4.6092168e-08
0.0850618      	-4.6369281e-08
0.0850835      	-4.6646320e-08
0.0851051      	-4.6923556e-08
0.0851268      	-4.7200709e-08
0.0851484      	-4.7478016e-08
0.0851701      	-4.7755246e-08
0.0851917      	-4.8032659e-08
0.0852134      	-4.8309984e-08
0.085235       	-4.8587492e-08
0.0852567      	-4.8864917e-08
0.0852783      	-4.9142532e-08
0.0852999      	-4.9420082e-08
0.0853216      	-4.9697833e-08
0.0853432      	-4.9975484e-08
0.0853648      	-5.0253299e-08
0.0853864      	-5.0531018e-08
0.0854081      	-5.0808915e-08
0.0854297      	-5.1086722e-08
0.0854513      	-5.1364730e-08
0.0854729      	-5.1642658e-08
0.0854945      	-5.1920766e-08
0.0855161      	-5.2198794e-08
0.0855378      	-5.2477006e-08
0.0855594      	-5.2755144e-08
0.085581       	-5.3033476e-08
0.0856026      	-5.3311741e-08
0.0856242      	-5.3590177e-08
0.0856458      	-5.3868532e-08
0.0856673      	-5.4147065e-08
0.0856889      	-5.4425495e-08
0.0857105      	-5.4704093e-08
0.0857321      	-5.4982614e-08
0.0857537      	-5.5261328e-08
0.0857753      	-5.5539954e-08
0.0857968      	-5.5818746e-08
0.0858184      	-5.6097435e-08
0.08584        	-5.6376308e-08
0.0858616      	-5.6655086e-08
0.0858831      	-5.6934029e-08
0.0859047      	-5.7212885e-08
0.0859263      	-5.7491914e-08
0.0859478      	-5.7770850e-08
0.0859694      	-5.8049953e-08
0.0859909      	-5.8328976e-08
0.0860125      	-5.8608168e-08
0.086034       	-5.8887272e-08
0.0860556      	-5.9166544e-08
0.0860771      	-5.9445727e-08
0.0860987      	-5.9725074e-08
0.0861202      	-6.0004326e-08
0.0861418      	-6.0283736e-08
0.0861633      	-6.0563057e-08
0.0861848      	-6.0842546e-08
0.0862064      	-6.1121941e-08
0.0862279      	-6.1401504e-08
0.0862494      	-6.1680976e-08
0.0862709      	-6.1960613e-08
0.0862925      	-6.2240160e-08
0.086314       	-6.2519866e-08
0.0863355      	-6.2799475e-08
0.086357       	-6.3079250e-08
0.0863785      	-6.3358931e-08
0.0864         	-6.3638769e-08
0.0864215      	-6.3918508e-08
0.086443       	-6.4198411e-08
0.0864645      	-6.4478214e-08
0.086486       	-6.4758182e-08
0.0865075      	-6.5038045e-08
0.086529       	-6.5318067e-08
0.0865505      	-6.5597994e-08
0.086572       	-6.5878076e-08
0.0865935      	-6.6158065e-08
0.086615       	-6.6438203e-08
0.0866365      	-6.6718241e-08
0.086658       	-6.6998439e-08
0.0866794      	-6.7278539e-08
0.0867009      	-6.7558795e-08
0.0867224      	-6.7838953e-08
0.0867438      	-6.8119262e-08
0.0867653      	-6.8399471e-08
0.0867868      	-6.8679833e-08
0.0868082      	-6.8960094e-08
0.0868297      	-6.9240508e-08
0.0868512      	-6.9520821e-08
0.0868726      	-6.9801286e-08
0.0868941      	-7.0081646e-08
0.0869155      	-7.0362157e-08
0.086937       	-7.0642564e-08
0.0869584      	-7.0923123e-08
0.0869799      	-7.1203578e-08
0.0870013      	-7.1484182e-08
0.0870227      	-7.1764680e-08
0.0870442      	-7.2045328e-08
0.0870656      	-7.2325869e-08
0.0870871      	-7.2606561e-08
0.0871085      	-7.2887146e-08
0.0871299      	-7.3167879e-08
0.0871513      	-7.3448508e-08
0.0871728      	-7.3729283e-08
0.0871942      	-7.4009953e-08
0.0872156      	-7.4290768e-08
0.087237       	-7.4571475e-08
0.0872584      	-7.4852327e-08
0.0872798      	-7.5133071e-08
0.0873012      	-7.5413959e-08
0.0873226      	-7.5694737e-08
0.087344       	-7.5975661e-08
0.0873654      	-7.6256477e-08
0.0873868      	-7.6537434e-08
0.0874082      	-7.6818281e-08
0.0874296      	-7.7099270e-08
0.087451       	-7.7380148e-08
0.0874724      	-7.7661167e-08
0.0874938      	-7.7942074e-08
0.0875152      	-7.8223120e-08
0.0875366      	-7.8504057e-08
0.087558       	-7.8785132e-08
0.0875793      	-7.9066096e-08
0.0876007      	-7.9347197e-08
0.0876221      	-7.9628186e-08
0.0876434      	-7.9909311e-08
0.0876648      	-8.0190323e-08
0.0876862      	-8.0471471e-08
0.0877075      	-8.0752506e-08
0.0877289      	-8.1033676e-08
0.0877503      	-8.1314734e-08
0.0877716      	-8.1595926e-08
0.087793       	-8.1877005e-08
0.0878143      	-8.2158217e-08
0.0878357      	-8.2439316e-08
0.087857       	-8.2720549e-08
0.0878784      	-8.3001666e-08
0.0878997      	-8.3282916e-08
0.087921       	-8.3564051e-08
0.0879424      	-8.3845318e-08
0.0879637      	-8.4126469e-08
0.087985       	-8.4407750e-08
0.0880064      	-8.4688837e-08
0.0880277      	-8.4969872e-08
0.088049       	-8.5250790e-08
0.0880703      	-8.5531839e-08
0.0880917      	-8.5812771e-08
0.088113       	-8.6093831e-08
0.0881343      	-8.6374774e-08
0.0881556      	-8.6655845e-08
0.0881769      	-8.6936796e-08
0.0881982      	-8.7217876e-08
0.0882195      	-8.7498835e-08
0.0882408      	-8.7779922e-08
0.0882621      	-8.8060888e-08
0.0882834      	-8.8341982e-08
0.0883047      	-8.8622954e-08
0.088326       	-8.8904054e-08
0.0883473      	-8.9185031e-08
0.0883686      	-8.9466136e-08
0.0883899      	-8.9747119e-08
0.0884112      	-9.0028227e-08
0.0884325      	-9.0309211e-08
0.0884537      	-9.0590321e-08
0.088475       	-9.0871306e-08
0.0884963      	-9.1152416e-08
0.0885176      	-9.1433400e-08
0.0885388      	-9.1714507e-08
0.0885601      	-9.1995489e-08
0.0885814      	-9.2276593e-08
0.0886026      	-9.2557570e-08
0.0886239      	-9.2838668e-08
0.0886452      	-9.3119639e-08
0.0886664      	-9.3400731e-08
0.0886877      	-9.3681694e-08
0.0887089      	-9.3962777e-08
0.0887302      	-9.4243732e-08
0.0887514      	-9.4524806e-08
0.0887727      	-9.4805751e-08
0.0887939      	-9.5086812e-08
0.0888151      	-9.5367743e-08
0.0888364      	-9.5648792e-08
0.0888576      	-9.5929710e-08
0.0888788      	-9.6210743e-08
0.0889001      	-9.6491644e-08
0.0889213      	-9.6772660e-08
0.0889425      	-9.7053541e-08
0.0889637      	-9.7334535e-08
0.088985       	-9.7615395e-08
0.0890062      	-9.7896442e-08
0.0890274      	-9.8177537e-08
0.0890486      	-9.8458742e-08
0.0890698      	-9.8739809e-08
0.089091       	-9.9020986e-08
0.0891122      	-9.9302026e-08
0.0891334      	-9.9583174e-08
0.0891546      	-9.9864184e-08
0.0891758      	-1.0014530e-07
0.089197       	-1.0042628e-07
0.0892182      	-1.0070737e-07
0.0892394      	-1.0098831e-07
0.0892606      	-1.0126937e-07
0.0892818      	-1.0155028e-07
0.089303       	-1.0183129e-07
0.0893242      	-1.0211215e-07
0.0893454      	-1.0239312e-07
0.0893665      	-1.0267395e-07
0.0893877      	-1.0295487e-07
0.0894089      	-1.0323565e-07
0.0894301      	-1.0351652e-07
0.0894512      	-1.0379725e-07
0.0894724      	-1.0407807e-07
0.0894936      	-1.0435873e-07
0.0895147      	-1.0463949e-07
0.0895359      	-1.0492010e-07
0.089557       	-1.0520080e-07
0.0895782      	-1.0548133e-07
0.0895994      	-1.0576196e-07
0.0896205      	-1.0604242e-07
0.0896417      	-1.0632297e-07
0.0896628      	-1.0660335e-07
0.0896839      	-1.0688381e-07
0.0897051      	-1.0716411e-07
0.0897262      	-1.0744448e-07
0.0897474      	-1.0772467e-07
0.0897685      	-1.0800494e-07
0.0897896      	-1.0828503e-07
0.0898108      	-1.0856517e-07
0.0898319      	-1.0884513e-07
0.089853       	-1.0912515e-07
0.0898741      	-1.0940497e-07
0.0898953      	-1.0968483e-07
0.0899164      	-1.0996449e-07
0.0899375      	-1.1024418e-07
0.0899586      	-1.1052366e-07
0.0899797      	-1.1080316e-07
0.0900008      	-1.1108241e-07
0.0900219      	-1.1136168e-07
0.090043       	-1.1164069e-07
0.0900641      	-1.1191968e-07
0.0900852      	-1.1219839e-07
0.0901063      	-1.1247705e-07
0.0901274      	-1.1275538e-07
0.0901485      	-1.1303362e-07
0.0901696      	-1.1331150e-07
0.0901907      	-1.1358921e-07
0.0902118      	-1.1386649e-07
0.0902329      	-1.1414352e-07
0.090254       	-1.1441999e-07
0.090275       	-1.1469606e-07
0.0902961      	-1.1497138e-07
0.0903172      	-1.1524605e-07
0.0903383      	-1.1551961e-07
0.0903593      	-1.1579200e-07
0.0903804      	-1.1606252e-07
0.0904012      	-1.1632654e-07
0.0904196      	-1.1655849e-07
0.0904359      	-1.1675958e-07
0.0904501      	-1.1693054e-07
0.0904624      	-1.1707263e-07
0.0904729      	-1.1718701e-07
0.0904818      	-1.1727504e-07
0.0904893      	-1.1733793e-07
0.0904956      	-1.1737687e-07
0.0905008      	-1.1739172e-07
0.090505       	-1.1738217e-07
0.0905086      	-1.1734713e-07
0.0905115      	-1.1728581e-07
0.0905138      	-1.1719610e-07
0.0905157      	-1.1707180e-07
0.0905173      	-1.1690628e-07
0.0905186      	-1.1669126e-07
0.0905196      	-1.1641915e-07
0.0905204      	-1.1607415e-07
0.0905211      	-1.1563725e-07
0.0905216      	-1.1508585e-07
0.090522       	-1.1439522e-07
0.0905224      	-1.1353445e-07
0.0905227      	-1.1246228e-07
0.0905229      	-1.1112564e-07
0.0905231      	-1.0946083e-07
0.0905232      	-1.0738392e-07
0.0905233      	-1.0479421e-07
0.0905234      	-1.0156797e-07
0.0905235      	-9.7551935e-08
0.0905236      	-9.2551938e-08
0.0905236      	-8.6326087e-08
0.0905237      	-7.8569797e-08
0.0905237      	-6.8912330e-08
0.0905237      	-5.6886712e-08
0.0905237      	-4.1914798e-08
0.0905238      	-2.3266154e-08
0.0905238      	-2.8040230e-11
0.0905238      	2.8901343e-08
0.0905238      	6.4953754e-08
0.0905238      	1.0985175e-07
0.0905238      	1.6576576e-07
0.0905238      	2.3540272e-07
0.0905238      	3.2212933e-07
0.0905238      	4.3014087e-07
0.0905238      	5.6466246e-07
0.0905238      	7.3220469e-07
0.0905238      	9.4086998e-07
0.0905238      	1.2007549e-06
0.0905238      	1.5244342e-06
0.0905238      	1.9275597e-06
0.0905238      	2.4296396e-06
0.0905238      	3.0549523e-06
0.0905238      	3.8337686e-06
0.0905238      	4.8037354e-06
0.0905238      	6.0118250e-06
0.0905238      	7.5164125e-06
0.0905238      	9.3903944e-06
0.0905238      	1.1724270e-05
0.0905238      	1.4631188e-05
0.0905238      	1.8251428e-05
0.0905238      	2.2760651e-05
0.0905238      	2.8376247e-05
0.0905238      	3.5371002e-05
0.0905238      	4.4081690e-05
0.0905238      	5.4932089e-05
0.0905238      	6.8443685e-05
0.0905238      	8.5275143e-05
0.0905238      	1.0623323e-04
0.0905238      	1.3234241e-04
0.0905238      	1.6485229e-04
0.0905238      	2.0535272e-04
0.0905238      	2.5578162e-04
0.0905238      	3.1860543e-04
0.0905238      	3.9683002e-04
0.0905238      	4.9428154e-04
0.0905238      	6.1562244e-04
0.0905238      	7.6678801e-04
0.0905238      	9.5501040e-04
0.0905238      	1.1894965e-03
0.0905238      	1.4814646e-03
0.0905238      	1.8451964e-03
0.0905238      	2.2980935e-03
0.0905238      	2.8623097e-03
0.0905238      	3.5648377e-03
0.0905238      	4.4400427e-03
0.0905238      	5.5297950e-03
0.0905238      	6.8874018e-03
0.0905238      	8.5778114e-03
0.0905238      	1.0683714e-02
0.0905238      	1.3305855e-02
0.0905238      	1.6572504e-02
0.0905238      	2.0639935e-02
0.0905238      	2.5707119e-02
0.0905238      	3.2016466e-02
0.0905238      	3.9876616e-02
0.0905238      	4.9663594e-02
0.0905238      	6.1856158e-02
0.0905238      	7.7037591e-02
0.0905238      	9.5950539e-02
0.0905238      	1.1949978e-01
0.0905238      	1.4883730e-01
0.0905238      	1.8536658e-01
0.0905238      	2.3087457e-01
0.0905238      	2.8753832e-01
0.0905238      	3.5812973e-01
0.0905238      	4.4602580e-01
0.0905238      	5.5552628e-01
0.0905238      	6.9186953e-01
0.0905238      	8.6172527e-01
0.0905238      	1.0732192e+00
0.0905238      	1.3366972e+00
0.0905238      	1.6647638e+00
0.0905238      	2.0734675e+00
0.0905238      	2.5823602e+00
0.0905238      	3.2163362e+00
0.0905238      	4.0057238e+00
0.0905238      	4.9891393e+00
0.0905238      	6.2136272e+00
0.0905238      	7.7390886e+00
0.0905238      	9.6384985e+00
0.0905238      	1.2004775e+01
0.0905238      	1.4951115e+01
0.0905238      	1.8621652e+01
0.0905238      	2.3191976e+01
0.0905238      	2.8885666e+01
0.0905238      	3.5975095e+01
0.0905238      	4.4807073e+01
0.0905238      	5.5804103e+01
0.0905238      	6.9504153e+01
0.0905238      	8.6562605e+01
0.0905238      	1.0781395e+02
0.0905238      	1.3427480e+02
0.0905238      	1.6723960e+02
0.0905238      	2.0828533e+02
0.0905238      	2.5941992e+02
0.0905238      	3.2308952e+02
0.0905238      	4.0240883e+02
0.0905238      	5.0117230e+02
0.0905238      	6.2421139e+02
0.0905238      	7.7741201e+02
0.0905238      	9.6826867e+02
0.0905238      	1.2059115e+03
0.0905238      	1.5019659e+03
0.0905238      	1.8705944e+03
0.0905238      	2.3298301e+03
0.0905238      	2.9016418e+03
0.0905238      	3.6140024e+03
0.0905238      	4.5009894e+03
0.0905238      	5.6059939e+03
0.0905238      	6.9818767e+03
0.0905238      	8.6959455e+03
0.0905238      	1.0830197e+04
0.0905238      	1.3489039e+04
0.0905238      	1.6799662e+04
0.0905238      	2.0924023e+04
0.0905238      	2.6059419e+04
0.0905238      	3.2457074e+04
0.0905238      	4.0423035e+04
0.0905238      	5.0346995e+04
0.0905238      	6.2703691e+04
0.0905238      	7.8097610e+04
0.0905238      	9.7265157e+04
0.0905238      	1.2114401e+05
0.0905238      	1.5087646e+05
0.0905238      	1.8791702e+05
0.0905238      	2.3403762e+05
0.0905238      	2.9149446e+05
0.0905238      	3.6303613e+05
0.0905238      	4.5216244e+05
0.0905238      	5.6313697e+05
0.0905238      	7.0138855e+05
0.0905238      	8.7353080e+05
0.0905238      	1.0879849e+06
0.0905238      	1.3550097e+06
0.0905238      	1.6876681e+06
0.0905238      	2.1018736e+06
0.0905238      	2.6178890e+06
0.0905238      	3.2603992e+06
0.0905238      	4.0608357e+06
0.0905238      	5.0574892e+06
0.0905238      	6.2991160e+06
0.0905238      	7.8451121e+06
0.0905238      	9.7711076e+06
0.0905238      	1.2169237e+07
0.0905238      	1.5156816e+07
0.0905238      	1.8876763e+07
0.0905238      	2.3511058e+07
0.0905238      	2.9281391e+07
0.0905238      	3.6470050e+07
0.0905238      	4.5420917e+07
0.0905238      	5.6571871e+07
0.0905238      	7.0456341e+07
0.0905238      	8.7753557e+07
0.0905238      	1.0929097e+08
0.0905238      	1.3612219e+08
0.0905238      	1.6953074e+08
0.0905238      	2.1115098e+08
0.0905238      	2.6297390e+08
0.0905238      	3.2753468e+08
0.0905238      	4.0792172e+08
0.0905238      	5.0806757e+08
0.0905238      	6.3276291e+08
0.0905238      	7.8810786e+08
0.0905238      	9.8153367e+08
0.0905238      	1.2225028e+09
0.0905238      	1.5225424e+09
0.0905238      	1.8963305e+09
0.0905238      	2.3617481e+09
0.0905238      	2.9415634e+09
0.0905238      	3.6635132e+09
0.0905238      	4.5629153e+09
0.0905238      	5.6827944e+09
0.0905238      	7.0779353e+09
0.0905238      	8.8150774e+09
0.0905238      	1.0979202e+10
0.0905238      	1.3673834e+10
0.0905238      	1.7030797e+10
0.0905238      	2.1210676e+10
0.0905238      	2.6417952e+10
0.0905238      	3.2901727e+10
0.0905238      	4.0979187e+10
0.0905238      	5.1036734e+10
0.0905238      	6.3566386e+10
0.0905238      	7.9167524e+10
0.0905238      	9.8603358e+10
0.0905238      	1.2280364e+11
