# Region type : patch Lc1_sub3
# Faces        : 58
# Area         : 1.3747090e-06
# Scale factor : 1.0000000e+00
# Time         	sum(phi)
6e-05          	6.1759874e-11
0.000132       	1.3632609e-10
0.0002184      	2.2594502e-10
0.00032208     	3.3440613e-10
0.000446496    	4.6540542e-10
0.000595795    	6.2484184e-10
0.000774954    	8.1856317e-10
0.000989945    	1.0557474e-09
0.00124793     	1.3457822e-09
0.00155752     	1.7030590e-09
0.00192903     	2.1425665e-09
0.00237483     	2.6870090e-09
0.0029098      	3.3604231e-09
0.00355176     	4.1978713e-09
0.00429765     	5.2041579e-09
0.00475382     	5.8553943e-09
0.00497048     	6.1685606e-09
0.00518408     	6.4816982e-09
0.00542151     	6.8300288e-09
0.00568516     	7.2222373e-09
0.00595414     	7.6236037e-09
0.0062144      	8.0181906e-09
0.00646879     	8.4048192e-09
0.00672414     	8.7982857e-09
0.00698347     	9.1985323e-09
0.0072456      	9.6082111e-09
0.0075082      	1.0019284e-08
0.00777027     	1.0434991e-08
0.00803213     	1.0851046e-08
0.00829441     	1.1273220e-08
0.00855734     	1.1697132e-08
0.00882083     	1.2127486e-08
0.00908463     	1.2559303e-08
0.00934861     	1.2997392e-08
0.00961272     	1.3436638e-08
0.00987701     	1.3881982e-08
0.0101415      	1.4328394e-08
0.0104061      	1.4780736e-08
0.0106708      	1.5234425e-08
0.0109356      	1.5694344e-08
0.0112005      	1.6155717e-08
0.0114655      	1.6623438e-08
0.0117307      	1.7092719e-08
0.0119958      	1.7568456e-08
0.0122611      	1.8046452e-08
0.0125265      	1.8531011e-08
0.0127919      	1.9017301e-08
0.0130543      	1.9504427e-08
0.0133099      	1.9980085e-08
0.0135591      	2.0450090e-08
0.0138025      	2.0910384e-08
0.01404        	2.1365189e-08
0.0142718      	2.1810957e-08
0.0144983      	2.2251821e-08
0.0147199      	2.2683969e-08
0.0149367      	2.3111827e-08
0.0151492      	2.3531257e-08
0.0153574      	2.3946714e-08
0.0155616      	2.4354790e-08
0.0157619      	2.4759482e-08
0.0159587      	2.5157310e-08
0.016152       	2.5552096e-08
0.0163419      	2.5940451e-08
0.0165288      	2.6326044e-08
0.0167125      	2.6705592e-08
0.0168934      	2.7082630e-08
0.0170714      	2.7454210e-08
0.0172468      	2.7823846e-08
0.0174196      	2.8188076e-08
0.0175899      	2.8550192e-08
0.0177578      	2.8907176e-08
0.0179234      	2.9262221e-08
0.0180867      	2.9612075e-08
0.0182479      	2.9959869e-08
0.0184071      	3.0302994e-08
0.0185642      	3.0644456e-08
0.0187193      	3.0981448e-08
0.0188726      	3.1316899e-08
0.019024       	3.1648158e-08
0.0191736      	3.1978452e-08
0.0193216      	3.2304626e-08
0.0194678      	3.2629454e-08
0.0196124      	3.2950319e-08
0.0197555      	3.3269933e-08
0.019897       	3.3585733e-08
0.020037       	3.3900226e-08
0.0201755      	3.4210639e-08
0.0203126      	3.4519962e-08
0.0204484      	3.4825734e-08
0.0205828      	3.5130482e-08
0.0207159      	3.5431793e-08
0.0208477      	3.5732146e-08
0.0209783      	3.6029178e-08
0.0211076      	3.6325315e-08
0.0212358      	3.6618227e-08
0.0213628      	3.6910296e-08
0.0214886      	3.7199236e-08
0.0216134      	3.7487384e-08
0.021737       	3.7772496e-08
0.0218597      	3.8056867e-08
0.0219812      	3.8338295e-08
0.0221018      	3.8619465e-08
0.0222213      	3.8897848e-08
0.0223399      	3.9175570e-08
0.0224576      	3.9450499e-08
0.0225742      	3.9724808e-08
0.02269        	3.9996398e-08
0.0228049      	4.0267407e-08
0.0229189      	4.0535771e-08
0.023032       	4.0803450e-08
0.0231443      	4.1068186e-08
0.0232558      	4.1332412e-08
0.0233664      	4.1594122e-08
0.0234763      	4.1855348e-08
0.0235853      	4.2114115e-08
0.0236936      	4.2372426e-08
0.0238011      	4.2628336e-08
0.0239079      	4.2883819e-08
0.024014       	4.3136959e-08
0.0241193      	4.3389699e-08
0.0242239      	4.3640146e-08
0.0243279      	4.3890213e-08
0.0244311      	4.4138032e-08
0.0245337      	4.4385495e-08
0.0246356      	4.4630757e-08
0.0247369      	4.4875685e-08
0.0248375      	4.5118459e-08
0.0249375      	4.5360923e-08
0.0250369      	4.5601461e-08
0.0251357      	4.5842009e-08
0.0252339      	4.6080486e-08
0.0253315      	4.6318683e-08
0.0254285      	4.6554849e-08
0.0255249      	4.6790753e-08
0.0256208      	4.7024665e-08
0.0257161      	4.7258334e-08
0.0258108      	4.7490050e-08
0.0259051      	4.7721540e-08
0.0259987      	4.7951116e-08
0.0260919      	4.8180012e-08
0.0261846      	4.8407021e-08
0.0262767      	4.8633834e-08
0.0263683      	4.8858795e-08
0.0264595      	4.9083570e-08
0.0265501      	4.9306523e-08
0.0266403      	4.9529304e-08
0.02673        	4.9750293e-08
0.0268192      	4.9971123e-08
0.0269079      	5.0190191e-08
0.0269962      	5.0409116e-08
0.0270841      	5.0626752e-08
0.0271715      	5.0844270e-08
0.0272584      	5.1060076e-08
0.027345       	5.1275755e-08
0.0274311      	5.1489749e-08
0.0275167      	5.1703625e-08
0.027602       	5.1915841e-08
0.0276868      	5.2127950e-08
0.0277713      	5.2338426e-08
0.0278553      	5.2548806e-08
0.0279389      	5.2757578e-08
0.0280222      	5.2966143e-08
0.028105       	5.3172789e-08
0.0281875      	5.3379358e-08
0.0282696      	5.3584364e-08
0.0283513      	5.3789298e-08
0.0284326      	5.3992689e-08
0.0285136      	5.4196013e-08
0.0285942      	5.4397816e-08
0.0286744      	5.4599559e-08
0.0287543      	5.4799802e-08
0.0288339      	5.4999992e-08
0.0289131      	5.5198703e-08
0.0289919      	5.5397372e-08
0.0290705      	5.5594582e-08
0.0291486      	5.5791752e-08
0.0292265      	5.5987480e-08
0.029304       	5.6183173e-08
0.0293812      	5.6377440e-08
0.0294581      	5.6571676e-08
0.0295346      	5.6764503e-08
0.0296109      	5.6957307e-08
0.0296868      	5.7148719e-08
0.0297624      	5.7340113e-08
0.0298378      	5.7530133e-08
0.0299128      	5.7720142e-08
0.0299875      	5.7908796e-08
0.0300619      	5.8097808e-08
0.0301361      	5.8285552e-08
0.0302099      	5.8473291e-08
0.0302834      	5.8659702e-08
0.0303567      	5.8846112e-08
0.0304297      	5.9031211e-08
0.0305024      	5.9216312e-08
0.0305748      	5.9400117e-08
0.030647       	5.9583929e-08
0.0307189      	5.9766460e-08
0.0307905      	5.9949004e-08
0.0308618      	6.0130281e-08
0.0309329      	6.0311576e-08
0.0310038      	6.0491598e-08
0.0310743      	6.0671236e-08
0.0311446      	6.0849636e-08
0.0312147      	6.1028062e-08
0.0312845      	6.1205262e-08
0.0313541      	6.1382489e-08
0.0314234      	6.1558500e-08
0.0314924      	6.1734541e-08
0.0315613      	6.1909378e-08
0.0316298      	6.2084249e-08
0.0316982      	6.2257928e-08
0.0317663      	6.2431645e-08
0.0318342      	6.2604183e-08
0.0319018      	6.2776764e-08
0.0319692      	6.2948179e-08
0.0320364      	6.3119639e-08
0.0321034      	6.3289945e-08
0.0321701      	6.3460297e-08
0.0322366      	6.3629504e-08
0.0323029      	6.3798759e-08
0.032369       	6.3966879e-08
0.0324348      	6.4135050e-08
0.0325005      	6.4302095e-08
0.0325659      	6.4469193e-08
0.0326311      	6.4635177e-08
0.0326961      	6.4801216e-08
0.0327609      	6.4966152e-08
0.0328255      	6.5131147e-08
0.0328899      	6.5295050e-08
0.0329541      	6.5459014e-08
0.0330181      	6.5622015e-08
0.0330819      	6.5785377e-08
0.0331454      	6.5947667e-08
0.0332088      	6.6110019e-08
0.033272       	6.6271307e-08
0.033335       	6.6432659e-08
0.0333978      	6.6592956e-08
0.0334604      	6.6753319e-08
0.0335229      	6.6912637e-08
0.0335851      	6.7072023e-08
0.0336472      	6.7230373e-08
0.033709       	6.7388793e-08
0.0337707      	6.7546188e-08
0.0338322      	6.7703654e-08
0.0338935      	6.7860105e-08
0.0339547      	6.8016631e-08
0.0340156      	6.8172045e-08
0.0340764      	6.8327236e-08
0.034137       	6.8481427e-08
0.0341974      	6.8635699e-08
0.0342577      	6.8788978e-08
0.0343178      	6.8942337e-08
0.0343777      	6.9094711e-08
0.0344375      	6.9247166e-08
0.034497       	6.9398643e-08
0.0345564      	6.9550202e-08
0.0346157      	6.9700790e-08
0.0346748      	6.9851461e-08
0.0347337      	7.0001170e-08
0.0347925      	7.0150965e-08
0.034851       	7.0299805e-08
0.0349095      	7.0448733e-08
0.0349678      	7.0596716e-08
0.0350259      	7.0744967e-08
0.0350838      	7.0892500e-08
0.0351416      	7.1040121e-08
0.0351993      	7.1186808e-08
0.0352568      	7.1333585e-08
0.0353141      	7.1479435e-08
0.0353713      	7.1625376e-08
0.0354284      	7.1770396e-08
0.0354853      	7.1915508e-08
0.035542       	7.2059706e-08
0.0355986      	7.2203998e-08
0.035655       	7.2347384e-08
0.0357113      	7.2490864e-08
0.0357675      	7.2633446e-08
0.0358235      	7.2776124e-08
0.0358794      	7.2917910e-08
0.0359351      	7.3059795e-08
0.0359907      	7.3200795e-08
0.0360462      	7.3341570e-08
0.0361015      	7.3481401e-08
0.0361566      	7.3621335e-08
0.0362117      	7.3760396e-08
0.0362666      	7.3899558e-08
0.0363213      	7.4037852e-08
0.0363759      	7.4176247e-08
0.0364304      	7.4313780e-08
0.0364848      	7.4451414e-08
0.036539       	7.4588191e-08
0.0365931      	7.4725071e-08
0.0366471      	7.4861100e-08
0.0367009      	7.4997232e-08
0.0367546      	7.5132520e-08
0.0368082      	7.5267913e-08
0.0368616      	7.5402467e-08
0.0369149      	7.5537127e-08
0.0369681      	7.5670956e-08
0.0370212      	7.5804892e-08
0.0370741      	7.5938002e-08
0.037127       	7.6071219e-08
0.0371797      	7.6203615e-08
0.0372322      	7.6336117e-08
0.0372847      	7.6467802e-08
0.037337       	7.6599595e-08
0.0373892      	7.6730575e-08
0.0374413      	7.6861664e-08
0.0374933      	7.6991946e-08
0.0375451      	7.7122338e-08
0.0375969      	7.7251928e-08
0.0376485      	7.7381627e-08
0.0377         	7.7510530e-08
0.0377514      	7.7639543e-08
0.0378026      	7.7767766e-08
0.0378538      	7.7896101e-08
0.0379048      	7.8023651e-08
0.0379558      	7.8151314e-08
0.0380066      	7.8278246e-08
0.0380573      	7.8405623e-08
0.0381079      	7.8532222e-08
0.0381584      	7.8658933e-08
0.0382088      	7.8784872e-08
0.038259       	7.8910924e-08
0.0383092      	7.9036208e-08
0.0383592      	7.9161605e-08
0.0384092      	7.9286239e-08
0.038459       	7.9410987e-08
0.0385087      	7.9534976e-08
0.0385583      	7.9659080e-08
0.0386079      	7.9782430e-08
0.0386573      	7.9905896e-08
0.0387066      	8.0028613e-08
0.0387558      	8.0151446e-08
0.0388049      	8.0273536e-08
0.0388539      	8.0395743e-08
0.0389028      	8.0517211e-08
0.0389516      	8.0638798e-08
0.0390003      	8.0759650e-08
0.0390488      	8.0880250e-08
0.0390973      	8.1000122e-08
0.0391457      	8.1120114e-08
0.039194       	8.1239380e-08
0.0392422      	8.1358765e-08
0.0392903      	8.1477428e-08
0.0393383      	8.1596210e-08
0.0393862      	8.1714272e-08
0.039434       	8.1832454e-08
0.0394817      	8.1949921e-08
0.0395293      	8.2067506e-08
0.0395769      	8.2184380e-08
0.0396243      	8.2301375e-08
0.0396716      	8.2417663e-08
0.0397189      	8.2534072e-08
0.039766       	8.2649778e-08
0.0398131      	8.2765605e-08
0.03986        	8.2880734e-08
0.0399069      	8.2995985e-08
0.0399537      	8.3110542e-08
0.0400004      	8.3225242e-08
0.040047       	8.3341796e-08
0.0400935      	8.3458468e-08
0.0401399      	8.3574438e-08
0.0401862      	8.3690530e-08
0.0402324      	8.3805928e-08
0.0402786      	8.3921450e-08
0.0403246      	8.4036285e-08
0.0403706      	8.4151246e-08
0.0404165      	8.4265523e-08
0.0404623      	8.4379927e-08
0.040508       	8.4493652e-08
0.0405536      	8.4607506e-08
0.0405992      	8.4720683e-08
0.0406446      	8.4833990e-08
0.04069        	8.4946625e-08
0.0407353      	8.5059390e-08
0.0407805      	8.5171486e-08
0.0408256      	8.5283715e-08
0.0408706      	8.5395283e-08
0.0409155      	8.5506982e-08
0.0409604      	8.5618022e-08
0.0410052      	8.5729193e-08
0.0410499      	8.5839709e-08
0.0410945      	8.5950355e-08
0.041139       	8.6060348e-08
0.0411835      	8.6170473e-08
0.0412279      	8.6279949e-08
0.0412721      	8.6389556e-08
0.0413164      	8.6498516e-08
0.0413605      	8.6607608e-08
0.0414045      	8.6716056e-08
0.0414485      	8.6824635e-08
0.0414924      	8.6932572e-08
0.0415362      	8.7040639e-08
0.04158        	8.7148069e-08
0.0416236      	8.7255629e-08
0.0416672      	8.7362555e-08
0.0417107      	8.7469611e-08
0.0417542      	8.7576036e-08
0.0417975      	8.7682593e-08
0.0418408      	8.7788523e-08
0.041884       	8.7894585e-08
0.0419271      	8.8000024e-08
0.0419702      	8.8105595e-08
0.0420132      	8.8210437e-08
0.0420561      	8.8315166e-08
0.0420989      	8.8419278e-08
0.0421417      	8.8523524e-08
0.0421843      	8.8627154e-08
0.042227       	8.8730916e-08
0.0422695      	8.8834065e-08
0.042312       	8.8937347e-08
0.0423544      	8.9040018e-08
0.0423967      	8.9142820e-08
0.0424389      	8.9245015e-08
0.0424811      	8.9347341e-08
0.0425232      	8.9449062e-08
0.0425653      	8.9550915e-08
0.0426073      	8.9652164e-08
0.0426492      	8.9753546e-08
0.042691       	8.9854328e-08
0.0427328      	8.9955242e-08
0.0427745      	9.0055559e-08
0.0428161      	9.0156008e-08
0.0428576      	9.0255864e-08
0.0428991      	9.0355852e-08
0.0429405      	9.0455250e-08
0.0429819      	9.0554782e-08
0.0430232      	9.0653922e-08
0.0430644      	9.0753348e-08
0.0431056      	9.0852187e-08
0.0431467      	9.0951157e-08
0.0431877      	9.1049543e-08
0.0432286      	9.1148061e-08
0.0432695      	9.1245997e-08
0.0433104      	9.1344065e-08
0.0433511      	9.1441554e-08
0.0433918      	9.1539175e-08
0.0434324      	9.1636219e-08
0.043473       	9.1733395e-08
0.0435135      	9.1829997e-08
0.0435539      	9.1926730e-08
0.0435943      	9.2022892e-08
0.0436346      	9.2119187e-08
0.0436749      	9.2214913e-08
0.0437151      	9.2310771e-08
0.0437552      	9.2406063e-08
0.0437952      	9.2501487e-08
0.0438352      	9.2596349e-08
0.0438752      	9.2691344e-08
0.0439151      	9.2785778e-08
0.0439549      	9.2880346e-08
0.0439946      	9.2974357e-08
0.0440343      	9.3068503e-08
0.0440739      	9.3162093e-08
0.0441135      	9.3255817e-08
0.044153       	9.3348987e-08
0.0441925      	9.3442290e-08
0.0442319      	9.3535041e-08
0.0442712      	9.3627924e-08
0.0443105      	9.3720259e-08
0.0443497      	9.3812728e-08
0.0443888      	9.3904649e-08
0.0444279      	9.3996701e-08
0.044467       	9.4088209e-08
0.0445059      	9.4179849e-08
0.0445449      	9.4270947e-08
0.0445837      	9.4362178e-08
0.0446225      	9.4452869e-08
0.0446613      	9.4543694e-08
0.0447         	9.4633981e-08
0.0447386      	9.4724400e-08
0.0447772      	9.4814286e-08
0.0448157      	9.4904304e-08
0.0448542      	9.4993790e-08
0.0448926      	9.5083409e-08
0.0449309      	9.5172498e-08
0.0449692      	9.5261721e-08
0.0450075      	9.5350418e-08
0.0450457      	9.5439248e-08
0.0450838      	9.5527553e-08
0.0451219      	9.5615991e-08
0.0451599      	9.5703907e-08
0.0451979      	9.5791955e-08
0.0452358      	9.5879482e-08
0.0452736      	9.5967143e-08
0.0453114      	9.6054284e-08
0.0453492      	9.6141558e-08
0.0453869      	9.6228314e-08
0.0454245      	9.6315202e-08
0.0454621      	9.6401574e-08
0.0454997      	9.6488078e-08
0.0455371      	9.6574069e-08
0.0455746      	9.6660191e-08
0.045612       	9.6745802e-08
0.0456493      	9.6831546e-08
0.0456866      	9.6916781e-08
0.0457238      	9.7002148e-08
0.045761       	9.7087008e-08
0.0457981      	9.7172000e-08
0.0458351      	9.7256489e-08
0.0458722      	9.7341110e-08
0.0459091      	9.7425229e-08
0.0459461      	9.7509482e-08
0.0459829      	9.7593235e-08
0.0460197      	9.7676944e-08
0.0460565      	9.7760001e-08
0.0460932      	9.7843192e-08
0.0461299      	9.7925888e-08
0.0461665      	9.8008717e-08
0.0462031      	9.8091051e-08
0.0462396      	9.8173519e-08
0.0462761      	9.8255493e-08
0.0463125      	9.8337601e-08
0.0463489      	9.8419216e-08
0.0463852      	9.8500965e-08
0.0464215      	9.8582224e-08
0.0464577      	9.8663615e-08
0.0464939      	9.8744517e-08
0.04653        	9.8825553e-08
0.0465661      	9.8906103e-08
0.0466021      	9.8986785e-08
0.0466381      	9.9066984e-08
0.046674       	9.9147314e-08
0.0467099      	9.9227161e-08
0.0467458      	9.9307142e-08
0.0467816      	9.9386642e-08
0.0468173      	9.9466275e-08
0.046853       	9.9545430e-08
0.0468887      	9.9624720e-08
0.0469243      	9.9703532e-08
0.0469599      	9.9782479e-08
0.0469954      	9.9860952e-08
0.0470309      	9.9939843e-08
0.0470663      	1.0001830e-07
0.0471017      	1.0009689e-07
0.047137       	1.0017502e-07
0.0471723      	1.0025327e-07
0.0472075      	1.0033105e-07
0.0472428      	1.0040897e-07
0.0472779      	1.0048642e-07
0.047313       	1.0056400e-07
0.0473481      	1.0064111e-07
0.0473831      	1.0071836e-07
0.0474181      	1.0079515e-07
0.047453       	1.0087207e-07
0.0474879      	1.0094852e-07
0.0475228      	1.0102511e-07
0.0475576      	1.0110123e-07
0.0475923      	1.0117749e-07
0.047627       	1.0125329e-07
0.0476617      	1.0132922e-07
0.0476964      	1.0140470e-07
0.0477309      	1.0148030e-07
0.0477655      	1.0155545e-07
0.0478         	1.0163074e-07
0.0478344      	1.0170557e-07
0.0478689      	1.0178053e-07
0.0479032      	1.0185504e-07
0.0479376      	1.0192969e-07
0.0479719      	1.0200389e-07
0.0480061      	1.0207822e-07
0.0480403      	1.0215210e-07
0.0480745      	1.0222611e-07
0.0481086      	1.0229968e-07
0.0481427      	1.0237338e-07
0.0481767      	1.0244663e-07
0.0482107      	1.0252002e-07
0.0482447      	1.0259297e-07
0.0482786      	1.0266604e-07
0.0483125      	1.0273868e-07
0.0483463      	1.0281144e-07
0.0483801      	1.0288377e-07
0.0484138      	1.0295623e-07
0.0484476      	1.0302824e-07
0.0484812      	1.0310040e-07
0.0485149      	1.0317211e-07
0.0485485      	1.0324396e-07
0.048582       	1.0331537e-07
0.0486155      	1.0338691e-07
0.048649       	1.0345802e-07
0.0486824      	1.0352926e-07
0.0487158      	1.0360007e-07
0.0487492      	1.0367101e-07
0.0487825      	1.0374152e-07
0.0488158      	1.0381216e-07
0.048849       	1.0388238e-07
0.0488822      	1.0395273e-07
0.0489154      	1.0402265e-07
0.0489485      	1.0409270e-07
0.0489816      	1.0416233e-07
0.0490146      	1.0423209e-07
0.0490476      	1.0430143e-07
0.0490806      	1.0437090e-07
0.0491135      	1.0443994e-07
0.0491464      	1.0450912e-07
0.0491793      	1.0457788e-07
0.0492121      	1.0464677e-07
0.0492449      	1.0471524e-07
0.0492776      	1.0478384e-07
0.0493103      	1.0485202e-07
0.049343       	1.0492034e-07
0.0493756      	1.0498823e-07
0.0494082      	1.0505626e-07
0.0494408      	1.0512387e-07
0.0494733      	1.0519161e-07
0.0495058      	1.0525894e-07
0.0495382      	1.0532640e-07
0.0495706      	1.0539344e-07
0.049603       	1.0546062e-07
0.0496353      	1.0552739e-07
0.0496676      	1.0559429e-07
0.0496999      	1.0566077e-07
0.0497321      	1.0572739e-07
0.0497643      	1.0579360e-07
0.0497965      	1.0585993e-07
0.0498286      	1.0592587e-07
0.0498607      	1.0599193e-07
0.0498927      	1.0605759e-07
0.0499247      	1.0612338e-07
0.0499567      	1.0618876e-07
0.0499886      	1.0625428e-07
0.0500206      	1.0624651e-07
0.0500524      	1.0619872e-07
0.0500843      	1.0615086e-07
0.0501162      	1.0610331e-07
0.050148       	1.0605558e-07
0.0501798      	1.0600805e-07
0.0502116      	1.0596026e-07
0.0502434      	1.0591259e-07
0.0502752      	1.0586461e-07
0.050307       	1.0581671e-07
0.0503388      	1.0576846e-07
0.0503705      	1.0572026e-07
0.0504022      	1.0567169e-07
0.0504339      	1.0562316e-07
0.0504656      	1.0557423e-07
0.0504973      	1.0552534e-07
0.050529       	1.0547604e-07
0.0505606      	1.0542676e-07
0.0505923      	1.0537708e-07
0.0506239      	1.0532741e-07
0.0506555      	1.0527734e-07
0.0506871      	1.0522727e-07
0.0507187      	1.0517680e-07
0.0507503      	1.0512633e-07
0.0507818      	1.0507545e-07
0.0508134      	1.0502458e-07
0.0508449      	1.0497330e-07
0.0508764      	1.0492204e-07
0.0509079      	1.0487035e-07
0.0509394      	1.0481868e-07
0.0509708      	1.0476660e-07
0.0510023      	1.0471455e-07
0.0510337      	1.0466238e-07
0.0510652      	1.0461022e-07
0.0510966      	1.0455764e-07
0.051128       	1.0450509e-07
0.0511594      	1.0445212e-07
0.0511907      	1.0439917e-07
0.0512221      	1.0434581e-07
0.0512534      	1.0429247e-07
0.0512848      	1.0423872e-07
0.0513161      	1.0418500e-07
0.0513474      	1.0413087e-07
0.0513787      	1.0407676e-07
0.0514099      	1.0402226e-07
0.0514412      	1.0396778e-07
0.0514725      	1.0391290e-07
0.0515037      	1.0385805e-07
0.0515349      	1.0380280e-07
0.0515661      	1.0374759e-07
0.0515973      	1.0369199e-07
0.0516285      	1.0363642e-07
0.0516596      	1.0358047e-07
0.0516908      	1.0352455e-07
0.0517219      	1.0346825e-07
0.051753       	1.0341198e-07
0.0517842      	1.0335534e-07
0.0518153      	1.0329874e-07
0.0518463      	1.0324176e-07
0.0518774      	1.0318483e-07
0.0519085      	1.0312752e-07
0.0519395      	1.0307027e-07
0.0519705      	1.0301264e-07
0.0520015      	1.0295506e-07
0.0520325      	1.0289712e-07
0.0520635      	1.0283923e-07
0.0520945      	1.0278097e-07
0.0521255      	1.0272278e-07
0.0521564      	1.0266422e-07
0.0521873      	1.0260572e-07
0.0522183      	1.0254687e-07
0.0522492      	1.0248807e-07
0.0522801      	1.0242893e-07
0.0523109      	1.0236985e-07
0.0523418      	1.0231042e-07
0.0523727      	1.0225105e-07
0.0524035      	1.0219134e-07
0.0524343      	1.0213170e-07
0.0524651      	1.0207171e-07
0.0524959      	1.0201179e-07
0.0525267      	1.0195154e-07
0.0525575      	1.0189135e-07
0.0525883      	1.0183083e-07
0.052619       	1.0177038e-07
0.0526497      	1.0170960e-07
0.0526805      	1.0164890e-07
0.0527112      	1.0158787e-07
0.0527419      	1.0152692e-07
0.0527725      	1.0146565e-07
0.0528032      	1.0140446e-07
0.0528339      	1.0134295e-07
0.0528645      	1.0128153e-07
0.0528951      	1.0121978e-07
0.0529257      	1.0115812e-07
0.0529563      	1.0109614e-07
0.0529869      	1.0103425e-07
0.0530175      	1.0097205e-07
0.0530481      	1.0090994e-07
0.0530786      	1.0084752e-07
0.0531092      	1.0078520e-07
0.0531397      	1.0072258e-07
0.0531702      	1.0066005e-07
0.0532007      	1.0059721e-07
0.0532312      	1.0053447e-07
0.0532617      	1.0047143e-07
0.0532921      	1.0040849e-07
0.0533226      	1.0034525e-07
0.053353       	1.0028212e-07
0.0533834      	1.0021869e-07
0.0534138      	1.0015537e-07
0.0534442      	1.0009176e-07
0.0534746      	1.0002826e-07
0.053505       	9.9964460e-08
0.0535354      	9.9900775e-08
0.0535657      	9.9836798e-08
0.053596       	9.9772935e-08
0.0536264      	9.9708782e-08
0.0536567      	9.9644746e-08
0.053687       	9.9580423e-08
0.0537172      	9.9516219e-08
0.0537475      	9.9451731e-08
0.0537778      	9.9387365e-08
0.053808       	9.9322717e-08
0.0538383      	9.9258193e-08
0.0538685      	9.9193389e-08
0.0538987      	9.9128710e-08
0.0539289      	9.9063756e-08
0.0539591      	9.8998928e-08
0.0539892      	9.8933826e-08
0.0540194      	9.8868663e-08
0.0540495      	9.8803122e-08
0.0540797      	9.8737712e-08
0.0541098      	9.8672032e-08
0.0541399      	9.8606486e-08
0.05417        	9.8540671e-08
0.0542001      	9.8474991e-08
0.0542302      	9.8409046e-08
0.0542602      	9.8343234e-08
0.0542903      	9.8277157e-08
0.0543203      	9.8211217e-08
0.0543503      	9.8145014e-08
0.0543803      	9.8078949e-08
0.0544103      	9.8012625e-08
0.0544403      	9.7946437e-08
0.0544703      	9.7879989e-08
0.0545002      	9.7813679e-08
0.0545302      	9.7747113e-08
0.0545601      	9.7680687e-08
0.0545901      	9.7614006e-08
0.05462        	9.7547466e-08
0.0546499      	9.7480674e-08
0.0546798      	9.7414026e-08
0.0547096      	9.7347128e-08
0.0547395      	9.7280374e-08
0.0547694      	9.7213369e-08
0.0547992      	9.7146509e-08
0.054829       	9.7079401e-08
0.0548589      	9.7012441e-08
0.0548887      	9.6945235e-08
0.0549184      	9.6878176e-08
0.0549482      	9.6810872e-08
0.054978       	9.6743716e-08
0.0550078      	9.6676394e-08
0.0550375      	9.6609439e-08
0.0550672      	9.6542241e-08
0.055097       	9.6475193e-08
0.0551267      	9.6407906e-08
0.0551564      	9.6340770e-08
0.0551861      	9.6273394e-08
0.0552157      	9.6206169e-08
0.0552454      	9.6138705e-08
0.055275       	9.6071395e-08
0.0553047      	9.6003847e-08
0.0553343      	9.5936451e-08
0.0553639      	9.5868819e-08
0.0553935      	9.5801338e-08
0.0554231      	9.5733620e-08
0.0554527      	9.5666056e-08
0.0554823      	9.5598259e-08
0.0555118      	9.5530616e-08
0.0555414      	9.5462741e-08
0.0555709      	9.5395020e-08
0.0556004      	9.5327067e-08
0.0556299      	9.5259270e-08
0.0556594      	9.5191242e-08
0.0556889      	9.5123370e-08
0.0557184      	9.5055268e-08
0.0557479      	9.4987320e-08
0.0557773      	9.4919140e-08
0.0558068      	9.4851115e-08
0.0558362      	9.4782862e-08
0.0558656      	9.4714766e-08
0.055895       	9.4646446e-08
0.0559244      	9.4578284e-08
0.0559538      	9.4509897e-08
0.0559832      	9.4441668e-08
0.0560125      	9.4373214e-08
0.0560419      	9.4304919e-08
0.0560712      	9.4236397e-08
0.0561005      	9.4168033e-08
0.0561298      	9.4099441e-08
0.0561591      	9.4031008e-08
0.0561884      	9.3962351e-08
0.0562177      	9.3893852e-08
0.056247       	9.3825128e-08
0.0562762      	9.3756561e-08
0.0563055      	9.3687769e-08
0.0563347      	9.3619137e-08
0.0563639      	9.3550281e-08
0.0563932      	9.3481585e-08
0.0564224      	9.3412665e-08
0.0564515      	9.3343903e-08
0.0564807      	9.3274920e-08
0.0565099      	9.3206095e-08
0.056539       	9.3137048e-08
0.0565682      	9.3068159e-08
0.0565973      	9.2999046e-08
0.0566264      	9.2930090e-08
0.0566556      	9.2860912e-08
0.0566847      	9.2791892e-08
0.0567137      	9.2722650e-08
0.0567428      	9.2653565e-08
0.0567719      	9.2584257e-08
0.0568009      	9.2515107e-08
0.05683        	9.2445738e-08
0.056859       	9.2376523e-08
0.056888       	9.2307087e-08
0.056917       	9.2237807e-08
0.056946       	9.2168307e-08
0.056975       	9.2098965e-08
0.057004       	9.2029400e-08
0.057033       	9.1959992e-08
0.0570619      	9.1890361e-08
0.0570909      	9.1820885e-08
0.0571198      	9.1751186e-08
0.0571487      	9.1681642e-08
0.0571776      	9.1611878e-08
0.0572065      	9.1542268e-08
0.0572354      	9.1472436e-08
0.0572643      	9.1402757e-08
0.0572932      	9.1332857e-08
0.057322       	9.1263110e-08
0.0573509      	9.1193141e-08
0.0573797      	9.1123325e-08
0.0574085      	9.1053289e-08
0.0574374      	9.0983404e-08
0.0574662      	9.0913296e-08
0.057495       	9.0843337e-08
0.0575237      	9.0773155e-08
0.0575525      	9.0703125e-08
0.0575813      	9.0632872e-08
0.05761        	9.0562768e-08
0.0576388      	9.0492441e-08
0.0576675      	9.0422264e-08
0.0576962      	9.0351863e-08
0.0577249      	9.0281611e-08
0.0577536      	9.0211136e-08
0.0577823      	9.0140809e-08
0.057811       	9.0070259e-08
0.0578396      	8.9999857e-08
0.0578683      	8.9929231e-08
0.0578969      	8.9858753e-08
0.0579255      	8.9788050e-08
0.0579542      	8.9717493e-08
0.0579828      	8.9646713e-08
0.0580114      	8.9575967e-08
0.05804        	8.9504826e-08
0.0580685      	8.9433832e-08
0.0580971      	8.9362614e-08
0.0581257      	8.9291539e-08
0.0581542      	8.9220241e-08
0.0581827      	8.9149087e-08
0.0582113      	8.9077707e-08
0.0582398      	8.9006470e-08
0.0582683      	8.8935006e-08
0.0582968      	8.8863683e-08
0.0583253      	8.8792133e-08
0.0583537      	8.8720723e-08
0.0583822      	8.8649085e-08
0.0584107      	8.8577586e-08
0.0584391      	8.8505858e-08
0.0584675      	8.8434270e-08
0.0584959      	8.8362451e-08
0.0585244      	8.8290768e-08
0.0585528      	8.8218856e-08
0.0585811      	8.8147081e-08
0.0586095      	8.8075076e-08
0.0586379      	8.8003204e-08
0.0586663      	8.7931103e-08
0.0586946      	8.7859137e-08
0.0587229      	8.7786942e-08
0.0587513      	8.7714879e-08
0.0587796      	8.7642583e-08
0.0588079      	8.7570419e-08
0.0588362      	8.7498024e-08
0.0588645      	8.7425760e-08
0.0588928      	8.7353266e-08
0.058921       	8.7280904e-08
0.0589493      	8.7208312e-08
0.0589775      	8.7135849e-08
0.0590058      	8.7063210e-08
0.059034       	8.6990921e-08
0.0590622      	8.6918399e-08
0.0590904      	8.6846004e-08
0.0591186      	8.6773376e-08
0.0591468      	8.6700874e-08
0.059175       	8.6628134e-08
0.0592031      	8.6555519e-08
0.0592313      	8.6482668e-08
0.0592594      	8.6409942e-08
0.0592876      	8.6336981e-08
0.0593157      	8.6264144e-08
0.0593438      	8.6191070e-08
0.0593719      	8.6118119e-08
0.0594         	8.6044932e-08
0.0594281      	8.5971865e-08
0.0594562      	8.5898562e-08
0.0594842      	8.5825380e-08
0.0595123      	8.5751960e-08
0.0595403      	8.5678657e-08
0.0595684      	8.5605117e-08
0.0595964      	8.5531697e-08
0.0596244      	8.5458041e-08
0.0596524      	8.5384503e-08
0.0596804      	8.5310725e-08
0.0597084      	8.5237063e-08
0.0597364      	8.5163163e-08
0.0597643      	8.5089378e-08
0.0597923      	8.5015355e-08
0.0598202      	8.4941446e-08
0.0598482      	8.4867297e-08
0.0598761      	8.4793262e-08
0.059904       	8.4718986e-08
0.0599319      	8.4644825e-08
0.0599598      	8.4570423e-08
0.0599877      	8.4496133e-08
0.0600156      	8.4421602e-08
0.0600434      	8.4347183e-08
0.0600713      	8.4272521e-08
0.0600991      	8.4197970e-08
0.060127       	8.4123176e-08
0.0601548      	8.4048492e-08
0.0601826      	8.3973564e-08
0.0602104      	8.3898745e-08
0.0602382      	8.3823680e-08
0.060266       	8.3748725e-08
0.0602938      	8.3673525e-08
0.0603216      	8.3598432e-08
0.0603493      	8.3523093e-08
0.0603771      	8.3447859e-08
0.0604048      	8.3372378e-08
0.0604325      	8.3297003e-08
0.0604603      	8.3221382e-08
0.060488       	8.3145864e-08
0.0605157      	8.3070099e-08
0.0605434      	8.2994438e-08
0.0605711      	8.2918532e-08
0.0605987      	8.2842728e-08
0.0606264      	8.2766676e-08
0.060654       	8.2690723e-08
0.0606817      	8.2614522e-08
0.0607093      	8.2538421e-08
0.0607369      	8.2462072e-08
0.0607646      	8.2385823e-08
0.0607922      	8.2309326e-08
0.0608198      	8.2232927e-08
0.0608473      	8.2156280e-08
0.0608749      	8.2079731e-08
0.0609025      	8.2002934e-08
0.06093        	8.1926235e-08
0.0609576      	8.1849286e-08
0.0609851      	8.1772433e-08
0.0610127      	8.1695331e-08
0.0610402      	8.1618323e-08
0.0610677      	8.1541066e-08
0.0610952      	8.1463905e-08
0.0611227      	8.1386494e-08
0.0611502      	8.1309177e-08
0.0611776      	8.1231609e-08
0.0612051      	8.1154134e-08
0.0612326      	8.1076407e-08
0.06126        	8.0998772e-08
0.0612874      	8.0920884e-08
0.0613149      	8.0843089e-08
0.0613423      	8.0765043e-08
0.0613697      	8.0687089e-08
0.0613971      	8.0608882e-08
0.0614245      	8.0530762e-08
0.0614519      	8.0452387e-08
0.0614792      	8.0374102e-08
0.0615066      	8.0295563e-08
0.0615339      	8.0217113e-08
0.0615613      	8.0138409e-08
0.0615886      	8.0059794e-08
0.0616159      	7.9980925e-08
0.0616433      	7.9902143e-08
0.0616706      	7.9823107e-08
0.0616979      	7.9744156e-08
0.0617251      	7.9664949e-08
0.0617524      	7.9585833e-08
0.0617797      	7.9506465e-08
0.0618069      	7.9427184e-08
0.0618342      	7.9347647e-08
0.0618614      	7.9268197e-08
0.0618887      	7.9188490e-08
0.0619159      	7.9108868e-08
0.0619431      	7.9028991e-08
0.0619703      	7.8949199e-08
0.0619975      	7.8869153e-08
0.0620247      	7.8789192e-08
0.0620519      	7.8708974e-08
0.062079       	7.8628840e-08
0.0621062      	7.8548450e-08
0.0621333      	7.8468144e-08
0.0621605      	7.8387584e-08
0.0621876      	7.8307104e-08
0.0622147      	7.8226367e-08
0.0622419      	7.8145710e-08
0.062269       	7.8064797e-08
0.0622961      	7.7983965e-08
0.0623231      	7.7902876e-08
0.0623502      	7.7821868e-08
0.0623773      	7.7740604e-08
0.0624043      	7.7659420e-08
0.0624314      	7.7577979e-08
0.0624584      	7.7496615e-08
0.0624855      	7.7414995e-08
0.0625125      	7.7333454e-08
0.0625395      	7.7251656e-08
0.0625665      	7.7169935e-08
0.0625935      	7.7087959e-08
0.0626205      	7.7006060e-08
0.0626475      	7.6923903e-08
0.0626744      	7.6841826e-08
0.0627014      	7.6759491e-08
0.0627284      	7.6677233e-08
0.0627553      	7.6594717e-08
0.0627822      	7.6512280e-08
0.0628092      	7.6429586e-08
0.0628361      	7.6346969e-08
0.062863       	7.6264097e-08
0.0628899      	7.6181301e-08
0.0629168      	7.6098249e-08
0.0629437      	7.6015272e-08
0.0629705      	7.5932039e-08
0.0629974      	7.5848881e-08
0.0630243      	7.5765227e-08
0.0630511      	7.5681625e-08
0.0630779      	7.5597766e-08
0.0631048      	7.5513982e-08
0.0631316      	7.5429942e-08
0.0631584      	7.5345977e-08
0.0631852      	7.5261755e-08
0.063212       	7.5177606e-08
0.0632388      	7.5093202e-08
0.0632656      	7.5008871e-08
0.0632923      	7.4924285e-08
0.0633191      	7.4839774e-08
0.0633458      	7.4755008e-08
0.0633726      	7.4670314e-08
0.0633993      	7.4585362e-08
0.063426       	7.4500483e-08
0.0634528      	7.4415347e-08
0.0634795      	7.4330284e-08
0.0635062      	7.4244966e-08
0.0635329      	7.4159720e-08
0.0635595      	7.4074217e-08
0.0635862      	7.3988787e-08
0.0636129      	7.3903099e-08
0.0636395      	7.3817483e-08
0.0636662      	7.3731612e-08
0.0636928      	7.3645813e-08
0.0637195      	7.3559759e-08
0.0637461      	7.3473777e-08
0.0637727      	7.3387540e-08
0.0637993      	7.3301376e-08
0.0638259      	7.3214956e-08
0.0638525      	7.3128609e-08
0.0638791      	7.3042007e-08
0.0639056      	7.2955476e-08
0.0639322      	7.2868690e-08
0.0639587      	7.2781976e-08
0.0639853      	7.2695006e-08
0.0640118      	7.2608225e-08
0.0640384      	7.2521335e-08
0.0640649      	7.2434515e-08
0.0640914      	7.2347441e-08
0.0641179      	7.2260437e-08
0.0641444      	7.2173182e-08
0.0641709      	7.2085998e-08
0.0641974      	7.1998561e-08
0.0642238      	7.1911195e-08
0.0642503      	7.1823575e-08
0.0642767      	7.1736026e-08
0.0643032      	7.1648224e-08
0.0643296      	7.1560495e-08
0.0643561      	7.1472512e-08
0.0643825      	7.1384597e-08
0.0644089      	7.1296427e-08
0.0644353      	7.1208327e-08
0.0644617      	7.1119976e-08
0.0644881      	7.1031696e-08
0.0645144      	7.0943165e-08
0.0645408      	7.0854704e-08
0.0645672      	7.0765991e-08
0.0645935      	7.0677350e-08
0.0646199      	7.0588455e-08
0.0646462      	7.0499630e-08
0.0646725      	7.0410554e-08
0.0646989      	7.0321549e-08
0.0647252      	7.0232293e-08
0.0647515      	7.0143108e-08
0.0647778      	7.0053673e-08
0.0648041      	6.9964311e-08
0.0648303      	6.9874699e-08
0.0648566      	6.9785159e-08
0.0648829      	6.9695369e-08
0.0649091      	6.9605652e-08
0.0649354      	6.9515685e-08
0.0649616      	6.9425789e-08
0.0649878      	6.9335644e-08
0.0650141      	6.9245572e-08
0.0650403      	6.9155251e-08
0.0650665      	6.9065001e-08
0.0650927      	6.8974504e-08
0.0651189      	6.8884079e-08
0.065145       	6.8793406e-08
0.0651712      	6.8702805e-08
0.0651974      	6.8611955e-08
0.0652235      	6.8521177e-08
0.0652497      	6.8430151e-08
0.0652758      	6.8339197e-08
0.065302       	6.8247996e-08
0.0653281      	6.8156867e-08
0.0653542      	6.8065490e-08
0.0653803      	6.7974184e-08
0.0654064      	6.7882633e-08
0.0654325      	6.7791157e-08
0.0654586      	6.7699435e-08
0.0654847      	6.7607783e-08
0.0655107      	6.7515888e-08
0.0655368      	6.7424065e-08
0.0655628      	6.7331998e-08
0.0655889      	6.7240002e-08
0.0656149      	6.7147763e-08
0.0656409      	6.7055597e-08
0.065667       	6.6963188e-08
0.065693       	6.6870849e-08
0.065719       	6.6778266e-08
0.065745       	6.6685755e-08
0.065771       	6.6593002e-08
0.0657969      	6.6500323e-08
0.0658229      	6.6407401e-08
0.0658489      	6.6314552e-08
0.0658748      	6.6221462e-08
0.0659008      	6.6128446e-08
0.0659267      	6.6035189e-08
0.0659527      	6.5942005e-08
0.0659786      	6.5848580e-08
0.0660045      	6.5755230e-08
0.0660304      	6.5661642e-08
0.0660563      	6.5568120e-08
0.0660822      	6.5474359e-08
0.0661081      	6.5380672e-08
0.066134       	6.5286747e-08
0.0661598      	6.5192894e-08
0.0661857      	6.5098801e-08
0.0662115      	6.5004781e-08
0.0662374      	6.4910524e-08
0.0662632      	6.4816341e-08
0.0662891      	6.4721921e-08
0.0663149      	6.4627574e-08
0.0663407      	6.4532989e-08
0.0663665      	6.4438478e-08
0.0663923      	6.4343731e-08
0.0664181      	6.4249058e-08
0.0664439      	6.4154150e-08
0.0664696      	6.4059316e-08
0.0664954      	6.3964246e-08
0.0665212      	6.3869250e-08
0.0665469      	6.3774018e-08
0.0665727      	6.3678859e-08
0.0665984      	6.3583467e-08
0.0666241      	6.3488150e-08
0.0666499      	6.3392598e-08
0.0666756      	6.3297123e-08
0.0667013      	6.3201414e-08
0.066727       	6.3105782e-08
0.0667527      	6.3009916e-08
0.0667784      	6.2914125e-08
0.066804       	6.2818102e-08
0.0668297      	6.2722153e-08
0.0668554      	6.2625973e-08
0.066881       	6.2529869e-08
0.0669067      	6.2433533e-08
0.0669323      	6.2337273e-08
0.0669579      	6.2240783e-08
0.0669835      	6.2144369e-08
0.0670092      	6.2047635e-08
0.0670348      	6.1950817e-08
0.0670604      	6.1853769e-08
0.0670859      	6.1756798e-08
0.0671115      	6.1659599e-08
0.0671371      	6.1562477e-08
0.0671627      	6.1465126e-08
0.0671882      	6.1367852e-08
0.0672138      	6.1270349e-08
0.0672393      	6.1172922e-08
0.0672649      	6.1075269e-08
0.0672904      	6.0977694e-08
0.0673159      	6.0879893e-08
0.0673414      	6.0782167e-08
0.067367       	6.0684215e-08
0.0673925      	6.0586341e-08
0.067418       	6.0488241e-08
0.0674434      	6.0390219e-08
0.0674689      	6.0291971e-08
0.0674944      	6.0193801e-08
0.0675199      	6.0095405e-08
0.0675453      	5.9997088e-08
0.0675708      	5.9898545e-08
0.0675962      	5.9800082e-08
0.0676216      	5.9701394e-08
0.0676471      	5.9602784e-08
0.0676725      	5.9503950e-08
0.0676979      	5.9405194e-08
0.0677233      	5.9306214e-08
0.0677487      	5.9207313e-08
0.0677741      	5.9108190e-08
0.0677995      	5.9009145e-08
0.0678248      	5.8909877e-08
0.0678502      	5.8810687e-08
0.0678756      	5.8711277e-08
0.0679009      	5.8611946e-08
0.0679263      	5.8512394e-08
0.0679516      	5.8412922e-08
0.0679769      	5.8313230e-08
0.0680023      	5.8213640e-08
0.0680276      	5.8114058e-08
0.0680529      	5.8014556e-08
0.0680782      	5.7914835e-08
0.0681035      	5.7815194e-08
0.0681288      	5.7715333e-08
0.068154       	5.7615553e-08
0.0681793      	5.7515555e-08
0.0682046      	5.7415636e-08
0.0682298      	5.7315499e-08
0.0682551      	5.7215444e-08
0.0682803      	5.7115171e-08
0.0683056      	5.7014979e-08
0.0683308      	5.6914570e-08
0.068356       	5.6814242e-08
0.0683812      	5.6713696e-08
0.0684064      	5.6613231e-08
0.0684316      	5.6512551e-08
0.0684568      	5.6411955e-08
0.068482       	5.6311143e-08
0.0685072      	5.6210414e-08
0.0685324      	5.6109469e-08
0.0685575      	5.6008607e-08
0.0685827      	5.5907529e-08
0.0686078      	5.5806535e-08
0.068633       	5.5705326e-08
0.0686581      	5.5604200e-08
0.0686832      	5.5502860e-08
0.0687083      	5.5401603e-08
0.0687335      	5.5300132e-08
0.0687586      	5.5198744e-08
0.0687837      	5.5097144e-08
0.0688088      	5.4995629e-08
0.0688338      	5.4893901e-08
0.0688589      	5.4792256e-08
0.068884       	5.4690402e-08
0.068909       	5.4588630e-08
0.0689341      	5.4486647e-08
0.0689591      	5.4384747e-08
0.0689842      	5.4282636e-08
0.0690092      	5.4180610e-08
0.0690343      	5.4078374e-08
0.0690593      	5.3976224e-08
0.0690843      	5.3873865e-08
0.0691093      	5.3771594e-08
0.0691343      	5.3669113e-08
0.0691593      	5.3566717e-08
0.0691843      	5.3464112e-08
0.0692092      	5.3361591e-08
0.0692342      	5.3258862e-08
0.0692592      	5.3156219e-08
0.0692841      	5.3053369e-08
0.0693091      	5.2950604e-08
0.069334       	5.2847630e-08
0.069359       	5.2744742e-08
0.0693839      	5.2641647e-08
0.0694088      	5.2538637e-08
0.0694337      	5.2435419e-08
0.0694586      	5.2332287e-08
0.0694835      	5.2228948e-08
0.0695084      	5.2125697e-08
0.0695333      	5.2022239e-08
0.0695582      	5.1918868e-08
0.0695831      	5.1815291e-08
0.0696079      	5.1711800e-08
0.0696328      	5.1608105e-08
0.0696576      	5.1504496e-08
0.0696825      	5.1400684e-08
0.0697073      	5.1296958e-08
0.0697321      	5.1193028e-08
0.069757       	5.1089185e-08
0.0697818      	5.0985137e-08
0.0698066      	5.0881177e-08
0.0698314      	5.0777014e-08
0.0698562      	5.0672938e-08
0.069881       	5.0568660e-08
0.0699058      	5.0464468e-08
0.0699305      	5.0360075e-08
0.0699553      	5.0255770e-08
0.0699801      	5.0151264e-08
0.0700048      	5.0046846e-08
0.0700296      	4.9942228e-08
0.0700543      	4.9837697e-08
0.070079       	4.9732967e-08
0.0701038      	4.9628326e-08
0.0701285      	4.9523484e-08
0.0701532      	4.9418730e-08
0.0701779      	4.9313777e-08
0.0702026      	4.9208911e-08
0.0702273      	4.9103845e-08
0.070252       	4.8998868e-08
0.0702767      	4.8893694e-08
0.0703013      	4.8788609e-08
0.070326       	4.8683326e-08
0.0703507      	4.8578130e-08
0.0703753      	4.8472735e-08
0.0704         	4.8367431e-08
0.0704246      	4.8261930e-08
0.0704492      	4.8156518e-08
0.0704739      	4.8050908e-08
0.0704985      	4.7945387e-08
0.0705231      	4.7839669e-08
0.0705477      	4.7734040e-08
0.0705723      	4.7628212e-08
0.0705969      	4.7522474e-08
0.0706215      	4.7416539e-08
0.070646       	4.7310695e-08
0.0706706      	4.7204654e-08
0.0706952      	4.7098703e-08
0.0707197      	4.6992557e-08
0.0707443      	4.6886499e-08
0.0707688      	4.6780246e-08
0.0707934      	4.6674084e-08
0.0708179      	4.6567727e-08
0.0708424      	4.6461459e-08
0.0708669      	4.6354997e-08
0.0708914      	4.6248627e-08
0.0709159      	4.6142063e-08
0.0709404      	4.6035591e-08
0.0709649      	4.5928926e-08
0.0709894      	4.5822351e-08
0.0710139      	4.5715448e-08
0.0710384      	4.5608530e-08
0.0710628      	4.5501418e-08
0.0710873      	4.5394402e-08
0.0711117      	4.5287198e-08
0.0711362      	4.5180086e-08
0.0711606      	4.5072782e-08
0.0711851      	4.4965567e-08
0.0712095      	4.4858162e-08
0.0712339      	4.4750850e-08
0.0712583      	4.4643346e-08
0.0712827      	4.4535928e-08
0.0713071      	4.4428318e-08
0.0713315      	4.4320798e-08
0.0713559      	4.4213087e-08
0.0713803      	4.4105466e-08
0.0714046      	4.3997657e-08
0.071429       	4.3889938e-08
0.0714534      	4.3782030e-08
0.0714777      	4.3674212e-08
0.0715021      	4.3566206e-08
0.0715264      	4.3458291e-08
0.0715507      	4.3350188e-08
0.0715751      	4.3242176e-08
0.0715994      	4.3133974e-08
0.0716237      	4.3025861e-08
0.071648       	4.2917561e-08
0.0716723      	4.2809352e-08
0.0716966      	4.2700955e-08
0.0717209      	4.2592650e-08
0.0717452      	4.2484158e-08
0.0717694      	4.2375756e-08
0.0717937      	4.2267166e-08
0.071818       	4.2158666e-08
0.0718422      	4.2049978e-08
0.0718665      	4.1941383e-08
0.0718907      	4.1832603e-08
0.0719149      	4.1723914e-08
0.0719392      	4.1615041e-08
0.0719634      	4.1506261e-08
0.0719876      	4.1397293e-08
0.0720118      	4.1288536e-08
0.072036       	4.1179715e-08
0.0720602      	4.1070984e-08
0.0720844      	4.0962069e-08
0.0721086      	4.0853245e-08
0.0721328      	4.0744237e-08
0.072157       	4.0635319e-08
0.0721811      	4.0526215e-08
0.0722053      	4.0417203e-08
0.0722294      	4.0308006e-08
0.0722536      	4.0198900e-08
0.0722777      	4.0089611e-08
0.0723019      	3.9980416e-08
0.072326       	3.9871037e-08
0.0723501      	3.9761752e-08
0.0723742      	3.9652285e-08
0.0723983      	3.9542911e-08
0.0724224      	3.9433356e-08
0.0724465      	3.9323892e-08
0.0724706      	3.9214245e-08
0.0724947      	3.9104692e-08
0.0725188      	3.8994960e-08
0.0725428      	3.8885317e-08
0.0725669      	3.8775492e-08
0.072591       	3.8665762e-08
0.072615       	3.8555847e-08
0.0726391      	3.8446023e-08
0.0726631      	3.8336016e-08
0.0726871      	3.8226104e-08
0.0727112      	3.8116010e-08
0.0727352      	3.8006006e-08
0.0727592      	3.7895822e-08
0.0727832      	3.7785730e-08
0.0728072      	3.7675457e-08
0.0728312      	3.7565279e-08
0.0728552      	3.7454924e-08
0.0728792      	3.7344666e-08
0.0729031      	3.7234228e-08
0.0729271      	3.7123885e-08
0.0729511      	3.7013364e-08
0.072975       	3.6902936e-08
0.072999       	3.6792331e-08
0.0730229      	3.6681819e-08
0.0730469      	3.6571130e-08
0.0730708      	3.6460537e-08
0.0730947      	3.6349763e-08
0.0731186      	3.6239083e-08
0.0731425      	3.6128225e-08
0.0731665      	3.6017458e-08
0.0731904      	3.5906515e-08
0.0732143      	3.5795668e-08
0.0732381      	3.5684642e-08
0.073262       	3.5573708e-08
0.0732859      	3.5462599e-08
0.0733098      	3.5351584e-08
0.0733336      	3.5240390e-08
0.0733575      	3.5129290e-08
0.0733813      	3.5018014e-08
0.0734052      	3.4906836e-08
0.073429       	3.4795479e-08
0.0734529      	3.4684214e-08
0.0734767      	3.4572768e-08
0.0735005      	3.4461426e-08
0.0735243      	3.4349917e-08
0.0735481      	3.4238502e-08
0.0735719      	3.4126914e-08
0.0735957      	3.4015418e-08
0.0736195      	3.3903746e-08
0.0736433      	3.3792168e-08
0.0736671      	3.3680416e-08
0.0736909      	3.3568760e-08
0.0737146      	3.3456931e-08
0.0737384      	3.3345197e-08
0.0737621      	3.3233289e-08
0.0737859      	3.3121474e-08
0.0738096      	3.3009488e-08
0.0738334      	3.2897602e-08
0.0738571      	3.2785539e-08
0.0738808      	3.2673569e-08
0.0739045      	3.2561425e-08
0.0739283      	3.2449380e-08
0.073952       	3.2337165e-08
0.0739757      	3.2225047e-08
0.0739993      	3.2112756e-08
0.074023       	3.2000559e-08
0.0740467      	3.1888189e-08
0.0740704      	3.1775916e-08
0.0740941      	3.1663473e-08
0.0741177      	3.1551124e-08
0.0741414      	3.1438600e-08
0.074165       	3.1326170e-08
0.0741887      	3.1213567e-08
0.0742123      	3.1101058e-08
0.074236       	3.0988376e-08
0.0742596      	3.0875793e-08
0.0742832      	3.0763044e-08
0.0743068      	3.0650397e-08
0.0743304      	3.0537585e-08
0.074354       	3.0424869e-08
0.0743776      	3.0311988e-08
0.0744012      	3.0199199e-08
0.0744248      	3.0086244e-08
0.0744484      	2.9973385e-08
0.074472       	2.9860351e-08
0.0744955      	2.9747412e-08
0.0745191      	2.9634301e-08
0.0745426      	2.9521287e-08
0.0745662      	2.9408103e-08
0.0745897      	2.9295013e-08
0.0746133      	2.9181748e-08
0.0746368      	2.9068583e-08
0.0746603      	2.8955256e-08
0.0746839      	2.8842028e-08
0.0747074      	2.8728633e-08
0.0747309      	2.8615335e-08
0.0747544      	2.8501873e-08
0.0747779      	2.8388505e-08
0.0748014      	2.8274965e-08
0.0748249      	2.8161522e-08
0.0748483      	2.8047924e-08
0.0748718      	2.7934423e-08
0.0748953      	2.7820756e-08
0.0749187      	2.7707185e-08
0.0749422      	2.7593449e-08
0.0749656      	2.7479811e-08
0.0749891      	2.7366014e-08
0.0750125      	2.7252190e-08
0.075036       	2.7138098e-08
0.0750594      	2.7024103e-08
0.0750828      	2.6909937e-08
0.0751062      	2.6795865e-08
0.0751296      	2.6681624e-08
0.075153       	2.6567479e-08
0.0751764      	2.6453166e-08
0.0751998      	2.6338958e-08
0.0752232      	2.6224591e-08
0.0752466      	2.6110322e-08
0.07527        	2.5995891e-08
0.0752933      	2.5881555e-08
0.0753167      	2.5767056e-08
0.0753401      	2.5652651e-08
0.0753634      	2.5538087e-08
0.0753868      	2.5423631e-08
0.0754101      	2.5309019e-08
0.0754334      	2.5194511e-08
0.0754568      	2.5079844e-08
0.0754801      	2.4965275e-08
0.0755034      	2.4850540e-08
0.0755267      	2.4735893e-08
0.07555        	2.4621077e-08
0.0755733      	2.4506359e-08
0.0755966      	2.4391478e-08
0.0756199      	2.4276700e-08
0.0756432      	2.4161760e-08
0.0756665      	2.4046914e-08
0.0756897      	2.3931903e-08
0.075713       	2.3816987e-08
0.0757363      	2.3701914e-08
0.0757595      	2.3586939e-08
0.0757828      	2.3471808e-08
0.075806       	2.3356779e-08
0.0758293      	2.3241589e-08
0.0758525      	2.3126504e-08
0.0758757      	2.3011264e-08
0.0758989      	2.2896116e-08
0.0759221      	2.2780803e-08
0.0759454      	2.2665584e-08
0.0759686      	2.2550211e-08
0.0759918      	2.2434941e-08
0.076015       	2.2319673e-08
0.0760381      	2.2204596e-08
0.0760613      	2.2089351e-08
0.0760845      	2.1974194e-08
0.0761077      	2.1858871e-08
0.0761308      	2.1743651e-08
0.076154       	2.1628279e-08
0.0761771      	2.1513006e-08
0.0762003      	2.1397571e-08
0.0762234      	2.1282230e-08
0.0762466      	2.1166733e-08
0.0762697      	2.1051335e-08
0.0762928      	2.0935768e-08
0.0763159      	2.0820307e-08
0.0763391      	2.0704694e-08
0.0763622      	2.0589188e-08
0.0763853      	2.0473521e-08
0.0764084      	2.0357956e-08
0.0764315      	2.0242237e-08
0.0764545      	2.0126615e-08
0.0764776      	2.0010827e-08
0.0765007      	1.9895137e-08
0.0765238      	1.9779287e-08
0.0765468      	1.9663539e-08
0.0765699      	1.9547639e-08
0.0765929      	1.9431840e-08
0.076616       	1.9315884e-08
0.076639       	1.9200023e-08
0.0766621      	1.9084010e-08
0.0766851      	1.8968107e-08
0.0767081      	1.8852043e-08
0.0767311      	1.8736070e-08
0.0767542      	1.8619949e-08
0.0767772      	1.8503928e-08
0.0768002      	1.8387757e-08
0.0768232      	1.8271686e-08
0.0768462      	1.8155464e-08
0.0768691      	1.8039341e-08
0.0768921      	1.7923048e-08
0.0769151      	1.7806850e-08
0.0769381      	1.7690495e-08
0.076961       	1.7574236e-08
0.076984       	1.7457822e-08
0.0770069      	1.7341516e-08
0.0770299      	1.7225067e-08
0.0770528      	1.7108722e-08
0.0770758      	1.6992230e-08
0.0770987      	1.6875826e-08
0.0771216      	1.6759264e-08
0.0771445      	1.6642792e-08
0.0771675      	1.6526166e-08
0.0771904      	1.6409632e-08
0.0772133      	1.6292955e-08
0.0772362      	1.6176384e-08
0.0772591      	1.6059659e-08
0.077282       	1.5943039e-08
0.0773048      	1.5826264e-08
0.0773277      	1.5709571e-08
0.0773506      	1.5592734e-08
0.0773734      	1.5476007e-08
0.0773963      	1.5359126e-08
0.0774192      	1.5242349e-08
0.077442       	1.5125438e-08
0.0774649      	1.5008618e-08
0.0774877      	1.4891634e-08
0.0775105      	1.4774738e-08
0.0775334      	1.4657674e-08
0.0775562      	1.4540702e-08
0.077579       	1.4423596e-08
0.0776018      	1.4306595e-08
0.0776246      	1.4189439e-08
0.0776474      	1.4072372e-08
0.0776702      	1.3955143e-08
0.077693       	1.3838011e-08
0.0777158      	1.3720720e-08
0.0777386      	1.3603513e-08
0.0777613      	1.3486159e-08
0.0777841      	1.3368886e-08
0.0778069      	1.3251450e-08
0.0778296      	1.3134110e-08
0.0778524      	1.3016659e-08
0.0778751      	1.2899319e-08
0.0778979      	1.2781814e-08
0.0779206      	1.2664412e-08
0.0779433      	1.2546882e-08
0.0779661      	1.2429444e-08
0.0779888      	1.2311861e-08
0.0780115      	1.2194376e-08
0.0780342      	1.2076740e-08
0.0780569      	1.1959204e-08
0.0780796      	1.1841513e-08
0.0781023      	1.1723910e-08
0.078125       	1.1606177e-08
0.0781477      	1.1488538e-08
0.0781704      	1.1370748e-08
0.078193       	1.1253061e-08
0.0782157      	1.1135214e-08
0.0782384      	1.1017450e-08
0.078261       	1.0899539e-08
0.0782837      	1.0781738e-08
0.0783063      	1.0663812e-08
0.078329       	1.0545986e-08
0.0783516      	1.0428019e-08
0.0783742      	1.0310140e-08
0.0783969      	1.0192095e-08
0.0784195      	1.0074144e-08
0.0784421      	9.9560456e-09
0.0784647      	9.8380491e-09
0.0784873      	9.7199098e-09
0.0785099      	9.6018832e-09
0.0785325      	9.4837151e-09
0.0785551      	9.3656537e-09
0.0785777      	9.2474382e-09
0.0786003      	9.1293025e-09
0.0786228      	9.0110324e-09
0.0786454      	8.8928544e-09
0.078668       	8.7745172e-09
0.0786905      	8.6562858e-09
0.0787131      	8.5379002e-09
0.0787356      	8.4196016e-09
0.0787582      	8.3011676e-09
0.0787807      	8.1828350e-09
0.0788032      	8.0643317e-09
0.0788258      	7.9459354e-09
0.0788483      	7.8274023e-09
0.0788708      	7.7089832e-09
0.0788933      	7.5904063e-09
0.0789158      	7.4719238e-09
0.0789383      	7.3533058e-09
0.0789608      	7.2347858e-09
0.0789833      	7.1161087e-09
0.0790058      	6.9974533e-09
0.0790283      	6.8785061e-09
0.0790508      	6.7596418e-09
0.0790732      	6.6406599e-09
0.0790957      	6.5218110e-09
0.0791182      	6.4028709e-09
0.0791406      	6.2840219e-09
0.0791631      	6.1650079e-09
0.0791855      	6.0461122e-09
0.0792079      	5.9270791e-09
0.0792304      	5.8081567e-09
0.0792528      	5.6890680e-09
0.0792752      	5.5700822e-09
0.0792977      	5.4509619e-09
0.0793201      	5.3319232e-09
0.0793425      	5.2127398e-09
0.0793649      	5.0936775e-09
0.0793873      	4.9744838e-09
0.0794097      	4.8553958e-09
0.0794321      	4.7361611e-09
0.0794544      	4.6170324e-09
0.0794768      	4.4977363e-09
0.0794992      	4.3785293e-09
0.0795216      	4.2591896e-09
0.0795439      	4.1399598e-09
0.0795663      	4.0206151e-09
0.0795886      	3.9013836e-09
0.079611       	3.7820580e-09
0.0796333      	3.6628101e-09
0.0796557      	3.5434337e-09
0.079678       	3.4242135e-09
0.0797003      	3.3048597e-09
0.0797227      	3.1856385e-09
0.079745       	3.0662693e-09
0.0797673      	2.9469992e-09
0.0797896      	2.8275715e-09
0.0798119      	2.7082152e-09
0.0798342      	2.5887281e-09
0.0798565      	2.4693772e-09
0.0798788      	2.3499135e-09
0.0799011      	2.2305738e-09
0.0799233      	2.1110787e-09
0.0799456      	1.9916755e-09
0.0799679      	1.8721427e-09
0.0799901      	1.7526960e-09
0.0800124      	1.6187173e-09
0.0800347      	1.4733875e-09
0.0800569      	1.3279701e-09
0.0800792      	1.1827139e-09
0.0801014      	1.0373789e-09
0.0801236      	8.9217246e-10
0.0801459      	7.4682392e-10
0.0801681      	6.0157135e-10
0.0801904      	4.5616152e-10
0.0802126      	3.1089625e-10
0.0802348      	1.6552689e-10
0.0802571      	2.0237807e-11
0.0802793      	-1.2518490e-10
0.0803015      	-2.7052949e-10
0.0803237      	-4.1594094e-10
0.0803459      	-5.6125259e-10
0.0803681      	-7.0674881e-10
0.0803904      	-8.5216485e-10
0.0804126      	-9.9769516e-10
0.0804348      	-1.1431453e-09
0.080457       	-1.2887855e-09
0.0804792      	-1.4343548e-09
0.0805014      	-1.5800668e-09
0.0805236      	-1.7256687e-09
0.0805458      	-1.8713573e-09
0.080568       	-2.0169554e-09
0.0805901      	-2.1626854e-09
0.0806123      	-2.3083423e-09
0.0806345      	-2.4541616e-09
0.0806567      	-2.5998994e-09
0.0806789      	-2.7458278e-09
0.080701       	-2.8916875e-09
0.0807232      	-3.0376578e-09
0.0807454      	-3.1835518e-09
0.0807675      	-3.3295937e-09
0.0807897      	-3.4755304e-09
0.0808119      	-3.6216318e-09
0.080834       	-3.7676850e-09
0.0808562      	-3.9138856e-09
0.0808783      	-4.0600124e-09
0.0809005      	-4.2062539e-09
0.0809226      	-4.3524498e-09
0.0809448      	-4.4987846e-09
0.0809669      	-4.6450108e-09
0.0809891      	-4.7913799e-09
0.0810112      	-4.9377444e-09
0.0810333      	-5.0843610e-09
0.0810555      	-5.2309076e-09
0.0810776      	-5.3776036e-09
0.0810997      	-5.5241888e-09
0.0811218      	-5.6709030e-09
0.0811439      	-5.8175906e-09
0.0811661      	-5.9643147e-09
0.0811882      	-6.1108940e-09
0.0812103      	-6.2576381e-09
0.0812324      	-6.4042862e-09
0.0812545      	-6.5510917e-09
0.0812766      	-6.6978110e-09
0.0812987      	-6.8446337e-09
0.0813208      	-6.9913717e-09
0.0813429      	-7.1382892e-09
0.081365       	-7.2851327e-09
0.0813871      	-7.4321048e-09
0.0814092      	-7.5790024e-09
0.0814313      	-7.7260628e-09
0.0814534      	-7.8730264e-09
0.0814754      	-8.0201423e-09
0.0814975      	-8.1671421e-09
0.0815196      	-8.3142208e-09
0.0815417      	-8.4612012e-09
0.0815637      	-8.6083078e-09
0.0815858      	-8.7553488e-09
0.0816079      	-8.9025193e-09
0.0816299      	-9.0495997e-09
0.081652       	-9.1967967e-09
0.081674       	-9.3439238e-09
0.0816961      	-9.4912347e-09
0.0817182      	-9.6385136e-09
0.0817402      	-9.7859213e-09
0.0817623      	-9.9332527e-09
0.0817843      	-1.0080754e-08
0.0818063      	-1.0228174e-08
0.0818284      	-1.0375692e-08
0.0818504      	-1.0523130e-08
0.0818724      	-1.0670653e-08
0.0818945      	-1.0818087e-08
0.0819165      	-1.0965657e-08
0.0819385      	-1.1113063e-08
0.0819606      	-1.1260645e-08
0.0819826      	-1.1408144e-08
0.0820046      	-1.1555745e-08
0.0820266      	-1.1703251e-08
0.0820486      	-1.1850874e-08
0.0820706      	-1.1998413e-08
0.0820926      	-1.2146120e-08
0.0821146      	-1.2293763e-08
0.0821366      	-1.2441510e-08
0.0821586      	-1.2589149e-08
0.0821806      	-1.2736867e-08
0.0822026      	-1.2884536e-08
0.0822246      	-1.3032360e-08
0.0822466      	-1.3180062e-08
0.0822686      	-1.3327891e-08
0.0822906      	-1.3475599e-08
0.0823126      	-1.3623453e-08
0.0823346      	-1.3771195e-08
0.0823565      	-1.3919027e-08
0.0823785      	-1.4066770e-08
0.0824005      	-1.4214671e-08
0.0824224      	-1.4362498e-08
0.0824444      	-1.4510429e-08
0.0824664      	-1.4658325e-08
0.0824883      	-1.4806390e-08
0.0825103      	-1.4954359e-08
0.0825323      	-1.5102446e-08
0.0825542      	-1.5250388e-08
0.0825762      	-1.5398414e-08
0.0825981      	-1.5546335e-08
0.08262        	-1.5694406e-08
0.082642       	-1.5842361e-08
0.0826639      	-1.5990463e-08
0.0826859      	-1.6138455e-08
0.0827078      	-1.6286567e-08
0.0827297      	-1.6434620e-08
0.0827517      	-1.6582818e-08
0.0827736      	-1.6730959e-08
0.0827955      	-1.6879217e-08
0.0828174      	-1.7027354e-08
0.0828394      	-1.7175618e-08
0.0828613      	-1.7323745e-08
0.0828832      	-1.7471912e-08
0.0829051      	-1.7619982e-08
0.082927       	-1.7768177e-08
0.0829489      	-1.7916261e-08
0.0829708      	-1.8064484e-08
0.0829927      	-1.8212584e-08
0.0830146      	-1.8360813e-08
0.0830365      	-1.8508949e-08
0.0830584      	-1.8657145e-08
0.0830803      	-1.8805236e-08
0.0831022      	-1.8953481e-08
0.0831241      	-1.9101681e-08
0.083146       	-1.9249992e-08
0.0831679      	-1.9398190e-08
0.0831897      	-1.9546497e-08
0.0832116      	-1.9694724e-08
0.0832335      	-1.9843099e-08
0.0832554      	-1.9991392e-08
0.0832772      	-2.0139779e-08
0.0832991      	-2.0288051e-08
0.0833209      	-2.0436451e-08
0.0833428      	-2.0584696e-08
0.0833647      	-2.0733044e-08
0.0833865      	-2.0881313e-08
0.0834084      	-2.1029713e-08
0.0834302      	-2.1177947e-08
0.0834521      	-2.1326288e-08
0.0834739      	-2.1474516e-08
0.0834958      	-2.1622879e-08
0.0835176      	-2.1771144e-08
0.0835394      	-2.1919534e-08
0.0835613      	-2.2067845e-08
0.0835831      	-2.2216278e-08
0.0836049      	-2.2364575e-08
0.0836268      	-2.2513006e-08
0.0836486      	-2.2661339e-08
0.0836704      	-2.2809772e-08
0.0836922      	-2.2958174e-08
0.0837141      	-2.3106692e-08
0.0837359      	-2.3255121e-08
0.0837577      	-2.3403598e-08
0.0837795      	-2.3551908e-08
0.0838013      	-2.3700318e-08
0.0838231      	-2.3848642e-08
0.0838449      	-2.3997085e-08
0.0838667      	-2.4145433e-08
0.0838885      	-2.4293872e-08
0.0839103      	-2.4442216e-08
0.0839321      	-2.4590680e-08
0.0839539      	-2.4739016e-08
0.0839757      	-2.4887443e-08
0.0839975      	-2.5035785e-08
0.0840192      	-2.5184059e-08
0.084041       	-2.5332199e-08
0.0840628      	-2.5480425e-08
0.0840846      	-2.5628544e-08
0.0841063      	-2.5776805e-08
0.0841281      	-2.5924915e-08
0.0841499      	-2.6073154e-08
0.0841716      	-2.6221269e-08
0.0841934      	-2.6369514e-08
0.0842152      	-2.6517638e-08
0.0842369      	-2.6665866e-08
0.0842587      	-2.6813929e-08
0.0842804      	-2.6962166e-08
0.0843022      	-2.7110263e-08
0.0843239      	-2.7258481e-08
0.0843457      	-2.7406564e-08
0.0843674      	-2.7554763e-08
0.0843892      	-2.7702897e-08
0.0844109      	-2.7851132e-08
0.0844326      	-2.7999258e-08
0.0844544      	-2.8147448e-08
0.0844761      	-2.8295552e-08
0.0844978      	-2.8443781e-08
0.0845195      	-2.8591896e-08
0.0845413      	-2.8740086e-08
0.084563       	-2.8888143e-08
0.0845847      	-2.9036284e-08
0.0846064      	-2.9184296e-08
0.0846281      	-2.9332433e-08
0.0846498      	-2.9480467e-08
0.0846715      	-2.9628575e-08
0.0846932      	-2.9776587e-08
0.0847149      	-2.9924725e-08
0.0847366      	-3.0072765e-08
0.0847583      	-3.0220897e-08
0.08478        	-3.0368917e-08
0.0848017      	-3.0517042e-08
0.0848234      	-3.0665031e-08
0.0848451      	-3.0813120e-08
0.0848668      	-3.0961086e-08
0.0848885      	-3.1109134e-08
0.0849101      	-3.1257079e-08
0.0849318      	-3.1405144e-08
0.0849535      	-3.1553124e-08
0.0849752      	-3.1701210e-08
0.0849968      	-3.1849167e-08
0.0850185      	-3.1997401e-08
0.0850402      	-3.2145528e-08
0.0850618      	-3.2293728e-08
0.0850835      	-3.2441814e-08
0.0851051      	-3.2589991e-08
0.0851268      	-3.2738079e-08
0.0851484      	-3.2886251e-08
0.0851701      	-3.3034302e-08
0.0851917      	-3.3182440e-08
0.0852134      	-3.3330483e-08
0.085235       	-3.3478643e-08
0.0852567      	-3.3626682e-08
0.0852783      	-3.3774828e-08
0.0852999      	-3.3922873e-08
0.0853216      	-3.4071023e-08
0.0853432      	-3.4219058e-08
0.0853648      	-3.4367181e-08
0.0853864      	-3.4515182e-08
0.0854081      	-3.4663279e-08
0.0854297      	-3.4811252e-08
0.0854513      	-3.4959339e-08
0.0854729      	-3.5107312e-08
0.0854945      	-3.5255381e-08
0.0855161      	-3.5403338e-08
0.0855378      	-3.5551392e-08
0.0855594      	-3.5699346e-08
0.085581       	-3.5847415e-08
0.0856026      	-3.5995385e-08
0.0856242      	-3.6143451e-08
0.0856458      	-3.6291405e-08
0.0856673      	-3.6439460e-08
0.0856889      	-3.6587391e-08
0.0857105      	-3.6735433e-08
0.0857321      	-3.6883341e-08
0.0857537      	-3.7031351e-08
0.0857753      	-3.7179241e-08
0.0857968      	-3.7327221e-08
0.0858184      	-3.7475075e-08
0.08584        	-3.7623034e-08
0.0858616      	-3.7770874e-08
0.0858831      	-3.7918806e-08
0.0859047      	-3.8066621e-08
0.0859263      	-3.8214530e-08
0.0859478      	-3.8362333e-08
0.0859694      	-3.8510233e-08
0.0859909      	-3.8658024e-08
0.0860125      	-3.8805910e-08
0.086034       	-3.8953685e-08
0.0860556      	-3.9101552e-08
0.0860771      	-3.9249305e-08
0.0860987      	-3.9397149e-08
0.0861202      	-3.9544869e-08
0.0861418      	-3.9692689e-08
0.0861633      	-3.9840403e-08
0.0861848      	-3.9988216e-08
0.0862064      	-4.0135915e-08
0.0862279      	-4.0283712e-08
0.0862494      	-4.0431398e-08
0.0862709      	-4.0579180e-08
0.0862925      	-4.0726851e-08
0.086314       	-4.0874614e-08
0.0863355      	-4.1022261e-08
0.086357       	-4.1170005e-08
0.0863785      	-4.1317638e-08
0.0864         	-4.1465361e-08
0.0864215      	-4.1612969e-08
0.086443       	-4.1760675e-08
0.0864645      	-4.1908264e-08
0.086486       	-4.2055952e-08
0.0865075      	-4.2203520e-08
0.086529       	-4.2351183e-08
0.0865505      	-4.2498733e-08
0.086572       	-4.2646376e-08
0.0865935      	-4.2793909e-08
0.086615       	-4.2941528e-08
0.0866365      	-4.3089033e-08
0.086658       	-4.3236634e-08
0.0866794      	-4.3384122e-08
0.0867009      	-4.3531703e-08
0.0867224      	-4.3679169e-08
0.0867438      	-4.3826732e-08
0.0867653      	-4.3974182e-08
0.0867868      	-4.4121726e-08
0.0868082      	-4.4269158e-08
0.0868297      	-4.4416681e-08
0.0868512      	-4.4564091e-08
0.0868726      	-4.4711593e-08
0.0868941      	-4.4858980e-08
0.0869155      	-4.5006458e-08
0.086937       	-4.5153823e-08
0.0869584      	-4.5301281e-08
0.0869799      	-4.5448627e-08
0.0870013      	-4.5596063e-08
0.0870227      	-4.5743386e-08
0.0870442      	-4.5890801e-08
0.0870656      	-4.6038102e-08
0.0870871      	-4.6185496e-08
0.0871085      	-4.6332776e-08
0.0871299      	-4.6480149e-08
0.0871513      	-4.6627409e-08
0.0871728      	-4.6774762e-08
0.0871942      	-4.6922003e-08
0.0872156      	-4.7069334e-08
0.087237       	-4.7216553e-08
0.0872584      	-4.7363863e-08
0.0872798      	-4.7511060e-08
0.0873012      	-4.7658348e-08
0.0873226      	-4.7805522e-08
0.087344       	-4.7952789e-08
0.0873654      	-4.8099945e-08
0.0873868      	-4.8247191e-08
0.0874082      	-4.8394324e-08
0.0874296      	-4.8541548e-08
0.087451       	-4.8688660e-08
0.0874724      	-4.8835862e-08
0.0874938      	-4.8982952e-08
0.0875152      	-4.9130131e-08
0.0875366      	-4.9277200e-08
0.087558       	-4.9424359e-08
0.0875793      	-4.9571405e-08
0.0876007      	-4.9718542e-08
0.0876221      	-4.9865567e-08
0.0876434      	-5.0012683e-08
0.0876648      	-5.0159687e-08
0.0876862      	-5.0306782e-08
0.0877075      	-5.0453764e-08
0.0877289      	-5.0600836e-08
0.0877503      	-5.0747796e-08
0.0877716      	-5.0894845e-08
0.087793       	-5.1041782e-08
0.0878143      	-5.1188809e-08
0.0878357      	-5.1335724e-08
0.087857       	-5.1482729e-08
0.0878784      	-5.1629622e-08
0.0878997      	-5.1776604e-08
0.087921       	-5.1923475e-08
0.0879424      	-5.2070434e-08
0.0879637      	-5.2217281e-08
0.087985       	-5.2364218e-08
0.0880064      	-5.2510979e-08
0.0880277      	-5.2657683e-08
0.088049       	-5.2804276e-08
0.0880703      	-5.2950958e-08
0.0880917      	-5.3097529e-08
0.088113       	-5.3244188e-08
0.0881343      	-5.3390736e-08
0.0881556      	-5.3537372e-08
0.0881769      	-5.3683896e-08
0.0881982      	-5.3830508e-08
0.0882195      	-5.3977007e-08
0.0882408      	-5.4123595e-08
0.0882621      	-5.4270071e-08
0.0882834      	-5.4416635e-08
0.0883047      	-5.4563087e-08
0.088326       	-5.4709627e-08
0.0883473      	-5.4856054e-08
0.0883686      	-5.5002571e-08
0.0883899      	-5.5148974e-08
0.0884112      	-5.5295467e-08
0.0884325      	-5.5441845e-08
0.0884537      	-5.5588313e-08
0.088475       	-5.5734668e-08
0.0884963      	-5.5881110e-08
0.0885176      	-5.6027439e-08
0.0885388      	-5.6173856e-08
0.0885601      	-5.6320157e-08
0.0885814      	-5.6466546e-08
0.0886026      	-5.6612821e-08
0.0886239      	-5.6759184e-08
0.0886452      	-5.6905432e-08
0.0886664      	-5.7051767e-08
0.0886877      	-5.7197987e-08
0.0887089      	-5.7344296e-08
0.0887302      	-5.7490491e-08
0.0887514      	-5.7636772e-08
0.0887727      	-5.7782940e-08
0.0887939      	-5.7929194e-08
0.0888151      	-5.8075334e-08
0.0888364      	-5.8221561e-08
0.0888576      	-5.8367673e-08
0.0888788      	-5.8513870e-08
0.0889001      	-5.8659952e-08
0.0889213      	-5.8806119e-08
0.0889425      	-5.8952170e-08
0.0889637      	-5.9098305e-08
0.088985       	-5.9244324e-08
0.0890062      	-5.9390489e-08
0.0890274      	-5.9536685e-08
0.0890486      	-5.9682965e-08
0.0890698      	-5.9829127e-08
0.089091       	-5.9975373e-08
0.0891122      	-6.0121501e-08
0.0891334      	-6.0267711e-08
0.0891546      	-6.0413804e-08
0.0891758      	-6.0559977e-08
0.089197       	-6.0706034e-08
0.0892182      	-6.0852171e-08
0.0892394      	-6.0998190e-08
0.0892606      	-6.1144290e-08
0.0892818      	-6.1290270e-08
0.089303       	-6.1436328e-08
0.0893242      	-6.1582265e-08
0.0893454      	-6.1728279e-08
0.0893665      	-6.1874173e-08
0.0893877      	-6.2020143e-08
0.0894089      	-6.2165992e-08
0.0894301      	-6.2311916e-08
0.0894512      	-6.2457717e-08
0.0894724      	-6.2603590e-08
0.0894936      	-6.2749338e-08
0.0895147      	-6.2895158e-08
0.0895359      	-6.3040851e-08
0.089557       	-6.3186614e-08
0.0895782      	-6.3332247e-08
0.0895994      	-6.3477948e-08
0.0896205      	-6.3623518e-08
0.0896417      	-6.3769152e-08
0.0896628      	-6.3914652e-08
0.0896839      	-6.4060215e-08
0.0897051      	-6.4205642e-08
0.0897262      	-6.4351126e-08
0.0897474      	-6.4496469e-08
0.0897685      	-6.4641867e-08
0.0897896      	-6.4787120e-08
0.0898108      	-6.4932421e-08
0.0898319      	-6.5077571e-08
0.089853       	-6.5222763e-08
0.0898741      	-6.5367799e-08
0.0898953      	-6.5512872e-08
0.0899164      	-6.5657779e-08
0.0899375      	-6.5802716e-08
0.0899586      	-6.5947479e-08
0.0899797      	-6.6092254e-08
0.0900008      	-6.6236840e-08
0.0900219      	-6.6381430e-08
0.090043       	-6.6525819e-08
0.0900641      	-6.6670193e-08
0.0900852      	-6.6814342e-08
0.0901063      	-6.6958446e-08
0.0901274      	-6.7102295e-08
0.0901485      	-6.7246070e-08
0.0901696      	-6.7389551e-08
0.0901907      	-6.7532905e-08
0.0902118      	-6.7675908e-08
0.0902329      	-6.7818711e-08
0.090254       	-6.7961066e-08
0.090275       	-6.8103104e-08
0.0902961      	-6.8244540e-08
0.0903172      	-6.8385451e-08
0.0903383      	-6.8525473e-08
0.0903593      	-6.8664549e-08
0.0903804      	-6.8802112e-08
0.0904012      	-6.8935691e-08
0.0904196      	-6.9052062e-08
0.0904359      	-6.9151798e-08
0.0904501      	-6.9235055e-08
0.0904624      	-6.9302361e-08
0.0904729      	-6.9354055e-08
0.0904818      	-6.9390572e-08
0.0904893      	-6.9412180e-08
0.0904956      	-6.9419131e-08
0.0905008      	-6.9410669e-08
0.090505       	-6.9385934e-08
0.0905086      	-6.9343487e-08
0.0905115      	-6.9282221e-08
0.0905138      	-6.9200012e-08
0.0905157      	-6.9091492e-08
0.0905173      	-6.8951000e-08
0.0905186      	-6.8771549e-08
0.0905196      	-6.8546800e-08
0.0905204      	-6.8263780e-08
0.0905211      	-6.7906929e-08
0.0905216      	-6.7457839e-08
0.090522       	-6.6896368e-08
0.0905224      	-6.6197404e-08
0.0905227      	-6.5327461e-08
0.0905229      	-6.4243504e-08
0.0905231      	-6.2893886e-08
0.0905232      	-6.1210618e-08
0.0905233      	-5.9112224e-08
0.0905234      	-5.6498573e-08
0.0905235      	-5.3245840e-08
0.0905236      	-4.9196369e-08
0.0905236      	-4.4153975e-08
0.0905237      	-3.7871845e-08
0.0905237      	-3.0049401e-08
0.0905237      	-2.0312344e-08
0.0905237      	-8.1808655e-09
0.0905238      	6.9364513e-09
0.0905238      	2.5754392e-08
0.0905238      	4.9212974e-08
0.0905238      	7.8415301e-08
0.0905238      	1.1478939e-07
0.0905238      	1.6008892e-07
0.0905238      	2.1650669e-07
0.0905238      	2.8677040e-07
0.0905238      	3.7427879e-07
0.0905238      	4.8326509e-07
0.0905238      	6.1900390e-07
0.0905238      	7.8805951e-07
0.0905238      	9.9861193e-07
0.0905238      	1.2608490e-06
0.0905238      	1.5874515e-06
0.0905238      	1.9942243e-06
0.0905238      	2.5008374e-06
0.0905238      	3.1318153e-06
0.0905238      	3.9176587e-06
0.0905238      	4.8964233e-06
0.0905238      	6.1154033e-06
0.0905238      	7.6336575e-06
0.0905238      	9.5245065e-06
0.0905238      	1.1879620e-05
0.0905238      	1.4812650e-05
0.0905238      	1.8465912e-05
0.0905238      	2.3015529e-05
0.0905238      	2.8682509e-05
0.0905238      	3.5739694e-05
0.0905238      	4.4530421e-05
0.0905238      	5.5477184e-05
0.0905238      	6.9113619e-05
0.0905238      	8.6093345e-05
0.0905238      	1.0724636e-04
0.0905238      	1.3358507e-04
0.0905238      	1.6639752e-04
0.0905238      	2.0725377e-04
0.0905238      	2.5815209e-04
0.0905238      	3.2152773e-04
0.0905238      	4.0048056e-04
0.0905238      	4.9878798e-04
0.0905238      	6.2125861e-04
0.0905238      	7.7375176e-04
0.0905238      	9.6372666e-04
0.0905238      	1.2002720e-03
0.0905238      	1.4949586e-03
0.0905238      	1.8618847e-03
0.0905238      	2.3189989e-03
0.0905238      	2.8881698e-03
0.0905238      	3.5972394e-03
0.0905238      	4.4801299e-03
0.0905238      	5.5800296e-03
0.0905238      	6.9495579e-03
0.0905238      	8.6557083e-03
0.0905238      	1.0780103e-02
0.0905238      	1.3426661e-02
0.0905238      	1.6721995e-02
0.0905238      	2.0827302e-02
0.0905238      	2.5938980e-02
0.0905238      	3.2307081e-02
0.0905238      	4.0236250e-02
0.0905238      	5.0114366e-02
0.0905238      	6.2413990e-02
0.0905238      	7.7736797e-02
0.0905238      	9.6815814e-02
0.0905238      	1.2058436e-01
0.0905238      	1.5017948e-01
0.0905238      	1.8704894e-01
0.0905238      	2.3295651e-01
0.0905238      	2.9014794e-01
0.0905238      	3.6135917e-01
0.0905238      	4.5007378e-01
0.0905238      	5.6053573e-01
0.0905238      	6.9814868e-01
0.0905238      	8.6949583e-01
0.0905238      	1.0829593e+00
0.0905238      	1.3487508e+00
0.0905238      	1.6798725e+00
0.0905238      	2.0921648e+00
0.0905238      	2.6057966e+00
0.0905238      	3.2453391e+00
0.0905238      	4.0420782e+00
0.0905238      	5.0341282e+00
0.0905238      	6.2700196e+00
0.0905238      	7.8088748e+00
0.0905238      	9.7259736e+00
0.0905238      	1.2113026e+01
0.0905238      	1.5086805e+01
0.0905238      	1.8789570e+01
0.0905238      	2.3402457e+01
0.0905238      	2.9146138e+01
0.0905238      	3.6301590e+01
0.0905238      	4.5211114e+01
0.0905238      	5.6310559e+01
0.0905238      	7.0130897e+01
0.0905238      	8.7348212e+01
0.0905238      	1.0878614e+02
0.0905238      	1.3549342e+02
0.0905238      	1.6874766e+02
0.0905238      	2.1017565e+02
0.0905238      	2.6175920e+02
0.0905238      	3.2602176e+02
0.0905238      	4.0603749e+02
0.0905238      	5.0572074e+02
0.0905238      	6.2984012e+02
0.0905238      	7.8446750e+02
0.0905238      	9.7699987e+02
0.0905238      	1.2168559e+03
0.0905238      	1.5155096e+03
0.0905238      	1.8875711e+03
0.0905238      	2.3508390e+03
0.0905238      	2.9279760e+03
0.0905238      	3.6465911e+03
0.0905238      	4.5418386e+03
0.0905238      	5.6565451e+03
0.0905238      	7.0452415e+03
0.0905238      	8.7743598e+03
0.0905238      	1.0928488e+04
0.0905238      	1.3610674e+04
0.0905238      	1.6952129e+04
0.0905238      	2.1112702e+04
0.0905238      	2.6295925e+04
0.0905238      	3.2749750e+04
0.0905238      	4.0789899e+04
0.0905238      	5.0800991e+04
0.0905238      	6.3272766e+04
0.0905238      	7.8801842e+04
0.0905238      	9.8147899e+04
0.0905238      	1.2223640e+05
0.0905238      	1.5224576e+05
0.0905238      	1.8961153e+05
0.0905238      	2.3616165e+05
0.0905238      	2.9412296e+05
0.0905238      	3.6633091e+05
0.0905238      	4.5623974e+05
0.0905238      	5.6824779e+05
0.0905238      	7.0771320e+05
0.0905238      	8.8145864e+05
0.0905238      	1.0977956e+06
0.0905238      	1.3673073e+06
0.0905238      	1.7028864e+06
0.0905238      	2.1209494e+06
0.0905238      	2.6414954e+06
0.0905238      	3.2899894e+06
0.0905238      	4.0974536e+06
0.0905238      	5.1033891e+06
0.0905238      	6.3559171e+06
0.0905238      	7.9163114e+06
0.0905238      	9.8592167e+06
0.0905238      	1.2279680e+07
0.0905238      	1.5293490e+07
0.0905238      	1.9048082e+07
0.0905238      	2.3723064e+07
0.0905238      	2.9547139e+07
0.0905238      	3.6798911e+07
0.0905238      	4.5833141e+07
0.0905238      	5.7081997e+07
0.0905238      	7.1095777e+07
0.0905238      	8.8544858e+07
0.0905238      	1.1028285e+08
0.0905238      	1.3734964e+08
0.0905238      	1.7106934e+08
0.0905238      	2.1305499e+08
0.0905238      	2.6536055e+08
0.0905238      	3.3048816e+08
0.0905238      	4.1162387e+08
0.0905238      	5.1264897e+08
0.0905238      	6.3850564e+08
0.0905238      	7.9521447e+08
0.0905238      	9.9044171e+08
0.0905238      	1.2335264e+09
0.0905238      	1.5363604e+09
0.0905238      	1.9134303e+09
0.0905238      	2.3831825e+09
0.0905238      	2.9680884e+09
0.0905238      	3.6967619e+09
0.0905238      	4.6040605e+09
0.0905238      	5.7343694e+09
0.0905238      	7.1417593e+09
0.0905238      	8.8950799e+09
0.0905238      	1.1078205e+10
0.0905238      	1.3797933e+10
0.0905238      	1.7184369e+10
0.0905238      	2.1403176e+10
0.0905238      	2.6656171e+10
0.0905238      	3.3200331e+10
0.0905238      	4.1348709e+10
0.0905238      	5.1499925e+10
0.0905238      	6.4139584e+10
0.0905238      	7.9886020e+10
0.0905238      	9.9492495e+10
