# Region type : patch Lc1_sub2
# Faces        : 94
# Area         : 1.9053909e-06
# Scale factor : 1.0000000e+00
# Time         	sum(phi)
6e-05          	8.3141041e-11
0.000132       	1.8346571e-10
0.0002184      	3.0398370e-10
0.00032208     	4.4979691e-10
0.000446496    	6.2591438e-10
0.000595795    	8.4038925e-10
0.000774954    	1.1013511e-09
0.000989945    	1.4216967e-09
0.00124793     	1.8150957e-09
0.00155752     	2.3027654e-09
0.00192903     	2.9080552e-09
0.00237483     	3.6663218e-09
0.0029098      	4.6175754e-09
0.00355176     	5.8215858e-09
0.00429765     	7.2977677e-09
0.00475382     	8.2615204e-09
0.00497048     	8.7285122e-09
0.00518408     	9.1980749e-09
0.00542151     	9.7236394e-09
0.00568516     	1.0318122e-08
0.00595414     	1.0929816e-08
0.0062144      	1.1533244e-08
0.00646879     	1.2127199e-08
0.00672414     	1.2733357e-08
0.00698347     	1.3352422e-08
0.0072456      	1.3987478e-08
0.0075082      	1.4626772e-08
0.00777027     	1.5274121e-08
0.00803213     	1.5923645e-08
0.00829441     	1.6583138e-08
0.00855734     	1.7246588e-08
0.00882083     	1.7920116e-08
0.00908463     	1.8596756e-08
0.00934861     	1.9282773e-08
0.00961272     	1.9971107e-08
0.00987701     	2.0668288e-08
0.0101415      	2.1367411e-08
0.0104061      	2.2074908e-08
0.0106708      	2.2784479e-08
0.0109356      	2.3502615e-08
0.0112005      	2.4222800e-08
0.0114655      	2.4951570e-08
0.0117307      	2.5682410e-08
0.0119958      	2.6421869e-08
0.0122611      	2.7164259e-08
0.0125265      	2.7915359e-08
0.0127919      	2.8668645e-08
0.0130543      	2.9421749e-08
0.0133099      	3.0156705e-08
0.0135591      	3.0881555e-08
0.0138025      	3.1591017e-08
0.01404        	3.2290790e-08
0.0142718      	3.2976245e-08
0.0144983      	3.3653102e-08
0.0147199      	3.4316360e-08
0.0149367      	3.4972112e-08
0.0151492      	3.5614896e-08
0.0153574      	3.6250807e-08
0.0155616      	3.6875360e-08
0.0157619      	3.7494020e-08
0.0159587      	3.8102185e-08
0.016152       	3.8705075e-08
0.0163419      	3.9298201e-08
0.0165288      	3.9886565e-08
0.0167125      	4.0465805e-08
0.0168934      	4.1040737e-08
0.0170714      	4.1607428e-08
0.0172468      	4.2170666e-08
0.0174196      	4.2725823e-08
0.0175899      	4.3277379e-08
0.0177578      	4.3821299e-08
0.0179234      	4.4361923e-08
0.0180867      	4.4894901e-08
0.0182479      	4.5424481e-08
0.0184071      	4.5947177e-08
0.0185642      	4.6467066e-08
0.0187193      	4.6980383e-08
0.0188726      	4.7491099e-08
0.019024       	4.7995657e-08
0.0191736      	4.8498427e-08
0.0193216      	4.8995171e-08
0.0194678      	4.9489645e-08
0.0196124      	4.9978337e-08
0.0197555      	5.0464913e-08
0.019897       	5.0945935e-08
0.020037       	5.1424791e-08
0.0201755      	5.1897761e-08
0.0203126      	5.2368882e-08
0.0204484      	5.2834844e-08
0.0205828      	5.3299064e-08
0.0207159      	5.3758299e-08
0.0208477      	5.4215896e-08
0.0209783      	5.4668677e-08
0.0211076      	5.5119917e-08
0.0212358      	5.5566487e-08
0.0213628      	5.6011601e-08
0.0214886      	5.6452184e-08
0.0216134      	5.6891391e-08
0.021737       	5.7326204e-08
0.0218597      	5.7759720e-08
0.0219812      	5.8188974e-08
0.0221018      	5.8617593e-08
0.0222213      	5.9042171e-08
0.0223399      	5.9465576e-08
0.0224576      	5.9884942e-08
0.0225742      	6.0303199e-08
0.02269        	6.0717524e-08
0.0228049      	6.1130802e-08
0.0229189      	6.1540253e-08
0.023032       	6.1948522e-08
0.0231443      	6.2352572e-08
0.0232558      	6.2755683e-08
0.0233664      	6.3155156e-08
0.0234763      	6.3553730e-08
0.0235853      	6.3948749e-08
0.0236936      	6.4342912e-08
0.0238011      	6.4733604e-08
0.0239079      	6.5123485e-08
0.024014       	6.5509977e-08
0.0241193      	6.5895699e-08
0.0242239      	6.6278102e-08
0.0243279      	6.6659767e-08
0.0244311      	6.7038181e-08
0.0245337      	6.7415892e-08
0.0246356      	6.7790418e-08
0.0247369      	6.8164276e-08
0.0248375      	6.8535017e-08
0.0249375      	6.8905125e-08
0.0250369      	6.9272425e-08
0.0251357      	6.9639531e-08
0.0252339      	7.0003636e-08
0.0253315      	7.0367158e-08
0.0254285      	7.0727739e-08
0.0255249      	7.1087764e-08
0.0256208      	7.1444904e-08
0.0257161      	7.1801516e-08
0.0258108      	7.2155297e-08
0.0259051      	7.2508579e-08
0.0259987      	7.2859085e-08
0.0260919      	7.3208488e-08
0.0261846      	7.3555155e-08
0.0262767      	7.3901374e-08
0.0263683      	7.4244908e-08
0.0264595      	7.4588011e-08
0.0265501      	7.4928472e-08
0.0266403      	7.5268522e-08
0.02673        	7.5605976e-08
0.0268192      	7.5943039e-08
0.0269079      	7.6277551e-08
0.0269962      	7.6611694e-08
0.0270841      	7.6943925e-08
0.0271715      	7.7275827e-08
0.0272584      	7.7605249e-08
0.027345       	7.7934331e-08
0.0274311      	7.8260973e-08
0.0275167      	7.8587291e-08
0.027602       	7.8911206e-08
0.0276868      	7.9234813e-08
0.0277713      	7.9556056e-08
0.0278553      	7.9877009e-08
0.0279389      	8.0195635e-08
0.0280222      	8.0513825e-08
0.028105       	8.0829272e-08
0.0281875      	8.1144461e-08
0.0282696      	8.1457391e-08
0.0283513      	8.1770070e-08
0.0284326      	8.2080519e-08
0.0285136      	8.2390727e-08
0.0285942      	8.2698736e-08
0.0286744      	8.3006515e-08
0.0287543      	8.3312125e-08
0.0288339      	8.3617520e-08
0.0289131      	8.3920775e-08
0.0289919      	8.4223830e-08
0.0290705      	8.4524775e-08
0.0291486      	8.4825527e-08
0.0292265      	8.5124194e-08
0.029304       	8.5422675e-08
0.0293812      	8.5719096e-08
0.0294581      	8.6015340e-08
0.0295346      	8.6309548e-08
0.0296109      	8.6603589e-08
0.0296868      	8.6895620e-08
0.0297624      	8.7187495e-08
0.0298378      	8.7477387e-08
0.0299128      	8.7767133e-08
0.0299875      	8.8054923e-08
0.0300619      	8.8343066e-08
0.0301361      	8.8629371e-08
0.0302099      	8.8915540e-08
0.0302834      	8.9199794e-08
0.0303567      	8.9483920e-08
0.0304297      	8.9766153e-08
0.0305024      	9.0048266e-08
0.0305748      	9.0328509e-08
0.030647       	9.0608640e-08
0.0307189      	9.0886922e-08
0.0307905      	9.1165102e-08
0.0308618      	9.1441456e-08
0.0309329      	9.1717715e-08
0.0310038      	9.1992141e-08
0.0310743      	9.2265934e-08
0.0311446      	9.2537943e-08
0.0312147      	9.2809875e-08
0.0312845      	9.3080039e-08
0.0313541      	9.3350128e-08
0.0314234      	9.3618465e-08
0.0314924      	9.3886733e-08
0.0315613      	9.4153266e-08
0.0316298      	9.4419735e-08
0.0316982      	9.4684489e-08
0.0317663      	9.4949184e-08
0.0318342      	9.5212183e-08
0.0319018      	9.5475131e-08
0.0319692      	9.5736401e-08
0.0320364      	9.5997626e-08
0.0321034      	9.6257190e-08
0.0321701      	9.6516711e-08
0.0322366      	9.6774586e-08
0.0323029      	9.7032421e-08
0.032369       	9.7288625e-08
0.0324348      	9.7544793e-08
0.0325005      	9.7799344e-08
0.0325659      	9.8053865e-08
0.0326311      	9.8306785e-08
0.0326961      	9.8559679e-08
0.0327609      	9.8810988e-08
0.0328255      	9.9062276e-08
0.0328899      	9.9311995e-08
0.0329541      	9.9561700e-08
0.0330181      	9.9810010e-08
0.0330819      	1.0005871e-07
0.0331454      	1.0030587e-07
0.0332088      	1.0055301e-07
0.033272       	1.0079863e-07
0.033335       	1.0104424e-07
0.0333978      	1.0128833e-07
0.0334604      	1.0153242e-07
0.0335229      	1.0177501e-07
0.0335851      	1.0201759e-07
0.0336472      	1.0225869e-07
0.033709       	1.0249980e-07
0.0337707      	1.0273943e-07
0.0338322      	1.0297907e-07
0.0338935      	1.0321725e-07
0.0339547      	1.0345544e-07
0.0340156      	1.0369205e-07
0.0340764      	1.0392828e-07
0.034137       	1.0416306e-07
0.0341974      	1.0439788e-07
0.0342577      	1.0463127e-07
0.0343178      	1.0486468e-07
0.0343777      	1.0509668e-07
0.0344375      	1.0532871e-07
0.034497       	1.0555933e-07
0.0345564      	1.0578998e-07
0.0346157      	1.0601924e-07
0.0346748      	1.0624854e-07
0.0347337      	1.0647645e-07
0.0347925      	1.0670439e-07
0.034851       	1.0693097e-07
0.0349095      	1.0715758e-07
0.0349678      	1.0738284e-07
0.0350259      	1.0760838e-07
0.0350838      	1.0783288e-07
0.0351416      	1.0805741e-07
0.0351993      	1.0828061e-07
0.0352568      	1.0850384e-07
0.0353141      	1.0872576e-07
0.0353713      	1.0894771e-07
0.0354284      	1.0916835e-07
0.0354853      	1.0938904e-07
0.035542       	1.0960842e-07
0.0355986      	1.0982785e-07
0.035655       	1.1004598e-07
0.0357113      	1.1026416e-07
0.0357675      	1.1048106e-07
0.0358235      	1.1069802e-07
0.0358794      	1.1091370e-07
0.0359351      	1.1112943e-07
0.0359907      	1.1134391e-07
0.0360462      	1.1155800e-07
0.0361015      	1.1177075e-07
0.0361566      	1.1198357e-07
0.0362117      	1.1219515e-07
0.0362666      	1.1240678e-07
0.0363213      	1.1261718e-07
0.0363759      	1.1282765e-07
0.0364304      	1.1303688e-07
0.0364848      	1.1324618e-07
0.036539       	1.1345425e-07
0.0365931      	1.1366239e-07
0.0366471      	1.1386932e-07
0.0367009      	1.1407632e-07
0.0367546      	1.1428211e-07
0.0368082      	1.1448798e-07
0.0368616      	1.1469265e-07
0.0369149      	1.1489739e-07
0.0369681      	1.1510095e-07
0.0370212      	1.1530458e-07
0.0370741      	1.1550704e-07
0.037127       	1.1570958e-07
0.0371797      	1.1591094e-07
0.0372322      	1.1611238e-07
0.0372847      	1.1631265e-07
0.037337       	1.1651301e-07
0.0373892      	1.1671220e-07
0.0374413      	1.1691148e-07
0.0374933      	1.1710960e-07
0.0375451      	1.1730782e-07
0.0375969      	1.1750488e-07
0.0376485      	1.1770203e-07
0.0377         	1.1789805e-07
0.0377514      	1.1809415e-07
0.0378026      	1.1828912e-07
0.0378538      	1.1848419e-07
0.0379048      	1.1867813e-07
0.0379558      	1.1887217e-07
0.0380066      	1.1906516e-07
0.0380573      	1.1925868e-07
0.0381079      	1.1945110e-07
0.0381584      	1.1964361e-07
0.0382088      	1.1983502e-07
0.038259       	1.2002652e-07
0.0383092      	1.2021693e-07
0.0383592      	1.2040743e-07
0.0384092      	1.2059684e-07
0.038459       	1.2078634e-07
0.0385087      	1.2097477e-07
0.0385583      	1.2116329e-07
0.0386079      	1.2135074e-07
0.0386573      	1.2153829e-07
0.0387066      	1.2172477e-07
0.0387558      	1.2191134e-07
0.0388049      	1.2209686e-07
0.0388539      	1.2228248e-07
0.0389028      	1.2246705e-07
0.0389516      	1.2265172e-07
0.0390003      	1.2283534e-07
0.0390488      	1.2301857e-07
0.0390973      	1.2320077e-07
0.0391457      	1.2338307e-07
0.039194       	1.2356433e-07
0.0392422      	1.2374571e-07
0.0392903      	1.2392605e-07
0.0393383      	1.2410650e-07
0.0393862      	1.2428593e-07
0.039434       	1.2446546e-07
0.0394817      	1.2464398e-07
0.0395293      	1.2482260e-07
0.0395769      	1.2500021e-07
0.0396243      	1.2517793e-07
0.0396716      	1.2535465e-07
0.0397189      	1.2553148e-07
0.039766       	1.2570730e-07
0.0398131      	1.2588324e-07
0.03986        	1.2605818e-07
0.0399069      	1.2623324e-07
0.0399537      	1.2640731e-07
0.0400004      	1.2658152e-07
0.040047       	1.2675817e-07
0.0400935      	1.2693494e-07
0.0401399      	1.2711070e-07
0.0401862      	1.2728657e-07
0.0402324      	1.2746146e-07
0.0402786      	1.2763646e-07
0.0403246      	1.2781049e-07
0.0403706      	1.2798463e-07
0.0404165      	1.2815781e-07
0.0404623      	1.2833110e-07
0.040508       	1.2850343e-07
0.0405536      	1.2867589e-07
0.0405992      	1.2884738e-07
0.0406446      	1.2901900e-07
0.04069        	1.2918967e-07
0.0407353      	1.2936046e-07
0.0407805      	1.2953031e-07
0.0408256      	1.2970029e-07
0.0408706      	1.2986933e-07
0.0409155      	1.3003850e-07
0.0409604      	1.3020674e-07
0.0410052      	1.3037511e-07
0.0410499      	1.3054255e-07
0.0410945      	1.3071012e-07
0.041139       	1.3087676e-07
0.0411835      	1.3104354e-07
0.0412279      	1.3120940e-07
0.0412721      	1.3137539e-07
0.0413164      	1.3154047e-07
0.0413605      	1.3170568e-07
0.0414045      	1.3186998e-07
0.0414485      	1.3203441e-07
0.0414924      	1.3219794e-07
0.0415362      	1.3236160e-07
0.04158        	1.3252436e-07
0.0416236      	1.3268725e-07
0.0416672      	1.3284924e-07
0.0417107      	1.3301137e-07
0.0417542      	1.3317261e-07
0.0417975      	1.3333398e-07
0.0418408      	1.3349447e-07
0.041884       	1.3365509e-07
0.0419271      	1.3381483e-07
0.0419702      	1.3397471e-07
0.0420132      	1.3413357e-07
0.0420561      	1.3429224e-07
0.0420989      	1.3445004e-07
0.0421417      	1.3460797e-07
0.0421843      	1.3476504e-07
0.042227       	1.3492225e-07
0.0422695      	1.3507859e-07
0.042312       	1.3523507e-07
0.0423544      	1.3539069e-07
0.0423967      	1.3554645e-07
0.0424389      	1.3570135e-07
0.0424811      	1.3585639e-07
0.0425232      	1.3601057e-07
0.0425653      	1.3616490e-07
0.0426073      	1.3631837e-07
0.0426492      	1.3647199e-07
0.042691       	1.3662475e-07
0.0427328      	1.3677766e-07
0.0427745      	1.3692973e-07
0.0428161      	1.3708194e-07
0.0428576      	1.3723331e-07
0.0428991      	1.3738482e-07
0.0429405      	1.3753550e-07
0.0429819      	1.3768633e-07
0.0430232      	1.3783659e-07
0.0430644      	1.3798719e-07
0.0431056      	1.3813697e-07
0.0431467      	1.3828690e-07
0.0431877      	1.3843599e-07
0.0432286      	1.3858523e-07
0.0432695      	1.3873365e-07
0.0433104      	1.3888222e-07
0.0433511      	1.3902996e-07
0.0433918      	1.3917785e-07
0.0434324      	1.3932493e-07
0.043473       	1.3947215e-07
0.0435135      	1.3961855e-07
0.0435539      	1.3976511e-07
0.0435943      	1.3991085e-07
0.0436346      	1.4005674e-07
0.0436749      	1.4020183e-07
0.0437151      	1.4034706e-07
0.0437552      	1.4049150e-07
0.0437952      	1.4063607e-07
0.0438352      	1.4077986e-07
0.0438752      	1.4092379e-07
0.0439151      	1.4106693e-07
0.0439549      	1.4121021e-07
0.0439946      	1.4135271e-07
0.0440343      	1.4149536e-07
0.0440739      	1.4163723e-07
0.0441135      	1.4177924e-07
0.044153       	1.4192047e-07
0.0441925      	1.4206185e-07
0.0442319      	1.4220244e-07
0.0442712      	1.4234319e-07
0.0443105      	1.4248316e-07
0.0443497      	1.4262328e-07
0.0443888      	1.4276262e-07
0.0444279      	1.4290212e-07
0.044467       	1.4304084e-07
0.0445059      	1.4317971e-07
0.0445449      	1.4331781e-07
0.0445837      	1.4345606e-07
0.0446225      	1.4359355e-07
0.0446613      	1.4373119e-07
0.0447         	1.4386807e-07
0.0447386      	1.4400510e-07
0.0447772      	1.4414137e-07
0.0448157      	1.4427779e-07
0.0448542      	1.4441346e-07
0.0448926      	1.4454927e-07
0.0449309      	1.4468434e-07
0.0449692      	1.4481956e-07
0.0450075      	1.4495403e-07
0.0450457      	1.4508866e-07
0.0450838      	1.4522254e-07
0.0451219      	1.4535657e-07
0.0451599      	1.4548986e-07
0.0451979      	1.4562330e-07
0.0452358      	1.4575601e-07
0.0452736      	1.4588886e-07
0.0453114      	1.4602099e-07
0.0453492      	1.4615326e-07
0.0453869      	1.4628480e-07
0.0454245      	1.4641648e-07
0.0454621      	1.4654744e-07
0.0454997      	1.4667855e-07
0.0455371      	1.4680894e-07
0.0455746      	1.4693947e-07
0.045612       	1.4706928e-07
0.0456493      	1.4719923e-07
0.0456866      	1.4732847e-07
0.0457238      	1.4745786e-07
0.045761       	1.4758654e-07
0.0457981      	1.4771536e-07
0.0458351      	1.4784347e-07
0.0458722      	1.4797172e-07
0.0459091      	1.4809927e-07
0.0459461      	1.4822697e-07
0.0459829      	1.4835396e-07
0.0460197      	1.4848087e-07
0.0460565      	1.4860687e-07
0.0460932      	1.4873301e-07
0.0461299      	1.4885846e-07
0.0461665      	1.4898406e-07
0.0462031      	1.4910896e-07
0.0462396      	1.4923401e-07
0.0462761      	1.4935837e-07
0.0463125      	1.4948288e-07
0.0463489      	1.4960669e-07
0.0463852      	1.4973065e-07
0.0464215      	1.4985392e-07
0.0464577      	1.4997735e-07
0.0464939      	1.5010008e-07
0.04653        	1.5022296e-07
0.0465661      	1.5034516e-07
0.0466021      	1.5046751e-07
0.0466381      	1.5058917e-07
0.046674       	1.5071098e-07
0.0467099      	1.5083212e-07
0.0467458      	1.5095340e-07
0.0467816      	1.5107400e-07
0.0468173      	1.5119476e-07
0.046853       	1.5131484e-07
0.0468887      	1.5143507e-07
0.0469243      	1.5155463e-07
0.0469599      	1.5167435e-07
0.0469954      	1.5179339e-07
0.0470309      	1.5191297e-07
0.0470663      	1.5203194e-07
0.0471017      	1.5215105e-07
0.047137       	1.5226950e-07
0.0471723      	1.5238811e-07
0.0472075      	1.5250605e-07
0.0472428      	1.5262413e-07
0.0472779      	1.5274156e-07
0.047313       	1.5285914e-07
0.0473481      	1.5297606e-07
0.0473831      	1.5309314e-07
0.0474181      	1.5320956e-07
0.047453       	1.5332613e-07
0.0474879      	1.5344204e-07
0.0475228      	1.5355811e-07
0.0475576      	1.5367352e-07
0.0475923      	1.5378908e-07
0.047627       	1.5390400e-07
0.0476617      	1.5401907e-07
0.0476964      	1.5413349e-07
0.0477309      	1.5424807e-07
0.0477655      	1.5436200e-07
0.0478         	1.5447608e-07
0.0478344      	1.5458952e-07
0.0478689      	1.5470312e-07
0.0479032      	1.5481608e-07
0.0479376      	1.5492919e-07
0.0479719      	1.5504167e-07
0.0480061      	1.5515429e-07
0.0480403      	1.5526629e-07
0.0480745      	1.5537844e-07
0.0481086      	1.5548996e-07
0.0481427      	1.5560163e-07
0.0481767      	1.5571268e-07
0.0482107      	1.5582388e-07
0.0482447      	1.5593445e-07
0.0482786      	1.5604517e-07
0.0483125      	1.5615527e-07
0.0483463      	1.5626552e-07
0.0483801      	1.5637515e-07
0.0484138      	1.5648493e-07
0.0484476      	1.5659409e-07
0.0484812      	1.5670341e-07
0.0485149      	1.5681211e-07
0.0485485      	1.5692096e-07
0.048582       	1.5702919e-07
0.0486155      	1.5713758e-07
0.048649       	1.5724535e-07
0.0486824      	1.5735328e-07
0.0487158      	1.5746060e-07
0.0487492      	1.5756807e-07
0.0487825      	1.5767493e-07
0.0488158      	1.5778195e-07
0.048849       	1.5788837e-07
0.0488822      	1.5799493e-07
0.0489154      	1.5810090e-07
0.0489485      	1.5820701e-07
0.0489816      	1.5831253e-07
0.0490146      	1.5841820e-07
0.0490476      	1.5852327e-07
0.0490806      	1.5862850e-07
0.0491135      	1.5873313e-07
0.0491464      	1.5883791e-07
0.0491793      	1.5894209e-07
0.0492121      	1.5904643e-07
0.0492449      	1.5915018e-07
0.0492776      	1.5925408e-07
0.0493103      	1.5935739e-07
0.049343       	1.5946085e-07
0.0493756      	1.5956373e-07
0.0494082      	1.5966675e-07
0.0494408      	1.5976919e-07
0.0494733      	1.5987178e-07
0.0495058      	1.5997379e-07
0.0495382      	1.6007595e-07
0.0495706      	1.6017752e-07
0.049603       	1.6027925e-07
0.0496353      	1.6038041e-07
0.0496676      	1.6048171e-07
0.0496999      	1.6058243e-07
0.0497321      	1.6068331e-07
0.0497643      	1.6078360e-07
0.0497965      	1.6088405e-07
0.0498286      	1.6098393e-07
0.0498607      	1.6108396e-07
0.0498927      	1.6118342e-07
0.0499247      	1.6128303e-07
0.0499567      	1.6138207e-07
0.0499886      	1.6148127e-07
0.0500206      	1.6148174e-07
0.0500524      	1.6142834e-07
0.0500843      	1.6137491e-07
0.0501162      	1.6132194e-07
0.050148       	1.6126875e-07
0.0501798      	1.6121585e-07
0.0502116      	1.6116261e-07
0.0502434      	1.6110956e-07
0.0502752      	1.6105608e-07
0.050307       	1.6100272e-07
0.0503388      	1.6094888e-07
0.0503705      	1.6089512e-07
0.0504022      	1.6084084e-07
0.0504339      	1.6078660e-07
0.0504656      	1.6073181e-07
0.0504973      	1.6067703e-07
0.050529       	1.6062169e-07
0.0505606      	1.6056634e-07
0.0505923      	1.6051041e-07
0.0506239      	1.6045446e-07
0.0506555      	1.6039792e-07
0.0506871      	1.6034134e-07
0.0507187      	1.6028415e-07
0.0507503      	1.6022692e-07
0.0507818      	1.6016907e-07
0.0508134      	1.6011118e-07
0.0508449      	1.6005266e-07
0.0508764      	1.5999408e-07
0.0509079      	1.5993487e-07
0.0509394      	1.5987560e-07
0.0509708      	1.5981568e-07
0.0510023      	1.5975573e-07
0.0510337      	1.5969552e-07
0.0510652      	1.5963524e-07
0.0510966      	1.5957431e-07
0.051128       	1.5951330e-07
0.0511594      	1.5945164e-07
0.0511907      	1.5938989e-07
0.0512221      	1.5932749e-07
0.0512534      	1.5926500e-07
0.0512848      	1.5920186e-07
0.0513161      	1.5913863e-07
0.0513474      	1.5907474e-07
0.0513787      	1.5901076e-07
0.0514099      	1.5894612e-07
0.0514412      	1.5888139e-07
0.0514725      	1.5881600e-07
0.0515037      	1.5875052e-07
0.0515349      	1.5868438e-07
0.0515661      	1.5861815e-07
0.0515973      	1.5855126e-07
0.0516285      	1.5848428e-07
0.0516596      	1.5841664e-07
0.0516908      	1.5834890e-07
0.0517219      	1.5828051e-07
0.051753       	1.5821202e-07
0.0517842      	1.5814288e-07
0.0518153      	1.5807365e-07
0.0518463      	1.5800377e-07
0.0518774      	1.5793379e-07
0.0519085      	1.5786316e-07
0.0519395      	1.5779245e-07
0.0519705      	1.5772109e-07
0.0520015      	1.5764963e-07
0.0520325      	1.5757753e-07
0.0520635      	1.5750533e-07
0.0520945      	1.5743249e-07
0.0521255      	1.5735957e-07
0.0521564      	1.5728600e-07
0.0521873      	1.5721235e-07
0.0522183      	1.5713806e-07
0.0522492      	1.5706368e-07
0.0522801      	1.5698866e-07
0.0523109      	1.5691357e-07
0.0523418      	1.5683784e-07
0.0523727      	1.5676204e-07
0.0524035      	1.5668560e-07
0.0524343      	1.5660908e-07
0.0524651      	1.5653193e-07
0.0524959      	1.5645470e-07
0.0525267      	1.5637685e-07
0.0525575      	1.5629892e-07
0.0525883      	1.5622037e-07
0.052619       	1.5614175e-07
0.0526497      	1.5606251e-07
0.0526805      	1.5598320e-07
0.0527112      	1.5590328e-07
0.0527419      	1.5582330e-07
0.0527725      	1.5574271e-07
0.0528032      	1.5566206e-07
0.0528339      	1.5558080e-07
0.0528645      	1.5549949e-07
0.0528951      	1.5541756e-07
0.0529257      	1.5533558e-07
0.0529563      	1.5525300e-07
0.0529869      	1.5517037e-07
0.0530175      	1.5508714e-07
0.0530481      	1.5500387e-07
0.0530786      	1.5492001e-07
0.0531092      	1.5483611e-07
0.0531397      	1.5475161e-07
0.0531702      	1.5466708e-07
0.0532007      	1.5458197e-07
0.0532312      	1.5449681e-07
0.0532617      	1.5441107e-07
0.0532921      	1.5432530e-07
0.0533226      	1.5423895e-07
0.053353       	1.5415258e-07
0.0533834      	1.5406563e-07
0.0534138      	1.5397867e-07
0.0534442      	1.5389113e-07
0.0534746      	1.5380357e-07
0.053505       	1.5371545e-07
0.0535354      	1.5362731e-07
0.0535657      	1.5353861e-07
0.053596       	1.5344990e-07
0.0536264      	1.5336062e-07
0.0536567      	1.5327134e-07
0.053687       	1.5318150e-07
0.0537172      	1.5309166e-07
0.0537475      	1.5300127e-07
0.0537778      	1.5291089e-07
0.053808       	1.5281995e-07
0.0538383      	1.5272902e-07
0.0538685      	1.5263755e-07
0.0538987      	1.5254609e-07
0.0539289      	1.5245410e-07
0.0539591      	1.5236211e-07
0.0539892      	1.5226960e-07
0.0540194      	1.5217685e-07
0.0540495      	1.5208342e-07
0.0540797      	1.5199002e-07
0.0541098      	1.5189610e-07
0.0541399      	1.5180220e-07
0.05417        	1.5170778e-07
0.0542001      	1.5161340e-07
0.0542302      	1.5151850e-07
0.0542602      	1.5142363e-07
0.0542903      	1.5132825e-07
0.0543203      	1.5123290e-07
0.0543503      	1.5113705e-07
0.0543803      	1.5104123e-07
0.0544103      	1.5094492e-07
0.0544403      	1.5084865e-07
0.0544703      	1.5075187e-07
0.0545002      	1.5065514e-07
0.0545302      	1.5055792e-07
0.0545601      	1.5046074e-07
0.0545901      	1.5036308e-07
0.05462        	1.5026547e-07
0.0546499      	1.5016737e-07
0.0546798      	1.5006933e-07
0.0547096      	1.4997082e-07
0.0547395      	1.4987236e-07
0.0547694      	1.4977343e-07
0.0547992      	1.4967455e-07
0.054829       	1.4957521e-07
0.0548589      	1.4947593e-07
0.0548887      	1.4937619e-07
0.0549184      	1.4927652e-07
0.0549482      	1.4917639e-07
0.054978       	1.4907632e-07
0.0550078      	1.4897591e-07
0.0550375      	1.4887586e-07
0.0550672      	1.4877536e-07
0.055097       	1.4867494e-07
0.0551267      	1.4857407e-07
0.0551564      	1.4847329e-07
0.0551861      	1.4837206e-07
0.0552157      	1.4827091e-07
0.0552454      	1.4816932e-07
0.055275       	1.4806782e-07
0.0553047      	1.4796588e-07
0.0553343      	1.4786404e-07
0.0553639      	1.4776175e-07
0.0553935      	1.4765956e-07
0.0554231      	1.4755694e-07
0.0554527      	1.4745442e-07
0.0554823      	1.4735147e-07
0.0555118      	1.4724862e-07
0.0555414      	1.4714534e-07
0.0555709      	1.4704217e-07
0.0556004      	1.4693859e-07
0.0556299      	1.4683510e-07
0.0556594      	1.4673120e-07
0.0556889      	1.4662741e-07
0.0557184      	1.4652321e-07
0.0557479      	1.4641912e-07
0.0557773      	1.4631462e-07
0.0558068      	1.4621022e-07
0.0558362      	1.4610543e-07
0.0558656      	1.4600075e-07
0.055895       	1.4589567e-07
0.0559244      	1.4579072e-07
0.0559538      	1.4568537e-07
0.0559832      	1.4558014e-07
0.0560125      	1.4547452e-07
0.0560419      	1.4536903e-07
0.0560712      	1.4526314e-07
0.0561005      	1.4515737e-07
0.0561298      	1.4505122e-07
0.0561591      	1.4494520e-07
0.0561884      	1.4483879e-07
0.0562177      	1.4473251e-07
0.056247       	1.4462585e-07
0.0562762      	1.4451932e-07
0.0563055      	1.4441241e-07
0.0563347      	1.4430563e-07
0.0563639      	1.4419848e-07
0.0563932      	1.4409147e-07
0.0564224      	1.4398408e-07
0.0564515      	1.4387684e-07
0.0564807      	1.4376922e-07
0.0565099      	1.4366175e-07
0.056539       	1.4355391e-07
0.0565682      	1.4344621e-07
0.0565973      	1.4333814e-07
0.0566264      	1.4323022e-07
0.0566556      	1.4312194e-07
0.0566847      	1.4301380e-07
0.0567137      	1.4290530e-07
0.0567428      	1.4279695e-07
0.0567719      	1.4268824e-07
0.0568009      	1.4257968e-07
0.05683        	1.4247076e-07
0.056859       	1.4236200e-07
0.056888       	1.4225288e-07
0.056917       	1.4214392e-07
0.056946       	1.4203460e-07
0.056975       	1.4192545e-07
0.057004       	1.4181594e-07
0.057033       	1.4170659e-07
0.0570619      	1.4159689e-07
0.0570909      	1.4148735e-07
0.0571198      	1.4137746e-07
0.0571487      	1.4126773e-07
0.0571776      	1.4115765e-07
0.0572065      	1.4104774e-07
0.0572354      	1.4093748e-07
0.0572643      	1.4082739e-07
0.0572932      	1.4071695e-07
0.057322       	1.4060668e-07
0.0573509      	1.4049607e-07
0.0573797      	1.4038562e-07
0.0574085      	1.4027484e-07
0.0574374      	1.4016422e-07
0.0574662      	1.4005326e-07
0.057495       	1.3994247e-07
0.0575237      	1.3983134e-07
0.0575525      	1.3972038e-07
0.0575813      	1.3960908e-07
0.05761        	1.3949795e-07
0.0576388      	1.3938649e-07
0.0576675      	1.3927520e-07
0.0576962      	1.3916358e-07
0.0577249      	1.3905213e-07
0.0577536      	1.3894035e-07
0.0577823      	1.3882874e-07
0.057811       	1.3871680e-07
0.0578396      	1.3860503e-07
0.0578683      	1.3849294e-07
0.0578969      	1.3838102e-07
0.0579255      	1.3826878e-07
0.0579542      	1.3815671e-07
0.0579828      	1.3804431e-07
0.0580114      	1.3793194e-07
0.05804        	1.3781902e-07
0.0580685      	1.3770627e-07
0.0580971      	1.3759320e-07
0.0581257      	1.3748031e-07
0.0581542      	1.3736710e-07
0.0581827      	1.3725407e-07
0.0582113      	1.3714071e-07
0.0582398      	1.3702753e-07
0.0582683      	1.3691403e-07
0.0582968      	1.3680070e-07
0.0583253      	1.3668706e-07
0.0583537      	1.3657359e-07
0.0583822      	1.3645980e-07
0.0584107      	1.3634619e-07
0.0584391      	1.3623226e-07
0.0584675      	1.3611851e-07
0.0584959      	1.3600443e-07
0.0585244      	1.3589053e-07
0.0585528      	1.3577632e-07
0.0585811      	1.3566228e-07
0.0586095      	1.3554792e-07
0.0586379      	1.3543374e-07
0.0586663      	1.3531924e-07
0.0586946      	1.3520491e-07
0.0587229      	1.3509028e-07
0.0587513      	1.3497582e-07
0.0587796      	1.3486104e-07
0.0588079      	1.3474643e-07
0.0588362      	1.3463152e-07
0.0588645      	1.3451677e-07
0.0588928      	1.3440172e-07
0.058921       	1.3428684e-07
0.0589493      	1.3417165e-07
0.0589775      	1.3405663e-07
0.0590058      	1.3394138e-07
0.059034       	1.3382660e-07
0.0590622      	1.3371151e-07
0.0590904      	1.3359659e-07
0.0591186      	1.3348136e-07
0.0591468      	1.3336631e-07
0.059175       	1.3325093e-07
0.0592031      	1.3313573e-07
0.0592313      	1.3302021e-07
0.0592594      	1.3290487e-07
0.0592876      	1.3278922e-07
0.0593157      	1.3267374e-07
0.0593438      	1.3255794e-07
0.0593719      	1.3244232e-07
0.0594         	1.3232639e-07
0.0594281      	1.3221062e-07
0.0594562      	1.3209455e-07
0.0594842      	1.3197865e-07
0.0595123      	1.3186243e-07
0.0595403      	1.3174638e-07
0.0595684      	1.3163002e-07
0.0595964      	1.3151384e-07
0.0596244      	1.3139734e-07
0.0596524      	1.3128102e-07
0.0596804      	1.3116438e-07
0.0597084      	1.3104791e-07
0.0597364      	1.3093113e-07
0.0597643      	1.3081452e-07
0.0597923      	1.3069759e-07
0.0598202      	1.3058084e-07
0.0598482      	1.3046377e-07
0.0598761      	1.3034687e-07
0.059904       	1.3022966e-07
0.0599319      	1.3011262e-07
0.0599598      	1.2999527e-07
0.0599877      	1.2987808e-07
0.0600156      	1.2976058e-07
0.0600434      	1.2964325e-07
0.0600713      	1.2952560e-07
0.0600991      	1.2940812e-07
0.060127       	1.2929033e-07
0.0601548      	1.2917270e-07
0.0601826      	1.2905476e-07
0.0602104      	1.2893698e-07
0.0602382      	1.2881889e-07
0.060266       	1.2870096e-07
0.0602938      	1.2858272e-07
0.0603216      	1.2846464e-07
0.0603493      	1.2834625e-07
0.0603771      	1.2822801e-07
0.0604048      	1.2810946e-07
0.0604325      	1.2799107e-07
0.0604603      	1.2787237e-07
0.060488       	1.2775382e-07
0.0605157      	1.2763496e-07
0.0605434      	1.2751626e-07
0.0605711      	1.2739725e-07
0.0605987      	1.2727839e-07
0.0606264      	1.2715922e-07
0.060654       	1.2704020e-07
0.0606817      	1.2692086e-07
0.0607093      	1.2680168e-07
0.0607369      	1.2668218e-07
0.0607646      	1.2656284e-07
0.0607922      	1.2644318e-07
0.0608198      	1.2632368e-07
0.0608473      	1.2620386e-07
0.0608749      	1.2608419e-07
0.0609025      	1.2596421e-07
0.06093        	1.2584438e-07
0.0609576      	1.2572424e-07
0.0609851      	1.2560424e-07
0.0610127      	1.2548393e-07
0.0610402      	1.2536376e-07
0.0610677      	1.2524328e-07
0.0610952      	1.2512295e-07
0.0611227      	1.2500231e-07
0.0611502      	1.2488181e-07
0.0611776      	1.2476099e-07
0.0612051      	1.2464032e-07
0.0612326      	1.2451933e-07
0.06126        	1.2439849e-07
0.0612874      	1.2427732e-07
0.0613149      	1.2415630e-07
0.0613423      	1.2403497e-07
0.0613697      	1.2391378e-07
0.0613971      	1.2379226e-07
0.0614245      	1.2367089e-07
0.0614519      	1.2354920e-07
0.0614792      	1.2342764e-07
0.0615066      	1.2330577e-07
0.0615339      	1.2318404e-07
0.0615613      	1.2306198e-07
0.0615886      	1.2294007e-07
0.0616159      	1.2281783e-07
0.0616433      	1.2269573e-07
0.0616706      	1.2257331e-07
0.0616979      	1.2245103e-07
0.0617251      	1.2232842e-07
0.0617524      	1.2220596e-07
0.0617797      	1.2208317e-07
0.0618069      	1.2196053e-07
0.0618342      	1.2183756e-07
0.0618614      	1.2171472e-07
0.0618887      	1.2159156e-07
0.0619159      	1.2146854e-07
0.0619431      	1.2134519e-07
0.0619703      	1.2122198e-07
0.0619975      	1.2109844e-07
0.0620247      	1.2097504e-07
0.0620519      	1.2085131e-07
0.062079       	1.2072772e-07
0.0621062      	1.2060380e-07
0.0621333      	1.2048001e-07
0.0621605      	1.2035590e-07
0.0621876      	1.2023192e-07
0.0622147      	1.2010761e-07
0.0622419      	1.1998343e-07
0.062269       	1.1985892e-07
0.0622961      	1.1973454e-07
0.0623231      	1.1960983e-07
0.0623502      	1.1948525e-07
0.0623773      	1.1936035e-07
0.0624043      	1.1923557e-07
0.0624314      	1.1911046e-07
0.0624584      	1.1898548e-07
0.0624855      	1.1886017e-07
0.0625125      	1.1873498e-07
0.0625395      	1.1860947e-07
0.0625665      	1.1848407e-07
0.0625935      	1.1835836e-07
0.0626205      	1.1823276e-07
0.0626475      	1.1810683e-07
0.0626744      	1.1798103e-07
0.0627014      	1.1785490e-07
0.0627284      	1.1772888e-07
0.0627553      	1.1760254e-07
0.0627822      	1.1747632e-07
0.0628092      	1.1734977e-07
0.0628361      	1.1722335e-07
0.062863       	1.1709659e-07
0.0628899      	1.1696995e-07
0.0629168      	1.1684298e-07
0.0629437      	1.1671614e-07
0.0629705      	1.1658896e-07
0.0629974      	1.1646190e-07
0.0630243      	1.1633418e-07
0.0630511      	1.1620655e-07
0.0630779      	1.1607859e-07
0.0631048      	1.1595075e-07
0.0631316      	1.1582258e-07
0.0631584      	1.1569452e-07
0.0631852      	1.1556613e-07
0.063212       	1.1543785e-07
0.0632388      	1.1530925e-07
0.0632656      	1.1518075e-07
0.0632923      	1.1505193e-07
0.0633191      	1.1492322e-07
0.0633458      	1.1479418e-07
0.0633726      	1.1466525e-07
0.0633993      	1.1453599e-07
0.063426       	1.1440684e-07
0.0634528      	1.1427735e-07
0.0634795      	1.1414798e-07
0.0635062      	1.1401827e-07
0.0635329      	1.1388867e-07
0.0635595      	1.1375874e-07
0.0635862      	1.1362892e-07
0.0636129      	1.1349876e-07
0.0636395      	1.1336871e-07
0.0636662      	1.1323833e-07
0.0636928      	1.1310805e-07
0.0637195      	1.1297745e-07
0.0637461      	1.1284695e-07
0.0637727      	1.1271611e-07
0.0637993      	1.1258539e-07
0.0638259      	1.1245433e-07
0.0638525      	1.1232338e-07
0.0638791      	1.1219209e-07
0.0639056      	1.1206091e-07
0.0639322      	1.1192939e-07
0.0639587      	1.1179798e-07
0.0639853      	1.1166624e-07
0.0640118      	1.1153476e-07
0.0640384      	1.1140313e-07
0.0640649      	1.1127162e-07
0.0640914      	1.1113976e-07
0.0641179      	1.1100801e-07
0.0641444      	1.1087593e-07
0.0641709      	1.1074395e-07
0.0641974      	1.1061164e-07
0.0642238      	1.1047943e-07
0.0642503      	1.1034688e-07
0.0642767      	1.1021444e-07
0.0643032      	1.1008166e-07
0.0643296      	1.0994898e-07
0.0643561      	1.0981597e-07
0.0643825      	1.0968305e-07
0.0644089      	1.0954980e-07
0.0644353      	1.0941665e-07
0.0644617      	1.0928316e-07
0.0644881      	1.0914977e-07
0.0645144      	1.0901605e-07
0.0645408      	1.0888243e-07
0.0645672      	1.0874848e-07
0.0645935      	1.0861462e-07
0.0646199      	1.0848043e-07
0.0646462      	1.0834634e-07
0.0646725      	1.0821191e-07
0.0646989      	1.0807758e-07
0.0647252      	1.0794292e-07
0.0647515      	1.0780835e-07
0.0647778      	1.0767345e-07
0.0648041      	1.0753865e-07
0.0648303      	1.0740352e-07
0.0648566      	1.0726849e-07
0.0648829      	1.0713312e-07
0.0649091      	1.0699785e-07
0.0649354      	1.0686224e-07
0.0649616      	1.0672673e-07
0.0649878      	1.0659089e-07
0.0650141      	1.0645515e-07
0.0650403      	1.0631907e-07
0.0650665      	1.0618309e-07
0.0650927      	1.0604677e-07
0.0651189      	1.0591056e-07
0.065145       	1.0577401e-07
0.0651712      	1.0563755e-07
0.0651974      	1.0550076e-07
0.0652235      	1.0536407e-07
0.0652497      	1.0522704e-07
0.0652758      	1.0509011e-07
0.065302       	1.0495284e-07
0.0653281      	1.0481567e-07
0.0653542      	1.0467817e-07
0.0653803      	1.0454075e-07
0.0654064      	1.0440301e-07
0.0654325      	1.0426536e-07
0.0654586      	1.0412738e-07
0.0654847      	1.0398950e-07
0.0655107      	1.0385128e-07
0.0655368      	1.0371316e-07
0.0655628      	1.0357470e-07
0.0655889      	1.0343634e-07
0.0656149      	1.0329765e-07
0.0656409      	1.0315905e-07
0.065667       	1.0302012e-07
0.065693       	1.0288128e-07
0.065719       	1.0274210e-07
0.065745       	1.0260302e-07
0.065771       	1.0246361e-07
0.0657969      	1.0232430e-07
0.0658229      	1.0218465e-07
0.0658489      	1.0204509e-07
0.0658748      	1.0190521e-07
0.0659008      	1.0176542e-07
0.0659267      	1.0162529e-07
0.0659527      	1.0148527e-07
0.0659786      	1.0134491e-07
0.0660045      	1.0120464e-07
0.0660304      	1.0106405e-07
0.0660563      	1.0092354e-07
0.0660822      	1.0078271e-07
0.0661081      	1.0064196e-07
0.066134       	1.0050089e-07
0.0661598      	1.0035991e-07
0.0661857      	1.0021860e-07
0.0662115      	1.0007738e-07
0.0662374      	9.9935835e-08
0.0662632      	9.9794381e-08
0.0662891      	9.9652599e-08
0.0663149      	9.9510907e-08
0.0663407      	9.9368887e-08
0.0663665      	9.9226958e-08
0.0663923      	9.9084702e-08
0.0664181      	9.8942539e-08
0.0664439      	9.8800049e-08
0.0664696      	9.8657650e-08
0.0664954      	9.8514924e-08
0.0665212      	9.8372289e-08
0.0665469      	9.8229326e-08
0.0665727      	9.8086453e-08
0.0665984      	9.7943255e-08
0.0666241      	9.7800148e-08
0.0666499      	9.7656717e-08
0.0666756      	9.7513376e-08
0.0667013      	9.7369712e-08
0.066727       	9.7226139e-08
0.0667527      	9.7082241e-08
0.0667784      	9.6938434e-08
0.066804       	9.6794302e-08
0.0668297      	9.6650261e-08
0.0668554      	9.6505896e-08
0.066881       	9.6361622e-08
0.0669067      	9.6217025e-08
0.0669323      	9.6072519e-08
0.0669579      	9.5927691e-08
0.0669835      	9.5782954e-08
0.0670092      	9.5637774e-08
0.0670348      	9.5492469e-08
0.0670604      	9.5346842e-08
0.0670859      	9.5201307e-08
0.0671115      	9.5055452e-08
0.0671371      	9.4909688e-08
0.0671627      	9.4763604e-08
0.0671882      	9.4617610e-08
0.0672138      	9.4471295e-08
0.0672393      	9.4325070e-08
0.0672649      	9.4178526e-08
0.0672904      	9.4032075e-08
0.0673159      	9.3885305e-08
0.0673414      	9.3738624e-08
0.067367       	9.3591623e-08
0.0673925      	9.3444714e-08
0.067418       	9.3297486e-08
0.0674434      	9.3150349e-08
0.0674689      	9.3002895e-08
0.0674944      	9.2855531e-08
0.0675199      	9.2707848e-08
0.0675453      	9.2560257e-08
0.0675708      	9.2412348e-08
0.0675962      	9.2264530e-08
0.0676216      	9.2116396e-08
0.0676471      	9.1968352e-08
0.0676725      	9.1819990e-08
0.0676979      	9.1671718e-08
0.0677233      	9.1523129e-08
0.0677487      	9.1374632e-08
0.0677741      	9.1225819e-08
0.0677995      	9.1077096e-08
0.0678248      	9.0928059e-08
0.0678502      	9.0779112e-08
0.0678756      	9.0629851e-08
0.0679009      	9.0480681e-08
0.0679263      	9.0331198e-08
0.0679516      	9.0181807e-08
0.0679769      	9.0032103e-08
0.0680023      	8.9882522e-08
0.0680276      	8.9732933e-08
0.0680529      	8.9583437e-08
0.0680782      	8.9433626e-08
0.0681035      	8.9283907e-08
0.0681288      	8.9133876e-08
0.068154       	8.8983936e-08
0.0681793      	8.8833684e-08
0.0682046      	8.8683523e-08
0.0682298      	8.8533052e-08
0.0682551      	8.8382672e-08
0.0682803      	8.8231982e-08
0.0683056      	8.8081385e-08
0.0683308      	8.7930477e-08
0.068356       	8.7779659e-08
0.0683812      	8.7628531e-08
0.0684064      	8.7477495e-08
0.0684316      	8.7326150e-08
0.0684568      	8.7174901e-08
0.068482       	8.7023344e-08
0.0685072      	8.6871880e-08
0.0685324      	8.6720110e-08
0.0685575      	8.6568431e-08
0.0685827      	8.6416446e-08
0.0686078      	8.6264554e-08
0.068633       	8.6112356e-08
0.0686581      	8.5960249e-08
0.0686832      	8.5807835e-08
0.0687083      	8.5655517e-08
0.0687335      	8.5502892e-08
0.0687586      	8.5350360e-08
0.0687837      	8.5197525e-08
0.0688088      	8.5044784e-08
0.0688338      	8.4891738e-08
0.0688589      	8.4738785e-08
0.068884       	8.4585531e-08
0.068909       	8.4432370e-08
0.0689341      	8.4278905e-08
0.0689591      	8.4125535e-08
0.0689842      	8.3971862e-08
0.0690092      	8.3818283e-08
0.0690343      	8.3664404e-08
0.0690593      	8.3510622e-08
0.0690843      	8.3356541e-08
0.0691093      	8.3202557e-08
0.0691343      	8.3048271e-08
0.0691593      	8.2894081e-08
0.0691843      	8.2739590e-08
0.0692092      	8.2585192e-08
0.0692342      	8.2430496e-08
0.0692592      	8.2275895e-08
0.0692841      	8.2120996e-08
0.0693091      	8.1966192e-08
0.069334       	8.1811089e-08
0.069359       	8.1656082e-08
0.0693839      	8.1500781e-08
0.0694088      	8.1345574e-08
0.0694337      	8.1190068e-08
0.0694586      	8.1034659e-08
0.0694835      	8.0878952e-08
0.0695084      	8.0723342e-08
0.0695333      	8.0567435e-08
0.0695582      	8.0411624e-08
0.0695831      	8.0255518e-08
0.0696079      	8.0099509e-08
0.0696328      	7.9943205e-08
0.0696576      	7.9786998e-08
0.0696825      	7.9630497e-08
0.0697073      	7.9474092e-08
0.0697321      	7.9317393e-08
0.069757       	7.9160792e-08
0.0697818      	7.9003895e-08
0.0698066      	7.8847097e-08
0.0698314      	7.8690005e-08
0.0698562      	7.8533011e-08
0.069881       	7.8375725e-08
0.0699058      	7.8218538e-08
0.0699305      	7.8061059e-08
0.0699553      	7.7903679e-08
0.0699801      	7.7746010e-08
0.0700048      	7.7588438e-08
0.0700296      	7.7430578e-08
0.0700543      	7.7272816e-08
0.070079       	7.7114765e-08
0.0701038      	7.6956814e-08
0.0701285      	7.6798573e-08
0.0701532      	7.6640431e-08
0.0701779      	7.6482000e-08
0.0702026      	7.6323667e-08
0.0702273      	7.6165046e-08
0.070252       	7.6006524e-08
0.0702767      	7.5847716e-08
0.0703013      	7.5689008e-08
0.070326       	7.5530012e-08
0.0703507      	7.5371113e-08
0.0703753      	7.5211925e-08
0.0704         	7.5052838e-08
0.0704246      	7.4893465e-08
0.0704492      	7.4734194e-08
0.0704739      	7.4574638e-08
0.0704985      	7.4415181e-08
0.0705231      	7.4255440e-08
0.0705477      	7.4095800e-08
0.0705723      	7.3935874e-08
0.0705969      	7.3776048e-08
0.0706215      	7.3615938e-08
0.070646       	7.3455932e-08
0.0706706      	7.3295641e-08
0.0706952      	7.3135451e-08
0.0707197      	7.2974979e-08
0.0707443      	7.2814608e-08
0.0707688      	7.2653955e-08
0.0707934      	7.2493404e-08
0.0708179      	7.2332571e-08
0.0708424      	7.2171840e-08
0.0708669      	7.2010828e-08
0.0708914      	7.1849922e-08
0.0709159      	7.1688735e-08
0.0709404      	7.1527653e-08
0.0709649      	7.1366294e-08
0.0709894      	7.1205037e-08
0.0710139      	7.1043319e-08
0.0710384      	7.0881563e-08
0.0710628      	7.0719527e-08
0.0710873      	7.0557597e-08
0.0711117      	7.0395392e-08
0.0711362      	7.0233291e-08
0.0711606      	7.0070911e-08
0.0711851      	6.9908634e-08
0.0712095      	6.9746079e-08
0.0712339      	6.9583626e-08
0.0712583      	6.9420899e-08
0.0712827      	6.9258276e-08
0.0713071      	6.9095377e-08
0.0713315      	6.8932580e-08
0.0713559      	6.8769509e-08
0.0713803      	6.8606543e-08
0.0714046      	6.8443301e-08
0.071429       	6.8280162e-08
0.0714534      	6.8116750e-08
0.0714777      	6.7953441e-08
0.0715021      	6.7789860e-08
0.0715264      	6.7626382e-08
0.0715507      	6.7462630e-08
0.0715751      	6.7298982e-08
0.0715994      	6.7135062e-08
0.0716237      	6.6971247e-08
0.071648       	6.6807159e-08
0.0716723      	6.6643177e-08
0.0716966      	6.6478924e-08
0.0717209      	6.6314776e-08
0.0717452      	6.6150359e-08
0.0717694      	6.5986044e-08
0.0717937      	6.5821459e-08
0.071818       	6.5656974e-08
0.0718422      	6.5492218e-08
0.0718665      	6.5327567e-08
0.0718907      	6.5162646e-08
0.0719149      	6.4997828e-08
0.0719392      	6.4832740e-08
0.0719634      	6.4667760e-08
0.0719876      	6.4502509e-08
0.0720118      	6.4337522e-08
0.072036       	6.4172432e-08
0.0720602      	6.4007445e-08
0.0720844      	6.3842192e-08
0.0721086      	6.3677044e-08
0.0721328      	6.3511631e-08
0.072157       	6.3346324e-08
0.0721811      	6.3180746e-08
0.0722053      	6.3015273e-08
0.0722294      	6.2849533e-08
0.0722536      	6.2683896e-08
0.0722777      	6.2517995e-08
0.0723019      	6.2352203e-08
0.072326       	6.2186147e-08
0.0723501      	6.2020199e-08
0.0723742      	6.1853989e-08
0.0723983      	6.1687886e-08
0.0724224      	6.1521521e-08
0.0724465      	6.1355265e-08
0.0724706      	6.1188745e-08
0.0724947      	6.1022334e-08
0.0725188      	6.0855662e-08
0.0725428      	6.0689090e-08
0.0725669      	6.0522259e-08
0.072591       	6.0355542e-08
0.072615       	6.0188560e-08
0.0726391      	6.0021684e-08
0.0726631      	5.9854544e-08
0.0726871      	5.9687513e-08
0.0727112      	5.9520221e-08
0.0727352      	5.9353037e-08
0.0727592      	5.9185592e-08
0.0727832      	5.9018254e-08
0.0728072      	5.8850651e-08
0.0728312      	5.8683160e-08
0.0728552      	5.8515411e-08
0.0728792      	5.8347774e-08
0.0729031      	5.8179877e-08
0.0729271      	5.8012088e-08
0.0729511      	5.7844041e-08
0.072975       	5.7676103e-08
0.072999       	5.7507909e-08
0.0730229      	5.7339823e-08
0.0730469      	5.7171485e-08
0.0730708      	5.7003257e-08
0.0730947      	5.6834770e-08
0.0731186      	5.6666391e-08
0.0731425      	5.6497759e-08
0.0731665      	5.6329234e-08
0.0731904      	5.6160465e-08
0.0732143      	5.5991815e-08
0.0732381      	5.5822904e-08
0.073262       	5.5654102e-08
0.0732859      	5.5485056e-08
0.0733098      	5.5316123e-08
0.0733336      	5.5146925e-08
0.0733575      	5.4977832e-08
0.0733813      	5.4808492e-08
0.0734052      	5.4639260e-08
0.073429       	5.4469778e-08
0.0734529      	5.4300406e-08
0.0734767      	5.4130785e-08
0.0735005      	5.3961279e-08
0.0735243      	5.3791527e-08
0.0735481      	5.3621881e-08
0.0735719      	5.3451984e-08
0.0735957      	5.3282202e-08
0.0736195      	5.3112174e-08
0.0736433      	5.2942258e-08
0.0736671      	5.2772090e-08
0.0736909      	5.2602029e-08
0.0737146      	5.2431720e-08
0.0737384      	5.2261528e-08
0.0737621      	5.2091085e-08
0.0737859      	5.1920751e-08
0.0738096      	5.1750166e-08
0.0738334      	5.1579689e-08
0.0738571      	5.1408960e-08
0.0738808      	5.1238349e-08
0.0739045      	5.1067487e-08
0.0739283      	5.0896741e-08
0.073952       	5.0725752e-08
0.0739757      	5.0554874e-08
0.0739993      	5.0383746e-08
0.074023       	5.0212733e-08
0.0740467      	5.0041471e-08
0.0740704      	4.9870324e-08
0.0740941      	4.9698931e-08
0.0741177      	4.9527656e-08
0.0741414      	4.9356139e-08
0.074165       	4.9184738e-08
0.0741887      	4.9013093e-08
0.0742123      	4.8841560e-08
0.074236       	4.8669767e-08
0.0742596      	4.8498082e-08
0.0742832      	4.8326149e-08
0.0743068      	4.8154331e-08
0.0743304      	4.7982268e-08
0.074354       	4.7810312e-08
0.0743776      	4.7638115e-08
0.0744012      	4.7466029e-08
0.0744248      	4.7293711e-08
0.0744484      	4.7121516e-08
0.074472       	4.6949074e-08
0.0744955      	4.6776742e-08
0.0745191      	4.6604161e-08
0.0745426      	4.6431699e-08
0.0745662      	4.6258996e-08
0.0745897      	4.6086414e-08
0.0746133      	4.5913596e-08
0.0746368      	4.5740889e-08
0.0746603      	4.5567946e-08
0.0746839      	4.5395116e-08
0.0747074      	4.5222042e-08
0.0747309      	4.5049072e-08
0.0747544      	4.4875863e-08
0.0747779      	4.4702759e-08
0.0748014      	4.4529404e-08
0.0748249      	4.4356167e-08
0.0748483      	4.4182713e-08
0.0748718      	4.4009380e-08
0.0748953      	4.3835813e-08
0.0749187      	4.3662369e-08
0.0749422      	4.3488694e-08
0.0749656      	4.3315139e-08
0.0749891      	4.3141348e-08
0.0750125      	4.2967503e-08
0.075036       	4.2793279e-08
0.0750594      	4.2619177e-08
0.0750828      	4.2444842e-08
0.0751062      	4.2270618e-08
0.0751296      	4.2096158e-08
0.075153       	4.1921814e-08
0.0751764      	4.1747230e-08
0.0751998      	4.1572769e-08
0.0752232      	4.1398077e-08
0.0752466      	4.1223502e-08
0.07527        	4.1048701e-08
0.0752933      	4.0874013e-08
0.0753167      	4.0699090e-08
0.0753401      	4.0524279e-08
0.0753634      	4.0349237e-08
0.0753868      	4.0174311e-08
0.0754101      	3.9999152e-08
0.0754334      	3.9824109e-08
0.0754568      	3.9648833e-08
0.0754801      	3.9473668e-08
0.0755034      	3.9298264e-08
0.0755267      	3.9122973e-08
0.07555        	3.8947454e-08
0.0755733      	3.8772056e-08
0.0755966      	3.8596428e-08
0.0756199      	3.8420921e-08
0.0756432      	3.8245194e-08
0.0756665      	3.8069584e-08
0.0756897      	3.7893755e-08
0.075713       	3.7718045e-08
0.0757363      	3.7542109e-08
0.0757595      	3.7366308e-08
0.0757828      	3.7190282e-08
0.075806       	3.7014379e-08
0.0758293      	3.6838255e-08
0.0758525      	3.6662246e-08
0.0758757      	3.6486020e-08
0.0758989      	3.6309914e-08
0.0759221      	3.6133583e-08
0.0759454      	3.5957373e-08
0.0759686      	3.5780930e-08
0.0759918      	3.5604608e-08
0.076015       	3.5428263e-08
0.0760381      	3.5252141e-08
0.0760613      	3.5075789e-08
0.0760845      	3.4899567e-08
0.0761077      	3.4723107e-08
0.0761308      	3.4546774e-08
0.076154       	3.4370222e-08
0.0761771      	3.4193797e-08
0.0762003      	3.4017137e-08
0.0762234      	3.3840602e-08
0.0762466      	3.3663860e-08
0.0762697      	3.3487246e-08
0.0762928      	3.3310414e-08
0.0763159      	3.3133710e-08
0.0763391      	3.2956788e-08
0.0763622      	3.2779989e-08
0.0763853      	3.2602972e-08
0.0764084      	3.2426070e-08
0.0764315      	3.2248944e-08
0.0764545      	3.2071935e-08
0.0764776      	3.1894713e-08
0.0765007      	3.1717633e-08
0.0765238      	3.1540332e-08
0.0765468      	3.1363157e-08
0.0765699      	3.1185758e-08
0.0765929      	3.1008479e-08
0.076616       	3.0830978e-08
0.076639       	3.0653610e-08
0.0766621      	3.0476018e-08
0.0766851      	3.0298545e-08
0.0767081      	3.0120845e-08
0.0767311      	2.9943261e-08
0.0767542      	2.9765458e-08
0.0767772      	2.9587777e-08
0.0768002      	2.9409882e-08
0.0768232      	2.9232103e-08
0.0768462      	2.9054115e-08
0.0768691      	2.8876271e-08
0.0768921      	2.8698221e-08
0.0769151      	2.8520288e-08
0.0769381      	2.8342135e-08
0.076961       	2.8164116e-08
0.076984       	2.7985896e-08
0.0770069      	2.7807799e-08
0.0770299      	2.7629485e-08
0.0770528      	2.7451275e-08
0.0770758      	2.7272824e-08
0.0770987      	2.7094493e-08
0.0771216      	2.6915968e-08
0.0771445      	2.6737579e-08
0.0771675      	2.6558979e-08
0.0771904      	2.6380492e-08
0.0772133      	2.6201775e-08
0.0772362      	2.6023192e-08
0.0772591      	2.5844396e-08
0.077282       	2.5665684e-08
0.0773048      	2.5486762e-08
0.0773277      	2.5307988e-08
0.0773506      	2.5129008e-08
0.0773734      	2.4950153e-08
0.0773963      	2.4771101e-08
0.0774192      	2.4592163e-08
0.077442       	2.4412971e-08
0.0774649      	2.4233891e-08
0.0774877      	2.4054599e-08
0.0775105      	2.3875432e-08
0.0775334      	2.3696077e-08
0.0775562      	2.3516872e-08
0.077579       	2.3337486e-08
0.0776018      	2.3158231e-08
0.0776246      	2.2978735e-08
0.0776474      	2.2799364e-08
0.0776702      	2.2619797e-08
0.077693       	2.2440364e-08
0.0777158      	2.2260738e-08
0.0777386      	2.2081230e-08
0.0777613      	2.1901505e-08
0.0777841      	2.1721930e-08
0.0778069      	2.1542131e-08
0.0778296      	2.1362455e-08
0.0778524      	2.1182548e-08
0.0778751      	2.1002778e-08
0.0778979      	2.0822789e-08
0.0779206      	2.0642906e-08
0.0779433      	2.0462811e-08
0.0779661      	2.0282835e-08
0.0779888      	2.0102657e-08
0.0780115      	1.9922595e-08
0.0780342      	1.9742327e-08
0.0780569      	1.9562192e-08
0.0780796      	1.9381871e-08
0.0781023      	1.9201680e-08
0.078125       	1.9021270e-08
0.0781477      	1.8840999e-08
0.0781704      	1.8660520e-08
0.078193       	1.8480161e-08
0.0782157      	1.8299604e-08
0.0782384      	1.8119164e-08
0.078261       	1.7938505e-08
0.0782837      	1.7757971e-08
0.0783063      	1.7577221e-08
0.078329       	1.7396617e-08
0.0783516      	1.7215804e-08
0.0783742      	1.7035126e-08
0.0783969      	1.6854222e-08
0.0784195      	1.6673458e-08
0.0784421      	1.6492487e-08
0.0784647      	1.6311665e-08
0.0784873      	1.6130642e-08
0.0785099      	1.5949725e-08
0.0785325      	1.5768585e-08
0.0785551      	1.5587568e-08
0.0785777      	1.5406347e-08
0.0786003      	1.5225266e-08
0.0786228      	1.5043951e-08
0.0786454      	1.4862766e-08
0.078668       	1.4681393e-08
0.0786905      	1.4500130e-08
0.0787131      	1.4318680e-08
0.0787356      	1.4137367e-08
0.0787582      	1.3955865e-08
0.0787807      	1.3774489e-08
0.0788032      	1.3592922e-08
0.0788258      	1.3411529e-08
0.0788483      	1.3229910e-08
0.0788708      	1.3048419e-08
0.0788933      	1.2866739e-08
0.0789158      	1.2685174e-08
0.0789383      	1.2503401e-08
0.0789608      	1.2321775e-08
0.0789833      	1.2139958e-08
0.0790058      	1.1958191e-08
0.0790283      	1.1776024e-08
0.0790508      	1.1593988e-08
0.0790732      	1.1411716e-08
0.0790957      	1.1229544e-08
0.0791182      	1.1047166e-08
0.0791406      	1.0864962e-08
0.0791631      	1.0682567e-08
0.0791855      	1.0500277e-08
0.0792079      	1.0317775e-08
0.0792304      	1.0135387e-08
0.0792528      	9.9528134e-09
0.0792752      	9.7703935e-09
0.0792977      	9.5877710e-09
0.0793201      	9.4053115e-09
0.0793425      	9.2226441e-09
0.0793649      	9.0400940e-09
0.0793873      	8.8573257e-09
0.0794097      	8.6746955e-09
0.0794321      	8.4919008e-09
0.0794544      	8.3092493e-09
0.0794768      	8.1264432e-09
0.0794992      	7.9437537e-09
0.0795216      	7.7608391e-09
0.0795439      	7.5780297e-09
0.0795663      	7.3950451e-09
0.0795886      	7.2121575e-09
0.079611       	7.0291008e-09
0.0796333      	6.8461751e-09
0.0796557      	6.6630405e-09
0.079678       	6.4800441e-09
0.0797003      	6.2968641e-09
0.0797227      	6.1138223e-09
0.079745       	5.9305582e-09
0.0797673      	5.7473783e-09
0.0797896      	5.5639885e-09
0.0798119      	5.3808003e-09
0.0798342      	5.1974339e-09
0.0798565      	5.0141792e-09
0.0798788      	4.8307166e-09
0.0799011      	4.6473773e-09
0.0799233      	4.4638681e-09
0.0799456      	4.2804921e-09
0.0799679      	4.0969656e-09
0.0799901      	3.9136064e-09
0.0800124      	3.7106463e-09
0.0800347      	3.4923890e-09
0.0800569      	3.2740204e-09
0.0800792      	3.0558486e-09
0.0801014      	2.8375698e-09
0.0801236      	2.6194192e-09
0.0801459      	2.4011416e-09
0.0801681      	2.1829759e-09
0.0801904      	1.9646739e-09
0.0802126      	1.7464941e-09
0.0802348      	1.5281606e-09
0.0802571      	1.3098720e-09
0.0802793      	1.0913879e-09
0.0803015      	8.7304915e-10
0.0803237      	6.5455660e-10
0.0803459      	4.3616491e-10
0.0803681      	2.1757153e-10
0.0803904      	-9.1949950e-13
0.0804126      	-2.1967730e-10
0.0804348      	-4.3833759e-10
0.080457       	-6.5709809e-10
0.0804792      	-8.7572279e-10
0.0805014      	-1.0946217e-09
0.0805236      	-1.3134441e-09
0.0805458      	-1.5324790e-09
0.080568       	-1.7514677e-09
0.0805901      	-1.9706835e-09
0.0806123      	-2.1898198e-09
0.0806345      	-2.4091585e-09
0.0806567      	-2.6284052e-09
0.0806789      	-2.8478645e-09
0.080701       	-3.0671681e-09
0.0807232      	-3.2866705e-09
0.0807454      	-3.5060768e-09
0.0807675      	-3.7256843e-09
0.0807897      	-3.9452154e-09
0.0808119      	-4.1649254e-09
0.080834       	-4.3846010e-09
0.0808562      	-4.6045022e-09
0.0808783      	-4.8243427e-09
0.0809005      	-5.0444031e-09
0.0809226      	-5.2643176e-09
0.0809448      	-5.4844861e-09
0.0809669      	-5.7045705e-09
0.0809891      	-5.9248543e-09
0.0810112      	-6.1452282e-09
0.0810333      	-6.3659552e-09
0.0810555      	-6.5866128e-09
0.0810776      	-6.8074497e-09
0.0810997      	-7.0281955e-09
0.0811218      	-7.2491352e-09
0.0811439      	-7.4698650e-09
0.0811661      	-7.6907939e-09
0.0811882      	-7.9116924e-09
0.0812103      	-8.1327974e-09
0.0812324      	-8.3538218e-09
0.0812545      	-8.5750980e-09
0.0812766      	-8.7962939e-09
0.0812987      	-9.0176331e-09
0.0813208      	-9.2389497e-09
0.0813429      	-9.4605254e-09
0.081365       	-9.6819961e-09
0.0813871      	-9.9036814e-09
0.0814092      	-1.0125200e-08
0.0814313      	-1.0346917e-08
0.0814534      	-1.0568568e-08
0.0814754      	-1.0790412e-08
0.0814975      	-1.1012216e-08
0.0815196      	-1.1234222e-08
0.0815417      	-1.1456128e-08
0.0815637      	-1.1678273e-08
0.0815858      	-1.1900306e-08
0.0816079      	-1.2122558e-08
0.0816299      	-1.2344714e-08
0.081652       	-1.2567091e-08
0.081674       	-1.2789344e-08
0.0816961      	-1.3011882e-08
0.0817182      	-1.3234339e-08
0.0817402      	-1.3456994e-08
0.0817623      	-1.3679566e-08
0.0817843      	-1.3902333e-08
0.0818063      	-1.4124938e-08
0.0818284      	-1.4347794e-08
0.0818504      	-1.4570534e-08
0.0818724      	-1.4793468e-08
0.0818945      	-1.5016306e-08
0.0819165      	-1.5239346e-08
0.0819385      	-1.5462414e-08
0.0819606      	-1.5685627e-08
0.0819826      	-1.5908743e-08
0.0820046      	-1.6132029e-08
0.0820266      	-1.6355199e-08
0.0820486      	-1.6578611e-08
0.0820706      	-1.6801947e-08
0.0820926      	-1.7025561e-08
0.0821146      	-1.7249064e-08
0.0821366      	-1.7472736e-08
0.0821586      	-1.7696393e-08
0.0821806      	-1.7920246e-08
0.0822026      	-1.8143900e-08
0.0822246      	-1.8367781e-08
0.0822466      	-1.8591624e-08
0.0822686      	-1.8815773e-08
0.0822906      	-1.9039796e-08
0.0823126      	-1.9264022e-08
0.0823346      	-1.9488130e-08
0.0823565      	-1.9712479e-08
0.0823785      	-1.9936681e-08
0.0824005      	-2.0161091e-08
0.0824224      	-2.0385422e-08
0.0824444      	-2.0609964e-08
0.0824664      	-2.0834470e-08
0.0824883      	-2.1059258e-08
0.0825103      	-2.1283913e-08
0.0825323      	-2.1508725e-08
0.0825542      	-2.1733448e-08
0.0825762      	-2.1958384e-08
0.0825981      	-2.2183145e-08
0.08262        	-2.2408153e-08
0.082642       	-2.2633017e-08
0.0826639      	-2.2858095e-08
0.0826859      	-2.3083079e-08
0.0827078      	-2.3308256e-08
0.0827297      	-2.3533363e-08
0.0827517      	-2.3758687e-08
0.0827736      	-2.3983998e-08
0.0827955      	-2.4209510e-08
0.0828174      	-2.4434895e-08
0.0828394      	-2.4660436e-08
0.0828613      	-2.4885886e-08
0.0828832      	-2.5111552e-08
0.0829051      	-2.5337146e-08
0.082927       	-2.5562912e-08
0.0829489      	-2.5788564e-08
0.0829708      	-2.6014428e-08
0.0829927      	-2.6240176e-08
0.0830146      	-2.6466147e-08
0.0830365      	-2.6691985e-08
0.0830584      	-2.6918012e-08
0.0830803      	-2.7143960e-08
0.0831022      	-2.7370136e-08
0.0831241      	-2.7596221e-08
0.083146       	-2.7822486e-08
0.0831679      	-2.8048769e-08
0.0831897      	-2.8275193e-08
0.0832116      	-2.8501507e-08
0.0832335      	-2.8728010e-08
0.0832554      	-2.8954393e-08
0.0832772      	-2.9180929e-08
0.0832991      	-2.9407374e-08
0.0833209      	-2.9634017e-08
0.0833428      	-2.9860592e-08
0.0833647      	-3.0087371e-08
0.0833865      	-3.0314102e-08
0.0834084      	-3.0540957e-08
0.0834302      	-3.0767668e-08
0.0834521      	-3.0994670e-08
0.0834739      	-3.1221633e-08
0.0834958      	-3.1448706e-08
0.0835176      	-3.1675649e-08
0.0835394      	-3.1902787e-08
0.0835613      	-3.2129770e-08
0.0835831      	-3.2356896e-08
0.0836049      	-3.2583925e-08
0.0836268      	-3.2811172e-08
0.0836486      	-3.3038363e-08
0.0836704      	-3.3265732e-08
0.0836922      	-3.3493017e-08
0.0837141      	-3.3720520e-08
0.0837359      	-3.3947875e-08
0.0837577      	-3.4175430e-08
0.0837795      	-3.4402914e-08
0.0838013      	-3.4630547e-08
0.0838231      	-3.4858109e-08
0.0838449      	-3.5085856e-08
0.0838667      	-3.5313519e-08
0.0838885      	-3.5541346e-08
0.0839103      	-3.5769103e-08
0.0839321      	-3.5997025e-08
0.0839539      	-3.6224858e-08
0.0839757      	-3.6452816e-08
0.0839975      	-3.6680677e-08
0.0840192      	-3.6908461e-08
0.084041       	-3.7136100e-08
0.0840628      	-3.7363919e-08
0.0840846      	-3.7591624e-08
0.0841063      	-3.7819543e-08
0.0841281      	-3.8047341e-08
0.0841499      	-3.8275350e-08
0.0841716      	-3.8503214e-08
0.0841934      	-3.8731300e-08
0.0842152      	-3.8959244e-08
0.0842369      	-3.9187349e-08
0.0842587      	-3.9415314e-08
0.0842804      	-3.9643513e-08
0.0843022      	-3.9871603e-08
0.0843239      	-4.0099841e-08
0.0843457      	-4.0327987e-08
0.0843674      	-4.0556353e-08
0.0843892      	-4.0784622e-08
0.0844109      	-4.1013061e-08
0.0844326      	-4.1241404e-08
0.0844544      	-4.1469883e-08
0.0844761      	-4.1698282e-08
0.0844978      	-4.1926879e-08
0.0845195      	-4.2155341e-08
0.0845413      	-4.2383911e-08
0.084563       	-4.2612353e-08
0.0845847      	-4.2841012e-08
0.0846064      	-4.3069566e-08
0.0846281      	-4.3298288e-08
0.0846498      	-4.3526903e-08
0.0846715      	-4.3755625e-08
0.0846932      	-4.3984238e-08
0.0847149      	-4.4213025e-08
0.0847366      	-4.4441673e-08
0.0847583      	-4.4670522e-08
0.08478        	-4.4899270e-08
0.0848017      	-4.5128205e-08
0.0848234      	-4.5356947e-08
0.0848451      	-4.5585888e-08
0.0848668      	-4.5814733e-08
0.0848885      	-4.6043740e-08
0.0849101      	-4.6272626e-08
0.0849318      	-4.6501677e-08
0.0849535      	-4.6730616e-08
0.0849752      	-4.6959710e-08
0.0849968      	-4.7188711e-08
0.0850185      	-4.7418143e-08
0.0850402      	-4.7647469e-08
0.0850618      	-4.7876957e-08
0.0850835      	-4.8106329e-08
0.0851051      	-4.8335861e-08
0.0851268      	-4.8565269e-08
0.0851484      	-4.8794832e-08
0.0851701      	-4.9024272e-08
0.0851917      	-4.9253890e-08
0.0852134      	-4.9483388e-08
0.085235       	-4.9713048e-08
0.0852567      	-4.9942585e-08
0.0852783      	-5.0172300e-08
0.0852999      	-5.0401900e-08
0.0853216      	-5.0631684e-08
0.0853432      	-5.0861343e-08
0.0853648      	-5.1091158e-08
0.0853864      	-5.1320853e-08
0.0854081      	-5.1550693e-08
0.0854297      	-5.1780415e-08
0.0854513      	-5.2010298e-08
0.0854729      	-5.2240050e-08
0.0854945      	-5.2469957e-08
0.0855161      	-5.2699736e-08
0.0855378      	-5.2929680e-08
0.0855594      	-5.3159516e-08
0.085581       	-5.3389532e-08
0.0856026      	-5.3619436e-08
0.0856242      	-5.3849494e-08
0.0856458      	-5.4079426e-08
0.0856673      	-5.4309517e-08
0.0856889      	-5.4539465e-08
0.0857105      	-5.4769564e-08
0.0857321      	-5.4999547e-08
0.0857537      	-5.5229706e-08
0.0857753      	-5.5459735e-08
0.0857968      	-5.5689915e-08
0.0858184      	-5.5919950e-08
0.08584        	-5.6150151e-08
0.0858616      	-5.6380211e-08
0.0858831      	-5.6610431e-08
0.0859047      	-5.6840527e-08
0.0859263      	-5.7070782e-08
0.0859478      	-5.7300908e-08
0.0859694      	-5.7531189e-08
0.0859909      	-5.7761350e-08
0.0860125      	-5.7991662e-08
0.086034       	-5.8221849e-08
0.0860556      	-5.8452185e-08
0.0860771      	-5.8682396e-08
0.0860987      	-5.8912762e-08
0.0861202      	-5.9142983e-08
0.0861418      	-5.9373356e-08
0.0861633      	-5.9603606e-08
0.0861848      	-5.9834012e-08
0.0862064      	-6.0064289e-08
0.0862279      	-6.0294721e-08
0.0862494      	-6.0525026e-08
0.0862709      	-6.0755487e-08
0.0862925      	-6.0985821e-08
0.086314       	-6.1216302e-08
0.0863355      	-6.1446650e-08
0.086357       	-6.1677155e-08
0.0863785      	-6.1907532e-08
0.0864         	-6.2138055e-08
0.0864215      	-6.2368447e-08
0.086443       	-6.2598995e-08
0.0864645      	-6.2829406e-08
0.086486       	-6.3059972e-08
0.0865075      	-6.3290397e-08
0.086529       	-6.3520974e-08
0.0865505      	-6.3751422e-08
0.086572       	-6.3982018e-08
0.0865935      	-6.4212488e-08
0.086615       	-6.4443100e-08
0.0866365      	-6.4673581e-08
0.086658       	-6.4904212e-08
0.0866794      	-6.5134713e-08
0.0867009      	-6.5365362e-08
0.0867224      	-6.5595881e-08
0.0867438      	-6.5826547e-08
0.0867653      	-6.6057083e-08
0.0867868      	-6.6287768e-08
0.0868082      	-6.6518323e-08
0.0868297      	-6.6749025e-08
0.0868512      	-6.6979598e-08
0.0868726      	-6.7210317e-08
0.0868941      	-6.7440915e-08
0.0869155      	-6.7671661e-08
0.086937       	-6.7902276e-08
0.0869584      	-6.8133037e-08
0.0869799      	-6.8363667e-08
0.0870013      	-6.8594442e-08
0.0870227      	-6.8825085e-08
0.0870442      	-6.9055875e-08
0.0870656      	-6.9286532e-08
0.0870871      	-6.9517337e-08
0.0871085      	-6.9748010e-08
0.0871299      	-6.9978830e-08
0.0871513      	-7.0209520e-08
0.0871728      	-7.0440357e-08
0.0871942      	-7.0671063e-08
0.0872156      	-7.0901914e-08
0.087237       	-7.1132633e-08
0.0872584      	-7.1363498e-08
0.0872798      	-7.1594232e-08
0.0873012      	-7.1825111e-08
0.0873226      	-7.2055859e-08
0.087344       	-7.2286754e-08
0.0873654      	-7.2517522e-08
0.0873868      	-7.2748434e-08
0.0874082      	-7.2979214e-08
0.0874296      	-7.3210140e-08
0.087451       	-7.3440936e-08
0.0874724      	-7.3671877e-08
0.0874938      	-7.3902688e-08
0.0875152      	-7.4133643e-08
0.0875366      	-7.4364472e-08
0.087558       	-7.4595445e-08
0.0875793      	-7.4826288e-08
0.0876007      	-7.5057278e-08
0.0876221      	-7.5288138e-08
0.0876434      	-7.5519144e-08
0.0876648      	-7.5750020e-08
0.0876862      	-7.5981044e-08
0.0877075      	-7.6211936e-08
0.0877289      	-7.6442976e-08
0.0877503      	-7.6673884e-08
0.0877716      	-7.6904941e-08
0.087793       	-7.7135865e-08
0.0878143      	-7.7366939e-08
0.0878357      	-7.7597879e-08
0.087857       	-7.7828971e-08
0.0878784      	-7.8059926e-08
0.0878997      	-7.8291036e-08
0.087921       	-7.8522010e-08
0.0879424      	-7.8753137e-08
0.0879637      	-7.8984130e-08
0.087985       	-7.9215276e-08
0.0880064      	-7.9446203e-08
0.0880277      	-7.9677085e-08
0.088049       	-7.9907837e-08
0.0880703      	-8.0138741e-08
0.0880917      	-8.0369516e-08
0.088113       	-8.0600441e-08
0.0881343      	-8.0831238e-08
0.0881556      	-8.1062186e-08
0.0881769      	-8.1293005e-08
0.0881982      	-8.1523976e-08
0.0882195      	-8.1754820e-08
0.0882408      	-8.1985814e-08
0.0882621      	-8.2216683e-08
0.0882834      	-8.2447704e-08
0.0883047      	-8.2678599e-08
0.088326       	-8.2909644e-08
0.0883473      	-8.3140567e-08
0.0883686      	-8.3371641e-08
0.0883899      	-8.3602594e-08
0.0884112      	-8.3833699e-08
0.0884325      	-8.4064682e-08
0.0884537      	-8.4295820e-08
0.088475       	-8.4526838e-08
0.0884963      	-8.4758010e-08
0.0885176      	-8.4989062e-08
0.0885388      	-8.5220267e-08
0.0885601      	-8.5451355e-08
0.0885814      	-8.5682596e-08
0.0886026      	-8.5913722e-08
0.0886239      	-8.6145003e-08
0.0886452      	-8.6376168e-08
0.0886664      	-8.6607488e-08
0.0886877      	-8.6838694e-08
0.0887089      	-8.7070058e-08
0.0887302      	-8.7301310e-08
0.0887514      	-8.7532721e-08
0.0887727      	-8.7764021e-08
0.0887939      	-8.7995481e-08
0.0888151      	-8.8226834e-08
0.0888364      	-8.8458351e-08
0.0888576      	-8.8689763e-08
0.0888788      	-8.8921341e-08
0.0889001      	-8.9152815e-08
0.0889213      	-8.9384455e-08
0.0889425      	-8.9615992e-08
0.0889637      	-8.9847696e-08
0.088985       	-9.0079300e-08
0.0890062      	-9.0311157e-08
0.0890274      	-9.0543117e-08
0.0890486      	-9.0775249e-08
0.0890698      	-9.1007286e-08
0.089091       	-9.1239498e-08
0.0891122      	-9.1471618e-08
0.0891334      	-9.1703917e-08
0.0891546      	-9.1936129e-08
0.0891758      	-9.2168522e-08
0.089197       	-9.2400833e-08
0.0892182      	-9.2633329e-08
0.0892394      	-9.2865747e-08
0.0892606      	-9.3098355e-08
0.0892818      	-9.3330887e-08
0.089303       	-9.3563611e-08
0.0893242      	-9.3796264e-08
0.0893454      	-9.4029116e-08
0.0893665      	-9.4261903e-08
0.0893877      	-9.4494898e-08
0.0894089      	-9.4727836e-08
0.0894301      	-9.4960989e-08
0.0894512      	-9.5194091e-08
0.0894724      	-9.5427413e-08
0.0894936      	-9.5660693e-08
0.0895147      	-9.5894201e-08
0.0895359      	-9.6127681e-08
0.089557       	-9.6361401e-08
0.0895782      	-9.6595100e-08
0.0895994      	-9.6829052e-08
0.0896205      	-9.7062995e-08
0.0896417      	-9.7297201e-08
0.0896628      	-9.7531409e-08
0.0896839      	-9.7765888e-08
0.0897051      	-9.8000387e-08
0.0897262      	-9.8235184e-08
0.0897474      	-9.8470018e-08
0.0897685      	-9.8705167e-08
0.0897896      	-9.8940374e-08
0.0898108      	-9.9175916e-08
0.0898319      	-9.9411540e-08
0.089853       	-9.9647527e-08
0.0898741      	-9.9883628e-08
0.0898953      	-1.0012013e-07
0.0899164      	-1.0035678e-07
0.0899375      	-1.0059386e-07
0.0899586      	-1.0083114e-07
0.0899797      	-1.0106894e-07
0.0900008      	-1.0130699e-07
0.0900219      	-1.0154560e-07
0.090043       	-1.0178452e-07
0.0900641      	-1.0202408e-07
0.0900852      	-1.0226408e-07
0.0901063      	-1.0250484e-07
0.0901274      	-1.0274619e-07
0.0901485      	-1.0298844e-07
0.0901696      	-1.0323146e-07
0.0901907      	-1.0347563e-07
0.0902118      	-1.0372083e-07
0.0902329      	-1.0396752e-07
0.090254       	-1.0421567e-07
0.090275       	-1.0446587e-07
0.0902961      	-1.0471825e-07
0.0903172      	-1.0497365e-07
0.0903383      	-1.0523255e-07
0.0903593      	-1.0549639e-07
0.0903804      	-1.0576661e-07
0.0904012      	-1.0604183e-07
0.0904196      	-1.0629866e-07
0.0904359      	-1.0654025e-07
0.0904501      	-1.0676959e-07
0.0904624      	-1.0699049e-07
0.0904729      	-1.0720736e-07
0.0904818      	-1.0742621e-07
0.0904893      	-1.0765306e-07
0.0904956      	-1.0789487e-07
0.0905008      	-1.0816203e-07
0.090505       	-1.0846543e-07
0.0905086      	-1.0881740e-07
0.0905115      	-1.0922845e-07
0.0905138      	-1.0971269e-07
0.0905157      	-1.1029883e-07
0.0905173      	-1.1101591e-07
0.0905186      	-1.1189877e-07
0.0905196      	-1.1297864e-07
0.0905204      	-1.1431689e-07
0.0905211      	-1.1598630e-07
0.0905216      	-1.1807248e-07
0.090522       	-1.2066872e-07
0.0905224      	-1.2389103e-07
0.0905227      	-1.2789335e-07
0.0905229      	-1.3287329e-07
0.0905231      	-1.3906815e-07
0.0905232      	-1.4678909e-07
0.0905233      	-1.5641003e-07
0.0905234      	-1.6839072e-07
0.0905235      	-1.8330074e-07
0.0905236      	-2.0186219e-07
0.0905236      	-2.2497245e-07
0.0905237      	-2.5376310e-07
0.0905237      	-2.8961051e-07
0.0905237      	-3.3424490e-07
0.0905237      	-3.8982919e-07
0.0905238      	-4.5905577e-07
0.0905238      	-5.4526920e-07
0.0905238      	-6.5264100e-07
0.0905238      	-7.8636471e-07
0.0905238      	-9.5291406e-07
0.0905238      	-1.1603335e-06
0.0905238      	-1.4186669e-06
0.0905238      	-1.7403972e-06
0.0905238      	-2.1410998e-06
0.0905238      	-2.6401492e-06
0.0905238      	-3.2616959e-06
0.0905238      	-4.0357992e-06
0.0905238      	-4.9999136e-06
0.0905238      	-6.2006822e-06
0.0905238      	-7.6961824e-06
0.0905238      	-9.5587868e-06
0.0905238      	-1.1878561e-05
0.0905238      	-1.4767802e-05
0.0905238      	-1.8366173e-05
0.0905238      	-2.2847930e-05
0.0905238      	-2.8429628e-05
0.0905238      	-3.5381698e-05
0.0905238      	-4.4039877e-05
0.0905238      	-5.4823914e-05
0.0905238      	-6.8254222e-05
0.0905238      	-8.4982460e-05
0.0905238      	-1.0581510e-04
0.0905238      	-1.3176411e-04
0.0905238      	-1.6407886e-04
0.0905238      	-2.0433147e-04
0.0905238      	-2.5445654e-04
0.0905238      	-3.1689757e-04
0.0905238      	-3.9464749e-04
0.0905238      	-4.9150683e-04
0.0905238      	-6.1211140e-04
0.0905238      	-7.6235914e-04
0.0905238      	-9.4943933e-04
0.0905238      	-1.1825020e-03
0.0905238      	-1.4726981e-03
0.0905238      	-1.8342220e-03
0.0905238      	-2.2843702e-03
0.0905238      	-2.8451614e-03
0.0905238      	-3.5434254e-03
0.0905238      	-4.4133176e-03
0.0905238      	-5.4964554e-03
0.0905238      	-6.8458212e-03
0.0905238      	-8.5259704e-03
0.0905238      	-1.0619089e-02
0.0905238      	-1.3225315e-02
0.0905238      	-1.6472134e-02
0.0905238      	-2.0514877e-02
0.0905238      	-2.5551302e-02
0.0905238      	-3.1822352e-02
0.0905238      	-3.9634789e-02
0.0905238      	-4.9362361e-02
0.0905238      	-6.1480914e-02
0.0905238      	-7.6570197e-02
0.0905238      	-9.5368341e-02
0.0905238      	-1.1877464e-01
0.0905238      	-1.4793408e-01
0.0905238      	-1.8424163e-01
0.0905238      	-2.2947338e-01
0.0905238      	-2.8579318e-01
0.0905238      	-3.5595609e-01
0.0905238      	-4.4331863e-01
0.0905238      	-5.5215444e-01
0.0905238      	-6.8767009e-01
0.0905238      	-8.5649478e-01
0.0905238      	-1.0667049e+00
0.0905238      	-1.3285836e+00
0.0905238      	-1.6546588e+00
0.0905238      	-2.0608817e+00
0.0905238      	-2.5666854e+00
0.0905238      	-3.1968131e+00
0.0905238      	-3.9814092e+00
0.0905238      	-4.9588552e+00
0.0905238      	-6.1759105e+00
0.0905238      	-7.6921122e+00
0.0905238      	-9.5799927e+00
0.0905238      	-1.1931905e+01
0.0905238      	-1.4860361e+01
0.0905238      	-1.8508617e+01
0.0905238      	-2.3051200e+01
0.0905238      	-2.8710329e+01
0.0905238      	-3.5756725e+01
0.0905238      	-4.4535092e+01
0.0905238      	-5.5465370e+01
0.0905238      	-6.9082260e+01
0.0905238      	-8.6037167e+01
0.0905238      	-1.0715951e+02
0.0905238      	-1.3345974e+02
0.0905238      	-1.6622445e+02
0.0905238      	-2.0702103e+02
0.0905238      	-2.5784523e+02
0.0905238      	-3.2112836e+02
0.0905238      	-3.9996619e+02
0.0905238      	-4.9813017e+02
0.0905238      	-6.2042240e+02
0.0905238      	-7.7269309e+02
0.0905238      	-9.6239123e+02
0.0905238      	-1.1985916e+03
0.0905238      	-1.4928489e+03
0.0905238      	-1.8592398e+03
0.0905238      	-2.3156879e+03
0.0905238      	-2.8840288e+03
0.0905238      	-3.5920653e+03
0.0905238      	-4.4736682e+03
0.0905238      	-5.5719653e+03
0.0905238      	-6.9394965e+03
0.0905238      	-8.6431608e+03
0.0905238      	-1.0764457e+04
0.0905238      	-1.3407160e+04
0.0905238      	-1.6697688e+04
0.0905238      	-2.0797013e+04
0.0905238      	-2.5901238e+04
0.0905238      	-3.2260058e+04
0.0905238      	-4.0177666e+04
0.0905238      	-5.0041387e+04
0.0905238      	-6.2323077e+04
0.0905238      	-7.7623554e+04
0.0905238      	-9.6674754e+04
0.0905238      	-1.2040866e+05
0.0905238      	-1.4996063e+05
0.0905238      	-1.8677635e+05
0.0905238      	-2.3261700e+05
0.0905238      	-2.8972507e+05
0.0905238      	-3.6083249e+05
0.0905238      	-4.4941780e+05
0.0905238      	-5.5971871e+05
0.0905238      	-6.9713110e+05
0.0905238      	-8.6822844e+05
0.0905238      	-1.0813808e+06
0.0905238      	-1.3467848e+06
0.0905238      	-1.6774239e+06
0.0905238      	-2.0891152e+06
0.0905238      	-2.6019983e+06
0.0905238      	-3.2406085e+06
0.0905238      	-4.0361863e+06
0.0905238      	-5.0267901e+06
0.0905238      	-6.2608801e+06
0.0905238      	-7.7974920e+06
0.0905238      	-9.7117965e+06
0.0905238      	-1.2095369e+07
0.0905238      	-1.5064813e+07
0.0905238      	-1.8762181e+07
0.0905238      	-2.3368344e+07
0.0905238      	-2.9103653e+07
0.0905238      	-3.6248675e+07
0.0905238      	-4.5145211e+07
0.0905238      	-5.6228477e+07
0.0905238      	-7.0028669e+07
0.0905238      	-8.7220888e+07
0.0905238      	-1.0862757e+08
0.0905238      	-1.3529592e+08
0.0905238      	-1.6850168e+08
0.0905238      	-2.0986928e+08
0.0905238      	-2.6137764e+08
0.0905238      	-3.2554652e+08
0.0905238      	-4.0544562e+08
0.0905238      	-5.0498357e+08
0.0905238      	-6.2892202e+08
0.0905238      	-7.8332400e+08
0.0905238      	-9.7557573e+08
0.0905238      	-1.2150821e+09
0.0905238      	-1.5133005e+09
0.0905238      	-1.8848197e+09
0.0905238      	-2.3474122e+09
0.0905238      	-2.9237080e+09
0.0905238      	-3.6412756e+09
0.0905238      	-4.5352181e+09
0.0905238      	-5.6482997e+09
0.0905238      	-7.0349719e+09
0.0905238      	-8.7615697e+09
0.0905238      	-1.0912558e+10
0.0905238      	-1.3590834e+10
0.0905238      	-1.6927419e+10
0.0905238      	-2.1081926e+10
0.0905238      	-2.6257594e+10
0.0905238      	-3.2702012e+10
0.0905238      	-4.0730441e+10
0.0905238      	-5.0726940e+10
0.0905238      	-6.3180535e+10
0.0905238      	-7.8686975e+10
0.0905238      	-9.8004831e+10
0.0905238      	-1.2205822e+11
0.0905238      	-1.5202383e+11
0.0905238      	-1.8933514e+11
0.0905238      	-2.3581741e+11
0.0905238      	-2.9369423e+11
0.0905238      	-3.6579692e+11
0.0905238      	-4.5557470e+11
