# Region type : patch outlet
# Faces        : 34923
# Area         : 6.0186191e-04
# Scale factor : 1.0000000e+00
# Time         	areaAverage(p)
6e-05          	0.0000000e+00
0.000132       	8.1620894e-04
0.0002184      	9.8653814e-04
0.00032208     	2.0098953e-03
0.000446496    	2.4334907e-03
0.000595795    	3.7667816e-03
0.000774954    	4.5716785e-03
0.000989945    	6.3754686e-03
0.00124793     	7.7642646e-03
0.00155752     	1.0297001e-02
0.00192903     	1.2600422e-02
0.00237483     	1.6288882e-02
0.0029098      	2.0061458e-02
0.00355176     	2.5636117e-02
0.00429765     	3.1839390e-02
0.00475382     	3.9892677e-02
0.00497048     	4.0907993e-02
0.00518408     	4.4370063e-02
0.00542151     	4.5406084e-02
0.00568516     	4.9450260e-02
0.00595414     	5.1130354e-02
0.0062144      	5.5386515e-02
0.00646879     	5.6982185e-02
0.00672414     	6.1210515e-02
0.00698347     	6.2929087e-02
0.0072456      	6.7349549e-02
0.0075082      	6.9230656e-02
0.00777027     	7.3764619e-02
0.00803213     	7.5736459e-02
0.00829441     	8.0369418e-02
0.00855734     	8.2455798e-02
0.00882083     	8.7209676e-02
0.00908463     	8.9415084e-02
0.00934861     	9.4284559e-02
0.00961272     	9.6604610e-02
0.00987701     	1.0158427e-01
0.0101415      	1.0401568e-01
0.0104061      	1.0910330e-01
0.0106708      	1.1164257e-01
0.0109356      	1.1684044e-01
0.0112005      	1.1949001e-01
0.0114655      	1.2479837e-01
0.0117307      	1.2755882e-01
0.0119958      	1.3297805e-01
0.0122611      	1.3584950e-01
0.0125265      	1.4138803e-01
0.0127919      	1.4437126e-01
0.0130543      	1.5001500e-01
0.0133099      	1.5299715e-01
0.0135591      	1.5851371e-01
0.0138025      	1.6138397e-01
0.01404        	1.6679459e-01
0.0142718      	1.6955306e-01
0.0144983      	1.7486285e-01
0.0147199      	1.7751942e-01
0.0149367      	1.8273219e-01
0.0151492      	1.8529696e-01
0.0153574      	1.9041608e-01
0.0155616      	1.9289514e-01
0.0157619      	1.9793433e-01
0.0159587      	2.0033736e-01
0.016152       	2.0530324e-01
0.0163419      	2.0763644e-01
0.0165288      	2.1253476e-01
0.0167125      	2.1480349e-01
0.0168934      	2.1963923e-01
0.0170714      	2.2184819e-01
0.0172468      	2.2662886e-01
0.0174196      	2.2878684e-01
0.0175899      	2.3351310e-01
0.0177578      	2.3561902e-01
0.0179234      	2.4029432e-01
0.0180867      	2.4235147e-01
0.0182479      	2.4697483e-01
0.0184071      	2.4898262e-01
0.0185642      	2.5356092e-01
0.0187193      	2.5552558e-01
0.0188726      	2.6006130e-01
0.019024       	2.6198521e-01
0.0191736      	2.6648181e-01
0.0193216      	2.6837335e-01
0.0194678      	2.7283163e-01
0.0196124      	2.7468652e-01
0.0197555      	2.7910837e-01
0.019897       	2.8092841e-01
0.020037       	2.8531555e-01
0.0201755      	2.8710049e-01
0.0203126      	2.9144922e-01
0.0204484      	2.9320255e-01
0.0205828      	2.9751966e-01
0.0207159      	2.9924281e-01
0.0208477      	3.0352965e-01
0.0209783      	3.0522391e-01
0.0211076      	3.0948174e-01
0.0212358      	3.1114832e-01
0.0213628      	3.1537829e-01
0.0214886      	3.1701833e-01
0.0216134      	3.2122152e-01
0.021737       	3.2283606e-01
0.0218597      	3.2701349e-01
0.0219812      	3.2860352e-01
0.0221018      	3.3275612e-01
0.0222213      	3.3432836e-01
0.0223399      	3.3845804e-01
0.0224576      	3.4000752e-01
0.0225742      	3.4411405e-01
0.02269        	3.4564157e-01
0.0228049      	3.4972574e-01
0.0229189      	3.5123207e-01
0.023032       	3.5529459e-01
0.0231443      	3.5677854e-01
0.0232558      	3.6081533e-01
0.0233664      	3.6227952e-01
0.0234763      	3.6629605e-01
0.0235853      	3.6774112e-01
0.0236936      	3.7173801e-01
0.0238011      	3.7316458e-01
0.0239079      	3.7714241e-01
0.024014       	3.7855104e-01
0.0241193      	3.8251037e-01
0.0242239      	3.8390160e-01
0.0243279      	3.8784295e-01
0.0244311      	3.8921731e-01
0.0245337      	3.9314119e-01
0.0246356      	3.9449916e-01
0.0247369      	3.9840604e-01
0.0248375      	3.9974809e-01
0.0249375      	4.0363842e-01
0.0250369      	4.0496500e-01
0.0251357      	4.0884159e-01
0.0252339      	4.1015714e-01
0.0253315      	4.1401800e-01
0.0254285      	4.1531888e-01
0.0255249      	4.1916440e-01
0.0256208      	4.2045100e-01
0.0257161      	4.2428155e-01
0.0258108      	4.2555425e-01
0.0259051      	4.2937019e-01
0.0259987      	4.3062934e-01
0.0260919      	4.3443102e-01
0.0261846      	4.3567078e-01
0.0262767      	4.3945846e-01
0.0263683      	4.4068536e-01
0.0264595      	4.4445946e-01
0.0265501      	4.4567381e-01
0.0266403      	4.4943462e-01
0.02673        	4.5063673e-01
0.0268192      	4.5438454e-01
0.0269079      	4.5557470e-01
0.0269962      	4.5930978e-01
0.0270841      	4.6048826e-01
0.0271715      	4.6421677e-01
0.0272584      	4.6538408e-01
0.027345       	4.6910037e-01
0.0274311      	4.7025651e-01
0.0275167      	4.7396083e-01
0.027602       	4.7510604e-01
0.0276868      	4.7879865e-01
0.0277713      	4.7993317e-01
0.0278553      	4.8361427e-01
0.0279389      	4.8473834e-01
0.0280222      	4.8840817e-01
0.028105       	4.8952040e-01
0.0281875      	4.9317478e-01
0.0282696      	4.9427700e-01
0.0283513      	4.9792056e-01
0.0284326      	4.9901298e-01
0.0285136      	5.0264592e-01
0.0285942      	5.0372875e-01
0.0286744      	5.0735125e-01
0.0287543      	5.0842468e-01
0.0288339      	5.1203694e-01
0.0289131      	5.1310115e-01
0.0289919      	5.1670335e-01
0.0290705      	5.1775852e-01
0.0291486      	5.2135083e-01
0.0292265      	5.2239715e-01
0.029304       	5.2597974e-01
0.0293812      	5.2701737e-01
0.0294581      	5.3059041e-01
0.0295346      	5.3161951e-01
0.0296109      	5.3518315e-01
0.0296868      	5.3620389e-01
0.0297624      	5.3975829e-01
0.0298378      	5.4077081e-01
0.0299128      	5.4431613e-01
0.0299875      	5.4532059e-01
0.0300619      	5.4885697e-01
0.0301361      	5.4985830e-01
0.0302099      	5.5338683e-01
0.0302834      	5.5438038e-01
0.0303567      	5.5790023e-01
0.0304297      	5.5888611e-01
0.0305024      	5.6239742e-01
0.0305748      	5.6337578e-01
0.030647       	5.6687866e-01
0.0307189      	5.6784963e-01
0.0307905      	5.7134423e-01
0.0308618      	5.7230793e-01
0.0309329      	5.7579436e-01
0.0310038      	5.7675091e-01
0.0310743      	5.8022899e-01
0.0311446      	5.8117317e-01
0.0312147      	5.8464333e-01
0.0312845      	5.8558061e-01
0.0313541      	5.8904296e-01
0.0314234      	5.8997346e-01
0.0314924      	5.9342813e-01
0.0315613      	5.9435196e-01
0.0316298      	5.9779903e-01
0.0316982      	5.9871629e-01
0.0317663      	6.0215588e-01
0.0318342      	6.0306669e-01
0.0319018      	6.0649890e-01
0.0319692      	6.0740335e-01
0.0320364      	6.1082827e-01
0.0321034      	6.1172646e-01
0.0321701      	6.1514419e-01
0.0322366      	6.1603622e-01
0.0323029      	6.1944686e-01
0.032369       	6.2033282e-01
0.0324348      	6.2373646e-01
0.0325005      	6.2461644e-01
0.0325659      	6.2801317e-01
0.0326311      	6.2888726e-01
0.0326961      	6.3227717e-01
0.0327609      	6.3314547e-01
0.0328255      	6.3652863e-01
0.0328899      	6.3739121e-01
0.0329541      	6.4076772e-01
0.0330181      	6.4162467e-01
0.0330819      	6.4499615e-01
0.0331454      	6.4585145e-01
0.0332088      	6.4921642e-01
0.033272       	6.5006624e-01
0.033335       	6.5342477e-01
0.0333978      	6.5426919e-01
0.0334604      	6.5762137e-01
0.0335229      	6.5846046e-01
0.0335851      	6.6180637e-01
0.0336472      	6.6264021e-01
0.033709       	6.6597990e-01
0.0337707      	6.6680856e-01
0.0338322      	6.7014213e-01
0.0338935      	6.7096567e-01
0.0339547      	6.7429317e-01
0.0340156      	6.7511168e-01
0.0340764      	6.7843181e-01
0.034137       	6.7924139e-01
0.0341974      	6.8255560e-01
0.0342577      	6.8336028e-01
0.0343178      	6.8666863e-01
0.0343777      	6.8746849e-01
0.0344375      	6.9077106e-01
0.034497       	6.9156615e-01
0.0345564      	6.9486299e-01
0.0346157      	6.9565339e-01
0.0346748      	6.9894456e-01
0.0347337      	6.9973032e-01
0.0347925      	7.0301589e-01
0.034851       	7.0379707e-01
0.0349095      	7.0707709e-01
0.0349678      	7.0785375e-01
0.0350259      	7.1112828e-01
0.0350838      	7.1190282e-01
0.0351416      	7.1517481e-01
0.0351993      	7.1594494e-01
0.0352568      	7.1921155e-01
0.0353141      	7.1997731e-01
0.0353713      	7.2323859e-01
0.0354284      	7.2400004e-01
0.0354853      	7.2725604e-01
0.035542       	7.2801325e-01
0.0355986      	7.3126401e-01
0.035655       	7.3201702e-01
0.0357113      	7.3526260e-01
0.0357675      	7.3601147e-01
0.0358235      	7.3925192e-01
0.0358794      	7.3999669e-01
0.0359351      	7.4323207e-01
0.0359907      	7.4397278e-01
0.0360462      	7.4720313e-01
0.0361015      	7.4793556e-01
0.0361566      	7.5116007e-01
0.0362117      	7.5188856e-01
0.0362666      	7.5510814e-01
0.0363213      	7.5583274e-01
0.0363759      	7.5904744e-01
0.0364304      	7.5976819e-01
0.0364848      	7.6297806e-01
0.036539       	7.6369500e-01
0.0365931      	7.6690008e-01
0.0366471      	7.6761327e-01
0.0367009      	7.7081359e-01
0.0367546      	7.7152306e-01
0.0368082      	7.7471868e-01
0.0368616      	7.7542449e-01
0.0369149      	7.7861544e-01
0.0369681      	7.7931761e-01
0.0370212      	7.8250394e-01
0.0370741      	7.8320253e-01
0.037127       	7.8638427e-01
0.0371797      	7.8707931e-01
0.0372322      	7.9025651e-01
0.0372847      	7.9094804e-01
0.037337       	7.9412074e-01
0.0373892      	7.9480880e-01
0.0374413      	7.9797703e-01
0.0374933      	7.9866166e-01
0.0375451      	8.0182546e-01
0.0375969      	8.0250670e-01
0.0376485      	8.0566611e-01
0.0377         	8.0634399e-01
0.0377514      	8.0949905e-01
0.0378026      	8.1017361e-01
0.0378538      	8.1332435e-01
0.0379048      	8.1399562e-01
0.0379558      	8.1714208e-01
0.0380066      	8.1781011e-01
0.0380573      	8.2095296e-01
0.0381079      	8.2162210e-01
0.0381584      	8.2476073e-01
0.0382088      	8.2542669e-01
0.038259       	8.2856113e-01
0.0383092      	8.2922393e-01
0.0383592      	8.3235422e-01
0.0384092      	8.3301390e-01
0.038459       	8.3614006e-01
0.0385087      	8.3679665e-01
0.0385583      	8.3991872e-01
0.0386079      	8.4057226e-01
0.0386573      	8.4369027e-01
0.0387066      	8.4434079e-01
0.0387558      	8.4745477e-01
0.0388049      	8.4810229e-01
0.0388539      	8.5121228e-01
0.0389028      	8.5185684e-01
0.0389516      	8.5496285e-01
0.0390003      	8.5560448e-01
0.0390488      	8.5870654e-01
0.0390973      	8.5934040e-01
0.0391457      	8.6243855e-01
0.039194       	8.6306955e-01
0.0392422      	8.6616383e-01
0.0392903      	8.6679199e-01
0.0393383      	8.6988242e-01
0.0393862      	8.7050778e-01
0.039434       	8.7359440e-01
0.0394817      	8.7421698e-01
0.0395293      	8.7729981e-01
0.0395769      	8.7791964e-01
0.0396243      	8.8099871e-01
0.0396716      	8.8161581e-01
0.0397189      	8.8469115e-01
0.039766       	8.8530556e-01
0.0398131      	8.8837718e-01
0.03986        	8.8898892e-01
0.0399069      	8.9205687e-01
0.0399537      	8.9266596e-01
0.0400004      	8.9573025e-01
0.040047       	8.9633699e-01
0.0400935      	8.9943106e-01
0.0401399      	9.0003516e-01
0.0401862      	9.0312557e-01
0.0402324      	9.0372706e-01
0.0402786      	9.0681383e-01
0.0403246      	9.0741273e-01
0.0403706      	9.1049589e-01
0.0404165      	9.1109223e-01
0.0404623      	9.1417179e-01
0.040508       	9.1476560e-01
0.0405536      	9.1784160e-01
0.0405992      	9.1843289e-01
0.0406446      	9.2150534e-01
0.04069        	9.2209414e-01
0.0407353      	9.2516308e-01
0.0407805      	9.2574941e-01
0.0408256      	9.2881485e-01
0.0408706      	9.2939874e-01
0.0409155      	9.3246070e-01
0.0409604      	9.3304218e-01
0.0410052      	9.3610069e-01
0.0410499      	9.3667976e-01
0.0410945      	9.3973485e-01
0.041139       	9.4031155e-01
0.0411835      	9.4336322e-01
0.0412279      	9.4393757e-01
0.0412721      	9.4698586e-01
0.0413164      	9.4755788e-01
0.0413605      	9.5060281e-01
0.0414045      	9.5117251e-01
0.0414485      	9.5421410e-01
0.0414924      	9.5478152e-01
0.0415362      	9.5781978e-01
0.04158        	9.5838493e-01
0.0416236      	9.6141990e-01
0.0416672      	9.6198280e-01
0.0417107      	9.6501449e-01
0.0417542      	9.6557516e-01
0.0417975      	9.6860359e-01
0.0418408      	9.6916206e-01
0.041884       	9.7218724e-01
0.0419271      	9.7274353e-01
0.0419702      	9.7576549e-01
0.0420132      	9.7631961e-01
0.0420561      	9.7933694e-01
0.0420989      	9.7988569e-01
0.0421417      	9.8289985e-01
0.0421843      	9.8344647e-01
0.042227       	9.8645747e-01
0.0422695      	9.8700199e-01
0.042312       	9.9000985e-01
0.0423544      	9.9055228e-01
0.0423967      	9.9355703e-01
0.0424389      	9.9409739e-01
0.0424811      	9.9709903e-01
0.0425232      	9.9763735e-01
0.0425653      	1.0006359e+00
0.0426073      	1.0011722e+00
0.0426492      	1.0041677e+00
0.042691       	1.0047020e+00
0.0427328      	1.0076944e+00
0.0427745      	1.0082267e+00
0.0428161      	1.0112161e+00
0.0428576      	1.0117464e+00
0.0428991      	1.0147328e+00
0.0429405      	1.0152611e+00
0.0429819      	1.0182445e+00
0.0430232      	1.0187709e+00
0.0430644      	1.0217539e+00
0.0431056      	1.0222804e+00
0.0431467      	1.0252604e+00
0.0431877      	1.0257849e+00
0.0432286      	1.0287620e+00
0.0432695      	1.0292847e+00
0.0433104      	1.0322588e+00
0.0433511      	1.0327796e+00
0.0433918      	1.0357507e+00
0.0434324      	1.0362696e+00
0.043473       	1.0392379e+00
0.0435135      	1.0397550e+00
0.0435539      	1.0427204e+00
0.0435943      	1.0432356e+00
0.0436346      	1.0461981e+00
0.0436749      	1.0467115e+00
0.0437151      	1.0496712e+00
0.0437552      	1.0501827e+00
0.0437952      	1.0531396e+00
0.0438352      	1.0536493e+00
0.0438752      	1.0566033e+00
0.0439151      	1.0571113e+00
0.0439549      	1.0600625e+00
0.0439946      	1.0605687e+00
0.0440343      	1.0635171e+00
0.0440739      	1.0640216e+00
0.0441135      	1.0669672e+00
0.044153       	1.0674699e+00
0.0441925      	1.0704127e+00
0.0442319      	1.0709138e+00
0.0442712      	1.0738538e+00
0.0443105      	1.0743532e+00
0.0443497      	1.0772905e+00
0.0443888      	1.0777881e+00
0.0444279      	1.0807227e+00
0.044467       	1.0812186e+00
0.0445059      	1.0841505e+00
0.0445449      	1.0846448e+00
0.0445837      	1.0875739e+00
0.0446225      	1.0880666e+00
0.0446613      	1.0909930e+00
0.0447         	1.0914840e+00
0.0447386      	1.0944078e+00
0.0447772      	1.0948972e+00
0.0448157      	1.0978183e+00
0.0448542      	1.0983061e+00
0.0448926      	1.1012245e+00
0.0449309      	1.1017107e+00
0.0449692      	1.1046265e+00
0.0450075      	1.1051111e+00
0.0450457      	1.1080243e+00
0.0450838      	1.1085073e+00
0.0451219      	1.1114179e+00
0.0451599      	1.1118993e+00
0.0451979      	1.1148073e+00
0.0452358      	1.1152872e+00
0.0452736      	1.1181926e+00
0.0453114      	1.1186710e+00
0.0453492      	1.1215738e+00
0.0453869      	1.1220506e+00
0.0454245      	1.1249508e+00
0.0454621      	1.1254262e+00
0.0454997      	1.1283238e+00
0.0455371      	1.1287977e+00
0.0455746      	1.1316928e+00
0.045612       	1.1321651e+00
0.0456493      	1.1350578e+00
0.0456866      	1.1355286e+00
0.0457238      	1.1384187e+00
0.045761       	1.1388881e+00
0.0457981      	1.1417757e+00
0.0458351      	1.1422436e+00
0.0458722      	1.1451287e+00
0.0459091      	1.1455952e+00
0.0459461      	1.1484778e+00
0.0459829      	1.1489428e+00
0.0460197      	1.1518230e+00
0.0460565      	1.1522843e+00
0.0460932      	1.1551599e+00
0.0461299      	1.1556198e+00
0.0461665      	1.1584930e+00
0.0462031      	1.1589515e+00
0.0462396      	1.1618222e+00
0.0462761      	1.1622793e+00
0.0463125      	1.1651477e+00
0.0463489      	1.1656034e+00
0.0463852      	1.1684693e+00
0.0464215      	1.1689237e+00
0.0464577      	1.1717872e+00
0.0464939      	1.1722402e+00
0.04653        	1.1751013e+00
0.0465661      	1.1755530e+00
0.0466021      	1.1784117e+00
0.0466381      	1.1788621e+00
0.046674       	1.1817184e+00
0.0467099      	1.1821674e+00
0.0467458      	1.1850214e+00
0.0467816      	1.1854691e+00
0.0468173      	1.1883207e+00
0.046853       	1.1887672e+00
0.0468887      	1.1916164e+00
0.0469243      	1.1920616e+00
0.0469599      	1.1949085e+00
0.0469954      	1.1953524e+00
0.0470309      	1.1981969e+00
0.0470663      	1.1986433e+00
0.0471017      	1.2014861e+00
0.047137       	1.2019312e+00
0.0471723      	1.2047716e+00
0.0472075      	1.2052155e+00
0.0472428      	1.2080537e+00
0.0472779      	1.2084963e+00
0.047313       	1.2113321e+00
0.0473481      	1.2117735e+00
0.0473831      	1.2146071e+00
0.0474181      	1.2150472e+00
0.047453       	1.2178785e+00
0.0474879      	1.2183174e+00
0.0475228      	1.2211464e+00
0.0475576      	1.2215842e+00
0.0475923      	1.2244109e+00
0.047627       	1.2248475e+00
0.0476617      	1.2276719e+00
0.0476964      	1.2281073e+00
0.0477309      	1.2309295e+00
0.0477655      	1.2313637e+00
0.0478         	1.2341837e+00
0.0478344      	1.2346167e+00
0.0478689      	1.2374345e+00
0.0479032      	1.2378663e+00
0.0479376      	1.2406819e+00
0.0479719      	1.2411126e+00
0.0480061      	1.2439259e+00
0.0480403      	1.2443555e+00
0.0480745      	1.2471665e+00
0.0481086      	1.2475950e+00
0.0481427      	1.2504039e+00
0.0481767      	1.2508312e+00
0.0482107      	1.2536379e+00
0.0482447      	1.2540641e+00
0.0482786      	1.2568686e+00
0.0483125      	1.2572937e+00
0.0483463      	1.2600961e+00
0.0483801      	1.2605201e+00
0.0484138      	1.2633203e+00
0.0484476      	1.2637432e+00
0.0484812      	1.2665412e+00
0.0485149      	1.2669630e+00
0.0485485      	1.2697589e+00
0.048582       	1.2701796e+00
0.0486155      	1.2729734e+00
0.048649       	1.2733930e+00
0.0486824      	1.2761846e+00
0.0487158      	1.2766032e+00
0.0487492      	1.2793927e+00
0.0487825      	1.2798103e+00
0.0488158      	1.2825976e+00
0.048849       	1.2830141e+00
0.0488822      	1.2857994e+00
0.0489154      	1.2862149e+00
0.0489485      	1.2889980e+00
0.0489816      	1.2894124e+00
0.0490146      	1.2921935e+00
0.0490476      	1.2926069e+00
0.0490806      	1.2953859e+00
0.0491135      	1.2957983e+00
0.0491464      	1.2985752e+00
0.0491793      	1.2989865e+00
0.0492121      	1.3017614e+00
0.0492449      	1.3021717e+00
0.0492776      	1.3049445e+00
0.0493103      	1.3053538e+00
0.049343       	1.3081246e+00
0.0493756      	1.3085329e+00
0.0494082      	1.3113016e+00
0.0494408      	1.3117090e+00
0.0494733      	1.3144757e+00
0.0495058      	1.3148820e+00
0.0495382      	1.3176467e+00
0.0495706      	1.3180520e+00
0.049603       	1.3208147e+00
0.0496353      	1.3212191e+00
0.0496676      	1.3239797e+00
0.0496999      	1.3243831e+00
0.0497321      	1.3271418e+00
0.0497643      	1.3275442e+00
0.0497965      	1.3303009e+00
0.0498286      	1.3307024e+00
0.0498607      	1.3334570e+00
0.0498927      	1.3338576e+00
0.0499247      	1.3366103e+00
0.0499567      	1.3370099e+00
0.0499886      	1.3397606e+00
0.0500206      	1.3401593e+00
0.0500524      	1.3419519e+00
0.0500843      	1.3418220e+00
0.0501162      	1.3436136e+00
0.050148       	1.3434836e+00
0.0501798      	1.3452742e+00
0.0502116      	1.3451441e+00
0.0502434      	1.3469338e+00
0.0502752      	1.3468035e+00
0.050307       	1.3485923e+00
0.0503388      	1.3484619e+00
0.0503705      	1.3502498e+00
0.0504022      	1.3501193e+00
0.0504339      	1.3519063e+00
0.0504656      	1.3517758e+00
0.0504973      	1.3535618e+00
0.050529       	1.3534312e+00
0.0505606      	1.3552163e+00
0.0505923      	1.3550856e+00
0.0506239      	1.3568698e+00
0.0506555      	1.3567391e+00
0.0506871      	1.3585224e+00
0.0507187      	1.3583916e+00
0.0507503      	1.3601739e+00
0.0507818      	1.3600431e+00
0.0508134      	1.3618245e+00
0.0508449      	1.3616936e+00
0.0508764      	1.3634741e+00
0.0509079      	1.3633431e+00
0.0509394      	1.3651227e+00
0.0509708      	1.3649916e+00
0.0510023      	1.3667703e+00
0.0510337      	1.3666394e+00
0.0510652      	1.3684210e+00
0.0510966      	1.3682900e+00
0.051128       	1.3700706e+00
0.0511594      	1.3699396e+00
0.0511907      	1.3717192e+00
0.0512221      	1.3715881e+00
0.0512534      	1.3733669e+00
0.0512848      	1.3732357e+00
0.0513161      	1.3750135e+00
0.0513474      	1.3748822e+00
0.0513787      	1.3766591e+00
0.0514099      	1.3765277e+00
0.0514412      	1.3783037e+00
0.0514725      	1.3781723e+00
0.0515037      	1.3799473e+00
0.0515349      	1.3798158e+00
0.0515661      	1.3815899e+00
0.0515973      	1.3814582e+00
0.0516285      	1.3832314e+00
0.0516596      	1.3830997e+00
0.0516908      	1.3848719e+00
0.0517219      	1.3847401e+00
0.051753       	1.3865114e+00
0.0517842      	1.3863795e+00
0.0518153      	1.3881499e+00
0.0518463      	1.3880179e+00
0.0518774      	1.3897874e+00
0.0519085      	1.3896553e+00
0.0519395      	1.3914238e+00
0.0519705      	1.3912916e+00
0.0520015      	1.3930592e+00
0.0520325      	1.3929270e+00
0.0520635      	1.3946936e+00
0.0520945      	1.3945613e+00
0.0521255      	1.3963270e+00
0.0521564      	1.3961945e+00
0.0521873      	1.3979593e+00
0.0522183      	1.3978268e+00
0.0522492      	1.3995907e+00
0.0522801      	1.3994580e+00
0.0523109      	1.4012210e+00
0.0523418      	1.4010882e+00
0.0523727      	1.4028503e+00
0.0524035      	1.4027174e+00
0.0524343      	1.4044785e+00
0.0524651      	1.4043456e+00
0.0524959      	1.4061057e+00
0.0525267      	1.4059727e+00
0.0525575      	1.4077320e+00
0.0525883      	1.4075989e+00
0.052619       	1.4093572e+00
0.0526497      	1.4092240e+00
0.0526805      	1.4109814e+00
0.0527112      	1.4108481e+00
0.0527419      	1.4126045e+00
0.0527725      	1.4124711e+00
0.0528032      	1.4142267e+00
0.0528339      	1.4140932e+00
0.0528645      	1.4158478e+00
0.0528951      	1.4157143e+00
0.0529257      	1.4174680e+00
0.0529563      	1.4173343e+00
0.0529869      	1.4190871e+00
0.0530175      	1.4189534e+00
0.0530481      	1.4207052e+00
0.0530786      	1.4205714e+00
0.0531092      	1.4223223e+00
0.0531397      	1.4221884e+00
0.0531702      	1.4239384e+00
0.0532007      	1.4238044e+00
0.0532312      	1.4255535e+00
0.0532617      	1.4254195e+00
0.0532921      	1.4271676e+00
0.0533226      	1.4270335e+00
0.053353       	1.4287808e+00
0.0533834      	1.4286465e+00
0.0534138      	1.4303929e+00
0.0534442      	1.4302586e+00
0.0534746      	1.4320040e+00
0.053505       	1.4318697e+00
0.0535354      	1.4336142e+00
0.0535657      	1.4334797e+00
0.053596       	1.4352234e+00
0.0536264      	1.4350888e+00
0.0536567      	1.4368315e+00
0.053687       	1.4366969e+00
0.0537172      	1.4384388e+00
0.0537475      	1.4383041e+00
0.0537778      	1.4400450e+00
0.053808       	1.4399102e+00
0.0538383      	1.4416503e+00
0.0538685      	1.4415154e+00
0.0538987      	1.4432545e+00
0.0539289      	1.4431197e+00
0.0539591      	1.4448579e+00
0.0539892      	1.4447229e+00
0.0540194      	1.4464602e+00
0.0540495      	1.4463227e+00
0.0540797      	1.4480578e+00
0.0541098      	1.4479202e+00
0.0541399      	1.4496543e+00
0.05417        	1.4495167e+00
0.0542001      	1.4512500e+00
0.0542302      	1.4511123e+00
0.0542602      	1.4528447e+00
0.0542903      	1.4527069e+00
0.0543203      	1.4544384e+00
0.0543503      	1.4543006e+00
0.0543803      	1.4560312e+00
0.0544103      	1.4558934e+00
0.0544403      	1.4576231e+00
0.0544703      	1.4574852e+00
0.0545002      	1.4592140e+00
0.0545302      	1.4590761e+00
0.0545601      	1.4608041e+00
0.0545901      	1.4606661e+00
0.05462        	1.4623932e+00
0.0546499      	1.4622551e+00
0.0546798      	1.4639814e+00
0.0547096      	1.4638433e+00
0.0547395      	1.4655687e+00
0.0547694      	1.4654305e+00
0.0547992      	1.4671550e+00
0.054829       	1.4670169e+00
0.0548589      	1.4687405e+00
0.0548887      	1.4686023e+00
0.0549184      	1.4703251e+00
0.0549482      	1.4701868e+00
0.054978       	1.4719087e+00
0.0550078      	1.4717704e+00
0.0550375      	1.4734925e+00
0.0550672      	1.4733570e+00
0.055097       	1.4750782e+00
0.0551267      	1.4749427e+00
0.0551564      	1.4766630e+00
0.0551861      	1.4765275e+00
0.0552157      	1.4782470e+00
0.0552454      	1.4781114e+00
0.055275       	1.4798300e+00
0.0553047      	1.4796944e+00
0.0553343      	1.4814122e+00
0.0553639      	1.4812765e+00
0.0553935      	1.4829934e+00
0.0554231      	1.4828578e+00
0.0554527      	1.4845739e+00
0.0554823      	1.4844382e+00
0.0555118      	1.4861534e+00
0.0555414      	1.4860177e+00
0.0555709      	1.4877321e+00
0.0556004      	1.4875963e+00
0.0556299      	1.4893099e+00
0.0556594      	1.4891741e+00
0.0556889      	1.4908869e+00
0.0557184      	1.4907511e+00
0.0557479      	1.4924630e+00
0.0557773      	1.4923272e+00
0.0558068      	1.4940382e+00
0.0558362      	1.4939024e+00
0.0558656      	1.4956126e+00
0.055895       	1.4954768e+00
0.0559244      	1.4971862e+00
0.0559538      	1.4970503e+00
0.0559832      	1.4987589e+00
0.0560125      	1.4986231e+00
0.0560419      	1.5003308e+00
0.0560712      	1.5001949e+00
0.0561005      	1.5019018e+00
0.0561298      	1.5017660e+00
0.0561591      	1.5034721e+00
0.0561884      	1.5033362e+00
0.0562177      	1.5050415e+00
0.056247       	1.5049056e+00
0.0562762      	1.5066100e+00
0.0563055      	1.5064742e+00
0.0563347      	1.5081778e+00
0.0563639      	1.5080419e+00
0.0563932      	1.5097447e+00
0.0564224      	1.5096089e+00
0.0564515      	1.5113109e+00
0.0564807      	1.5111750e+00
0.0565099      	1.5128762e+00
0.056539       	1.5127404e+00
0.0565682      	1.5144407e+00
0.0565973      	1.5143049e+00
0.0566264      	1.5160045e+00
0.0566556      	1.5158686e+00
0.0566847      	1.5175674e+00
0.0567137      	1.5174316e+00
0.0567428      	1.5191295e+00
0.0567719      	1.5189937e+00
0.0568009      	1.5206909e+00
0.05683        	1.5205551e+00
0.056859       	1.5222514e+00
0.056888       	1.5221157e+00
0.056917       	1.5238112e+00
0.056946       	1.5236754e+00
0.056975       	1.5253702e+00
0.057004       	1.5252345e+00
0.057033       	1.5269284e+00
0.0570619      	1.5267927e+00
0.0570909      	1.5284859e+00
0.0571198      	1.5283502e+00
0.0571487      	1.5300425e+00
0.0571776      	1.5299069e+00
0.0572065      	1.5315985e+00
0.0572354      	1.5314628e+00
0.0572643      	1.5331536e+00
0.0572932      	1.5330180e+00
0.057322       	1.5347080e+00
0.0573509      	1.5345724e+00
0.0573797      	1.5362616e+00
0.0574085      	1.5361261e+00
0.0574374      	1.5378145e+00
0.0574662      	1.5376790e+00
0.057495       	1.5393666e+00
0.0575237      	1.5392311e+00
0.0575525      	1.5409180e+00
0.0575813      	1.5407825e+00
0.05761        	1.5424686e+00
0.0576388      	1.5423332e+00
0.0576675      	1.5440185e+00
0.0576962      	1.5438831e+00
0.0577249      	1.5455677e+00
0.0577536      	1.5454323e+00
0.0577823      	1.5471161e+00
0.057811       	1.5469808e+00
0.0578396      	1.5486638e+00
0.0578683      	1.5485285e+00
0.0578969      	1.5502107e+00
0.0579255      	1.5500755e+00
0.0579542      	1.5517569e+00
0.0579828      	1.5516217e+00
0.0580114      	1.5533024e+00
0.05804        	1.5531658e+00
0.0580685      	1.5548435e+00
0.0580971      	1.5547069e+00
0.0581257      	1.5563839e+00
0.0581542      	1.5562473e+00
0.0581827      	1.5579236e+00
0.0582113      	1.5577871e+00
0.0582398      	1.5594625e+00
0.0582683      	1.5593261e+00
0.0582968      	1.5610008e+00
0.0583253      	1.5608644e+00
0.0583537      	1.5625383e+00
0.0583822      	1.5624019e+00
0.0584107      	1.5640751e+00
0.0584391      	1.5639388e+00
0.0584675      	1.5656113e+00
0.0584959      	1.5654750e+00
0.0585244      	1.5671467e+00
0.0585528      	1.5670105e+00
0.0585811      	1.5686815e+00
0.0586095      	1.5685453e+00
0.0586379      	1.5702155e+00
0.0586663      	1.5700794e+00
0.0586946      	1.5717489e+00
0.0587229      	1.5716129e+00
0.0587513      	1.5732816e+00
0.0587796      	1.5731456e+00
0.0588079      	1.5748136e+00
0.0588362      	1.5746777e+00
0.0588645      	1.5763449e+00
0.0588928      	1.5762090e+00
0.058921       	1.5778755e+00
0.0589493      	1.5777397e+00
0.0589775      	1.5794055e+00
0.0590058      	1.5792698e+00
0.059034       	1.5809355e+00
0.0590622      	1.5808027e+00
0.0590904      	1.5824677e+00
0.0591186      	1.5823350e+00
0.0591468      	1.5839993e+00
0.059175       	1.5838667e+00
0.0592031      	1.5855302e+00
0.0592313      	1.5853976e+00
0.0592594      	1.5870604e+00
0.0592876      	1.5869279e+00
0.0593157      	1.5885899e+00
0.0593438      	1.5884575e+00
0.0593719      	1.5901188e+00
0.0594         	1.5899864e+00
0.0594281      	1.5916470e+00
0.0594562      	1.5915147e+00
0.0594842      	1.5931745e+00
0.0595123      	1.5930423e+00
0.0595403      	1.5947014e+00
0.0595684      	1.5945693e+00
0.0595964      	1.5962276e+00
0.0596244      	1.5960955e+00
0.0596524      	1.5977532e+00
0.0596804      	1.5976212e+00
0.0597084      	1.5992781e+00
0.0597364      	1.5991461e+00
0.0597643      	1.6008023e+00
0.0597923      	1.6006705e+00
0.0598202      	1.6023259e+00
0.0598482      	1.6021941e+00
0.0598761      	1.6038489e+00
0.059904       	1.6037171e+00
0.0599319      	1.6053712e+00
0.0599598      	1.6052395e+00
0.0599877      	1.6068928e+00
0.0600156      	1.6067612e+00
0.0600434      	1.6084138e+00
0.0600713      	1.6082823e+00
0.0600991      	1.6099341e+00
0.060127       	1.6098027e+00
0.0601548      	1.6114539e+00
0.0601826      	1.6113225e+00
0.0602104      	1.6129729e+00
0.0602382      	1.6128416e+00
0.060266       	1.6144913e+00
0.0602938      	1.6143601e+00
0.0603216      	1.6160091e+00
0.0603493      	1.6158780e+00
0.0603771      	1.6175263e+00
0.0604048      	1.6173952e+00
0.0604325      	1.6190428e+00
0.0604603      	1.6189118e+00
0.060488       	1.6205587e+00
0.0605157      	1.6204278e+00
0.0605434      	1.6220739e+00
0.0605711      	1.6219431e+00
0.0605987      	1.6235885e+00
0.0606264      	1.6234578e+00
0.060654       	1.6251025e+00
0.0606817      	1.6249719e+00
0.0607093      	1.6266159e+00
0.0607369      	1.6264853e+00
0.0607646      	1.6281286e+00
0.0607922      	1.6279981e+00
0.0608198      	1.6296407e+00
0.0608473      	1.6295103e+00
0.0608749      	1.6311522e+00
0.0609025      	1.6310219e+00
0.06093        	1.6326631e+00
0.0609576      	1.6325328e+00
0.0609851      	1.6341733e+00
0.0610127      	1.6340432e+00
0.0610402      	1.6356829e+00
0.0610677      	1.6355529e+00
0.0610952      	1.6371919e+00
0.0611227      	1.6370620e+00
0.0611502      	1.6387003e+00
0.0611776      	1.6385704e+00
0.0612051      	1.6402081e+00
0.0612326      	1.6400783e+00
0.06126        	1.6417153e+00
0.0612874      	1.6415856e+00
0.0613149      	1.6432218e+00
0.0613423      	1.6430922e+00
0.0613697      	1.6447278e+00
0.0613971      	1.6445982e+00
0.0614245      	1.6462331e+00
0.0614519      	1.6461036e+00
0.0614792      	1.6477378e+00
0.0615066      	1.6476085e+00
0.0615339      	1.6492419e+00
0.0615613      	1.6491127e+00
0.0615886      	1.6507454e+00
0.0616159      	1.6506163e+00
0.0616433      	1.6522483e+00
0.0616706      	1.6521193e+00
0.0616979      	1.6537506e+00
0.0617251      	1.6536217e+00
0.0617524      	1.6552523e+00
0.0617797      	1.6551234e+00
0.0618069      	1.6567534e+00
0.0618342      	1.6566246e+00
0.0618614      	1.6582539e+00
0.0618887      	1.6581252e+00
0.0619159      	1.6597538e+00
0.0619431      	1.6596252e+00
0.0619703      	1.6612531e+00
0.0619975      	1.6611246e+00
0.0620247      	1.6627518e+00
0.0620519      	1.6626234e+00
0.062079       	1.6642499e+00
0.0621062      	1.6641216e+00
0.0621333      	1.6657475e+00
0.0621605      	1.6656192e+00
0.0621876      	1.6672444e+00
0.0622147      	1.6671162e+00
0.0622419      	1.6687407e+00
0.062269       	1.6686127e+00
0.0622961      	1.6702365e+00
0.0623231      	1.6701085e+00
0.0623502      	1.6717316e+00
0.0623773      	1.6716038e+00
0.0624043      	1.6732262e+00
0.0624314      	1.6730984e+00
0.0624584      	1.6747201e+00
0.0624855      	1.6745925e+00
0.0625125      	1.6762135e+00
0.0625395      	1.6760860e+00
0.0625665      	1.6777063e+00
0.0625935      	1.6775789e+00
0.0626205      	1.6791986e+00
0.0626475      	1.6790712e+00
0.0626744      	1.6806902e+00
0.0627014      	1.6805629e+00
0.0627284      	1.6821813e+00
0.0627553      	1.6820541e+00
0.0627822      	1.6836717e+00
0.0628092      	1.6835447e+00
0.0628361      	1.6851616e+00
0.062863       	1.6850347e+00
0.0628899      	1.6866509e+00
0.0629168      	1.6865241e+00
0.0629437      	1.6881397e+00
0.0629705      	1.6880129e+00
0.0629974      	1.6896278e+00
0.0630243      	1.6895012e+00
0.0630511      	1.6911123e+00
0.0630779      	1.6909854e+00
0.0631048      	1.6925959e+00
0.0631316      	1.6924691e+00
0.0631584      	1.6940789e+00
0.0631852      	1.6939522e+00
0.063212       	1.6955613e+00
0.0632388      	1.6954347e+00
0.0632656      	1.6970431e+00
0.0632923      	1.6969167e+00
0.0633191      	1.6985244e+00
0.0633458      	1.6983980e+00
0.0633726      	1.7000051e+00
0.0633993      	1.6998789e+00
0.063426       	1.7014853e+00
0.0634528      	1.7013591e+00
0.0634795      	1.7029649e+00
0.0635062      	1.7028388e+00
0.0635329      	1.7044439e+00
0.0635595      	1.7043180e+00
0.0635862      	1.7059224e+00
0.0636129      	1.7057965e+00
0.0636395      	1.7074003e+00
0.0636662      	1.7072746e+00
0.0636928      	1.7088776e+00
0.0637195      	1.7087520e+00
0.0637461      	1.7103544e+00
0.0637727      	1.7102289e+00
0.0637993      	1.7118307e+00
0.0638259      	1.7117053e+00
0.0638525      	1.7133063e+00
0.0638791      	1.7131810e+00
0.0639056      	1.7147815e+00
0.0639322      	1.7146563e+00
0.0639587      	1.7162560e+00
0.0639853      	1.7161310e+00
0.0640118      	1.7177300e+00
0.0640384      	1.7176066e+00
0.0640649      	1.7192069e+00
0.0640914      	1.7190836e+00
0.0641179      	1.7206832e+00
0.0641444      	1.7205600e+00
0.0641709      	1.7221590e+00
0.0641974      	1.7220359e+00
0.0642238      	1.7236342e+00
0.0642503      	1.7235112e+00
0.0642767      	1.7251089e+00
0.0643032      	1.7249860e+00
0.0643296      	1.7265830e+00
0.0643561      	1.7264602e+00
0.0643825      	1.7280565e+00
0.0644089      	1.7279339e+00
0.0644353      	1.7295296e+00
0.0644617      	1.7294070e+00
0.0644881      	1.7310020e+00
0.0645144      	1.7308796e+00
0.0645408      	1.7324739e+00
0.0645672      	1.7323516e+00
0.0645935      	1.7339453e+00
0.0646199      	1.7338231e+00
0.0646462      	1.7354161e+00
0.0646725      	1.7352940e+00
0.0646989      	1.7368864e+00
0.0647252      	1.7367644e+00
0.0647515      	1.7383561e+00
0.0647778      	1.7382342e+00
0.0648041      	1.7398253e+00
0.0648303      	1.7397035e+00
0.0648566      	1.7412939e+00
0.0648829      	1.7411723e+00
0.0649091      	1.7427620e+00
0.0649354      	1.7426405e+00
0.0649616      	1.7442296e+00
0.0649878      	1.7441081e+00
0.0650141      	1.7456966e+00
0.0650403      	1.7455753e+00
0.0650665      	1.7471631e+00
0.0650927      	1.7470419e+00
0.0651189      	1.7486290e+00
0.065145       	1.7485079e+00
0.0651712      	1.7500944e+00
0.0651974      	1.7499734e+00
0.0652235      	1.7515593e+00
0.0652497      	1.7514384e+00
0.0652758      	1.7530236e+00
0.065302       	1.7529028e+00
0.0653281      	1.7544874e+00
0.0653542      	1.7543668e+00
0.0653803      	1.7559506e+00
0.0654064      	1.7558301e+00
0.0654325      	1.7574134e+00
0.0654586      	1.7572930e+00
0.0654847      	1.7588756e+00
0.0655107      	1.7587553e+00
0.0655368      	1.7603372e+00
0.0655628      	1.7602171e+00
0.0655889      	1.7617984e+00
0.0656149      	1.7616783e+00
0.0656409      	1.7632590e+00
0.065667       	1.7631390e+00
0.065693       	1.7647190e+00
0.065719       	1.7645992e+00
0.065745       	1.7661786e+00
0.065771       	1.7660589e+00
0.0657969      	1.7676376e+00
0.0658229      	1.7675180e+00
0.0658489      	1.7690961e+00
0.0658748      	1.7689766e+00
0.0659008      	1.7705541e+00
0.0659267      	1.7704347e+00
0.0659527      	1.7720115e+00
0.0659786      	1.7718923e+00
0.0660045      	1.7734684e+00
0.0660304      	1.7733493e+00
0.0660563      	1.7749248e+00
0.0660822      	1.7748059e+00
0.0661081      	1.7763807e+00
0.066134       	1.7762619e+00
0.0661598      	1.7778361e+00
0.0661857      	1.7777173e+00
0.0662115      	1.7792909e+00
0.0662374      	1.7791723e+00
0.0662632      	1.7807452e+00
0.0662891      	1.7806267e+00
0.0663149      	1.7821990e+00
0.0663407      	1.7820807e+00
0.0663665      	1.7836523e+00
0.0663923      	1.7835341e+00
0.0664181      	1.7851051e+00
0.0664439      	1.7849870e+00
0.0664696      	1.7865574e+00
0.0664954      	1.7864393e+00
0.0665212      	1.7880091e+00
0.0665469      	1.7878912e+00
0.0665727      	1.7894603e+00
0.0665984      	1.7893426e+00
0.0666241      	1.7909110e+00
0.0666499      	1.7907934e+00
0.0666756      	1.7923613e+00
0.0667013      	1.7922437e+00
0.066727       	1.7938109e+00
0.0667527      	1.7936936e+00
0.0667784      	1.7952601e+00
0.066804       	1.7951429e+00
0.0668297      	1.7967088e+00
0.0668554      	1.7965917e+00
0.066881       	1.7981570e+00
0.0669067      	1.7980400e+00
0.0669323      	1.7996046e+00
0.0669579      	1.7994877e+00
0.0669835      	1.8010518e+00
0.0670092      	1.8009350e+00
0.0670348      	1.8024973e+00
0.0670604      	1.8023785e+00
0.0670859      	1.8039401e+00
0.0671115      	1.8038215e+00
0.0671371      	1.8053825e+00
0.0671627      	1.8052640e+00
0.0671882      	1.8068243e+00
0.0672138      	1.8067059e+00
0.0672393      	1.8082657e+00
0.0672649      	1.8081474e+00
0.0672904      	1.8097065e+00
0.0673159      	1.8095884e+00
0.0673414      	1.8111469e+00
0.067367       	1.8110289e+00
0.0673925      	1.8125867e+00
0.067418       	1.8124689e+00
0.0674434      	1.8140261e+00
0.0674689      	1.8139084e+00
0.0674944      	1.8154650e+00
0.0675199      	1.8153474e+00
0.0675453      	1.8169034e+00
0.0675708      	1.8167859e+00
0.0675962      	1.8183412e+00
0.0676216      	1.8182239e+00
0.0676471      	1.8197786e+00
0.0676725      	1.8196614e+00
0.0676979      	1.8212156e+00
0.0677233      	1.8210985e+00
0.0677487      	1.8226520e+00
0.0677741      	1.8225350e+00
0.0677995      	1.8240879e+00
0.0678248      	1.8239711e+00
0.0678502      	1.8255233e+00
0.0678756      	1.8254067e+00
0.0679009      	1.8269583e+00
0.0679263      	1.8268417e+00
0.0679516      	1.8283928e+00
0.0679769      	1.8282763e+00
0.0680023      	1.8298268e+00
0.0680276      	1.8297108e+00
0.0680529      	1.8312635e+00
0.0680782      	1.8311477e+00
0.0681035      	1.8326998e+00
0.0681288      	1.8325841e+00
0.068154       	1.8341356e+00
0.0681793      	1.8340200e+00
0.0682046      	1.8355709e+00
0.0682298      	1.8354554e+00
0.0682551      	1.8370057e+00
0.0682803      	1.8368904e+00
0.0683056      	1.8384400e+00
0.0683308      	1.8383248e+00
0.068356       	1.8398739e+00
0.0683812      	1.8397588e+00
0.0684064      	1.8413073e+00
0.0684316      	1.8411923e+00
0.0684568      	1.8427402e+00
0.068482       	1.8426254e+00
0.0685072      	1.8441726e+00
0.0685324      	1.8440579e+00
0.0685575      	1.8456045e+00
0.0685827      	1.8454900e+00
0.0686078      	1.8470359e+00
0.068633       	1.8469216e+00
0.0686581      	1.8484669e+00
0.0686832      	1.8483527e+00
0.0687083      	1.8498974e+00
0.0687335      	1.8497833e+00
0.0687586      	1.8513274e+00
0.0687837      	1.8512134e+00
0.0688088      	1.8527570e+00
0.0688338      	1.8526431e+00
0.0688589      	1.8541860e+00
0.068884       	1.8540723e+00
0.068909       	1.8556146e+00
0.0689341      	1.8555011e+00
0.0689591      	1.8570428e+00
0.0689842      	1.8569293e+00
0.0690092      	1.8584704e+00
0.0690343      	1.8583571e+00
0.0690593      	1.8598976e+00
0.0690843      	1.8597844e+00
0.0691093      	1.8613243e+00
0.0691343      	1.8612113e+00
0.0691593      	1.8627505e+00
0.0691843      	1.8626376e+00
0.0692092      	1.8641763e+00
0.0692342      	1.8640635e+00
0.0692592      	1.8656016e+00
0.0692841      	1.8654890e+00
0.0693091      	1.8670264e+00
0.069334       	1.8669140e+00
0.069359       	1.8684508e+00
0.0693839      	1.8683385e+00
0.0694088      	1.8698747e+00
0.0694337      	1.8697625e+00
0.0694586      	1.8712981e+00
0.0694835      	1.8711861e+00
0.0695084      	1.8727211e+00
0.0695333      	1.8726092e+00
0.0695582      	1.8741436e+00
0.0695831      	1.8740318e+00
0.0696079      	1.8755657e+00
0.0696328      	1.8754540e+00
0.0696576      	1.8769873e+00
0.0696825      	1.8768758e+00
0.0697073      	1.8784084e+00
0.0697321      	1.8782970e+00
0.069757       	1.8798290e+00
0.0697818      	1.8797178e+00
0.0698066      	1.8812493e+00
0.0698314      	1.8811382e+00
0.0698562      	1.8826690e+00
0.069881       	1.8825581e+00
0.0699058      	1.8840883e+00
0.0699305      	1.8839775e+00
0.0699553      	1.8855071e+00
0.0699801      	1.8853965e+00
0.0700048      	1.8869255e+00
0.0700296      	1.8868150e+00
0.0700543      	1.8883434e+00
0.070079       	1.8882330e+00
0.0701038      	1.8897609e+00
0.0701285      	1.8896506e+00
0.0701532      	1.8911779e+00
0.0701779      	1.8910678e+00
0.0702026      	1.8925944e+00
0.0702273      	1.8924845e+00
0.070252       	1.8940106e+00
0.0702767      	1.8939007e+00
0.0703013      	1.8954262e+00
0.070326       	1.8953165e+00
0.0703507      	1.8968414e+00
0.0703753      	1.8967319e+00
0.0704         	1.8982562e+00
0.0704246      	1.8981468e+00
0.0704492      	1.8996705e+00
0.0704739      	1.8995612e+00
0.0704985      	1.9010843e+00
0.0705231      	1.9009752e+00
0.0705477      	1.9024977e+00
0.0705723      	1.9023888e+00
0.0705969      	1.9039107e+00
0.0706215      	1.9038019e+00
0.070646       	1.9053232e+00
0.0706706      	1.9052145e+00
0.0706952      	1.9067353e+00
0.0707197      	1.9066267e+00
0.0707443      	1.9081469e+00
0.0707688      	1.9080385e+00
0.0707934      	1.9095581e+00
0.0708179      	1.9094498e+00
0.0708424      	1.9109688e+00
0.0708669      	1.9108607e+00
0.0708914      	1.9123791e+00
0.0709159      	1.9122711e+00
0.0709404      	1.9137889e+00
0.0709649      	1.9136811e+00
0.0709894      	1.9151983e+00
0.0710139      	1.9150907e+00
0.0710384      	1.9166055e+00
0.0710628      	1.9164967e+00
0.0710873      	1.9180109e+00
0.0711117      	1.9179022e+00
0.0711362      	1.9194158e+00
0.0711606      	1.9193073e+00
0.0711851      	1.9208203e+00
0.0712095      	1.9207119e+00
0.0712339      	1.9222244e+00
0.0712583      	1.9221161e+00
0.0712827      	1.9236280e+00
0.0713071      	1.9235199e+00
0.0713315      	1.9250312e+00
0.0713559      	1.9249232e+00
0.0713803      	1.9264340e+00
0.0714046      	1.9263262e+00
0.071429       	1.9278363e+00
0.0714534      	1.9277286e+00
0.0714777      	1.9292382e+00
0.0715021      	1.9291307e+00
0.0715264      	1.9306397e+00
0.0715507      	1.9305323e+00
0.0715751      	1.9320407e+00
0.0715994      	1.9319335e+00
0.0716237      	1.9334413e+00
0.071648       	1.9333343e+00
0.0716723      	1.9348415e+00
0.0716966      	1.9347346e+00
0.0717209      	1.9362413e+00
0.0717452      	1.9361345e+00
0.0717694      	1.9376406e+00
0.0717937      	1.9375340e+00
0.071818       	1.9390395e+00
0.0718422      	1.9389331e+00
0.0718665      	1.9404380e+00
0.0718907      	1.9403317e+00
0.0719149      	1.9418360e+00
0.0719392      	1.9417299e+00
0.0719634      	1.9432337e+00
0.0719876      	1.9431277e+00
0.0720118      	1.9446309e+00
0.072036       	1.9445265e+00
0.0720602      	1.9460308e+00
0.0720844      	1.9459266e+00
0.0721086      	1.9474303e+00
0.0721328      	1.9473262e+00
0.072157       	1.9488293e+00
0.0721811      	1.9487254e+00
0.0722053      	1.9502279e+00
0.0722294      	1.9501242e+00
0.0722536      	1.9516261e+00
0.0722777      	1.9515226e+00
0.0723019      	1.9530239e+00
0.072326       	1.9529205e+00
0.0723501      	1.9544213e+00
0.0723742      	1.9543180e+00
0.0723983      	1.9558182e+00
0.0724224      	1.9557151e+00
0.0724465      	1.9572147e+00
0.0724706      	1.9571117e+00
0.0724947      	1.9586108e+00
0.0725188      	1.9585080e+00
0.0725428      	1.9600065e+00
0.0725669      	1.9599038e+00
0.072591       	1.9614017e+00
0.072615       	1.9612992e+00
0.0726391      	1.9627966e+00
0.0726631      	1.9626942e+00
0.0726871      	1.9641910e+00
0.0727112      	1.9640888e+00
0.0727352      	1.9655850e+00
0.0727592      	1.9654829e+00
0.0727832      	1.9669786e+00
0.0728072      	1.9668766e+00
0.0728312      	1.9683717e+00
0.0728552      	1.9682700e+00
0.0728792      	1.9697645e+00
0.0729031      	1.9696629e+00
0.0729271      	1.9711568e+00
0.0729511      	1.9710554e+00
0.072975       	1.9725487e+00
0.072999       	1.9724474e+00
0.0730229      	1.9739402e+00
0.0730469      	1.9738391e+00
0.0730708      	1.9753313e+00
0.0730947      	1.9752303e+00
0.0731186      	1.9767220e+00
0.0731425      	1.9766212e+00
0.0731665      	1.9781123e+00
0.0731904      	1.9780116e+00
0.0732143      	1.9795021e+00
0.0732381      	1.9794016e+00
0.073262       	1.9808916e+00
0.0732859      	1.9807912e+00
0.0733098      	1.9822806e+00
0.0733336      	1.9821804e+00
0.0733575      	1.9836692e+00
0.0733813      	1.9835692e+00
0.0734052      	1.9850575e+00
0.073429       	1.9849576e+00
0.0734529      	1.9864453e+00
0.0734767      	1.9863455e+00
0.0735005      	1.9878327e+00
0.0735243      	1.9877331e+00
0.0735481      	1.9892197e+00
0.0735719      	1.9891202e+00
0.0735957      	1.9906063e+00
0.0736195      	1.9905070e+00
0.0736433      	1.9919924e+00
0.0736671      	1.9918933e+00
0.0736909      	1.9933782e+00
0.0737146      	1.9932793e+00
0.0737384      	1.9947636e+00
0.0737621      	1.9946648e+00
0.0737859      	1.9961486e+00
0.0738096      	1.9960499e+00
0.0738334      	1.9975331e+00
0.0738571      	1.9974346e+00
0.0738808      	1.9989173e+00
0.0739045      	1.9988190e+00
0.0739283      	2.0003011e+00
0.073952       	2.0002029e+00
0.0739757      	2.0016844e+00
0.0739993      	2.0015864e+00
0.074023       	2.0030674e+00
0.0740467      	2.0029695e+00
0.0740704      	2.0044499e+00
0.0740941      	2.0043522e+00
0.0741177      	2.0058321e+00
0.0741414      	2.0057345e+00
0.074165       	2.0072139e+00
0.0741887      	2.0071165e+00
0.0742123      	2.0085952e+00
0.074236       	2.0084980e+00
0.0742596      	2.0099762e+00
0.0742832      	2.0098791e+00
0.0743068      	2.0113568e+00
0.0743304      	2.0112598e+00
0.074354       	2.0127369e+00
0.0743776      	2.0126402e+00
0.0744012      	2.0141167e+00
0.0744248      	2.0140201e+00
0.0744484      	2.0154961e+00
0.074472       	2.0153996e+00
0.0744955      	2.0168751e+00
0.0745191      	2.0167788e+00
0.0745426      	2.0182536e+00
0.0745662      	2.0181575e+00
0.0745897      	2.0196318e+00
0.0746133      	2.0195359e+00
0.0746368      	2.0210096e+00
0.0746603      	2.0209138e+00
0.0746839      	2.0223870e+00
0.0747074      	2.0222914e+00
0.0747309      	2.0237641e+00
0.0747544      	2.0236686e+00
0.0747779      	2.0251407e+00
0.0748014      	2.0250453e+00
0.0748249      	2.0265169e+00
0.0748483      	2.0264217e+00
0.0748718      	2.0278928e+00
0.0748953      	2.0277977e+00
0.0749187      	2.0292682e+00
0.0749422      	2.0291733e+00
0.0749656      	2.0306433e+00
0.0749891      	2.0305486e+00
0.0750125      	2.0320180e+00
0.075036       	2.0319218e+00
0.0750594      	2.0333892e+00
0.0750828      	2.0332932e+00
0.0751062      	2.0347601e+00
0.0751296      	2.0346643e+00
0.075153       	2.0361306e+00
0.0751764      	2.0360349e+00
0.0751998      	2.0375007e+00
0.0752232      	2.0374052e+00
0.0752466      	2.0388704e+00
0.07527        	2.0387751e+00
0.0752933      	2.0402398e+00
0.0753167      	2.0401446e+00
0.0753401      	2.0416087e+00
0.0753634      	2.0415137e+00
0.0753868      	2.0429773e+00
0.0754101      	2.0428824e+00
0.0754334      	2.0443455e+00
0.0754568      	2.0442508e+00
0.0754801      	2.0457133e+00
0.0755034      	2.0456188e+00
0.0755267      	2.0470808e+00
0.07555        	2.0469864e+00
0.0755733      	2.0484478e+00
0.0755966      	2.0483536e+00
0.0756199      	2.0498145e+00
0.0756432      	2.0497204e+00
0.0756665      	2.0511808e+00
0.0756897      	2.0510869e+00
0.075713       	2.0525467e+00
0.0757363      	2.0524530e+00
0.0757595      	2.0539123e+00
0.0757828      	2.0538187e+00
0.075806       	2.0552774e+00
0.0758293      	2.0551840e+00
0.0758525      	2.0566422e+00
0.0758757      	2.0565490e+00
0.0758989      	2.0580066e+00
0.0759221      	2.0579136e+00
0.0759454      	2.0593707e+00
0.0759686      	2.0592778e+00
0.0759918      	2.0607343e+00
0.076015       	2.0606416e+00
0.0760381      	2.0620995e+00
0.0760613      	2.0620081e+00
0.0760845      	2.0634654e+00
0.0761077      	2.0633741e+00
0.0761308      	2.0648310e+00
0.076154       	2.0647398e+00
0.0761771      	2.0661961e+00
0.0762003      	2.0661051e+00
0.0762234      	2.0675609e+00
0.0762466      	2.0674701e+00
0.0762697      	2.0689253e+00
0.0762928      	2.0688346e+00
0.0763159      	2.0702893e+00
0.0763391      	2.0701988e+00
0.0763622      	2.0716530e+00
0.0763853      	2.0715627e+00
0.0764084      	2.0730162e+00
0.0764315      	2.0729261e+00
0.0764545      	2.0743791e+00
0.0764776      	2.0742892e+00
0.0765007      	2.0757417e+00
0.0765238      	2.0756519e+00
0.0765468      	2.0771038e+00
0.0765699      	2.0770142e+00
0.0765929      	2.0784656e+00
0.076616       	2.0783761e+00
0.076639       	2.0798270e+00
0.0766621      	2.0797377e+00
0.0766851      	2.0811881e+00
0.0767081      	2.0810989e+00
0.0767311      	2.0825487e+00
0.0767542      	2.0824598e+00
0.0767772      	2.0839090e+00
0.0768002      	2.0838203e+00
0.0768232      	2.0852690e+00
0.0768462      	2.0851804e+00
0.0768691      	2.0866285e+00
0.0768921      	2.0865401e+00
0.0769151      	2.0879877e+00
0.0769381      	2.0878995e+00
0.076961       	2.0893466e+00
0.076984       	2.0892585e+00
0.0770069      	2.0907050e+00
0.0770299      	2.0906171e+00
0.0770528      	2.0920631e+00
0.0770758      	2.0919754e+00
0.0770987      	2.0934208e+00
0.0771216      	2.0933333e+00
0.0771445      	2.0947782e+00
0.0771675      	2.0946908e+00
0.0771904      	2.0961352e+00
0.0772133      	2.0960480e+00
0.0772362      	2.0974918e+00
0.0772591      	2.0974048e+00
0.077282       	2.0988481e+00
0.0773048      	2.0987612e+00
0.0773277      	2.1002040e+00
0.0773506      	2.1001173e+00
0.0773734      	2.1015595e+00
0.0773963      	2.1014730e+00
0.0774192      	2.1029147e+00
0.077442       	2.1028283e+00
0.0774649      	2.1042695e+00
0.0774877      	2.1041833e+00
0.0775105      	2.1056240e+00
0.0775334      	2.1055379e+00
0.0775562      	2.1069781e+00
0.077579       	2.1068922e+00
0.0776018      	2.1083318e+00
0.0776246      	2.1082461e+00
0.0776474      	2.1096852e+00
0.0776702      	2.1095996e+00
0.077693       	2.1110382e+00
0.0777158      	2.1109528e+00
0.0777386      	2.1123908e+00
0.0777613      	2.1123056e+00
0.0777841      	2.1137431e+00
0.0778069      	2.1136581e+00
0.0778296      	2.1150950e+00
0.0778524      	2.1150102e+00
0.0778751      	2.1164466e+00
0.0778979      	2.1163619e+00
0.0779206      	2.1177978e+00
0.0779433      	2.1177133e+00
0.0779661      	2.1191487e+00
0.0779888      	2.1190644e+00
0.0780115      	2.1204991e+00
0.0780342      	2.1204150e+00
0.0780569      	2.1218493e+00
0.0780796      	2.1217654e+00
0.0781023      	2.1231990e+00
0.078125       	2.1231153e+00
0.0781477      	2.1245484e+00
0.0781704      	2.1244649e+00
0.078193       	2.1258975e+00
0.0782157      	2.1258142e+00
0.0782384      	2.1272462e+00
0.078261       	2.1271631e+00
0.0782837      	2.1285945e+00
0.0783063      	2.1285117e+00
0.078329       	2.1299425e+00
0.0783516      	2.1298599e+00
0.0783742      	2.1312902e+00
0.0783969      	2.1312077e+00
0.0784195      	2.1326375e+00
0.0784421      	2.1325552e+00
0.0784647      	2.1339844e+00
0.0784873      	2.1339023e+00
0.0785099      	2.1353310e+00
0.0785325      	2.1352491e+00
0.0785551      	2.1366772e+00
0.0785777      	2.1365956e+00
0.0786003      	2.1380231e+00
0.0786228      	2.1379416e+00
0.0786454      	2.1393686e+00
0.078668       	2.1392874e+00
0.0786905      	2.1407138e+00
0.0787131      	2.1406328e+00
0.0787356      	2.1420586e+00
0.0787582      	2.1419778e+00
0.0787807      	2.1434031e+00
0.0788032      	2.1433225e+00
0.0788258      	2.1447472e+00
0.0788483      	2.1446668e+00
0.0788708      	2.1460910e+00
0.0788933      	2.1460108e+00
0.0789158      	2.1474345e+00
0.0789383      	2.1473544e+00
0.0789608      	2.1487775e+00
0.0789833      	2.1486977e+00
0.0790058      	2.1501203e+00
0.0790283      	2.1500399e+00
0.0790508      	2.1514598e+00
0.0790732      	2.1513796e+00
0.0790957      	2.1527989e+00
0.0791182      	2.1527189e+00
0.0791406      	2.1541377e+00
0.0791631      	2.1540580e+00
0.0791855      	2.1554762e+00
0.0792079      	2.1553966e+00
0.0792304      	2.1568143e+00
0.0792528      	2.1567349e+00
0.0792752      	2.1581521e+00
0.0792977      	2.1580729e+00
0.0793201      	2.1594895e+00
0.0793425      	2.1594105e+00
0.0793649      	2.1608266e+00
0.0793873      	2.1607478e+00
0.0794097      	2.1621634e+00
0.0794321      	2.1620848e+00
0.0794544      	2.1634998e+00
0.0794768      	2.1634214e+00
0.0794992      	2.1648359e+00
0.0795216      	2.1647577e+00
0.0795439      	2.1661716e+00
0.0795663      	2.1660936e+00
0.0795886      	2.1675070e+00
0.079611       	2.1674292e+00
0.0796333      	2.1688421e+00
0.0796557      	2.1687644e+00
0.079678       	2.1701768e+00
0.0797003      	2.1700993e+00
0.0797227      	2.1715112e+00
0.079745       	2.1714339e+00
0.0797673      	2.1728452e+00
0.0797896      	2.1727682e+00
0.0798119      	2.1741789e+00
0.0798342      	2.1741021e+00
0.0798565      	2.1755123e+00
0.0798788      	2.1754356e+00
0.0799011      	2.1768453e+00
0.0799233      	2.1767688e+00
0.0799456      	2.1781780e+00
0.0799679      	2.1781017e+00
0.0799901      	2.1795104e+00
0.0800124      	2.1794343e+00
0.0800347      	2.1806538e+00
0.0800569      	2.1804280e+00
0.0800792      	2.1816471e+00
0.0801014      	2.1814216e+00
0.0801236      	2.1826403e+00
0.0801459      	2.1824150e+00
0.0801681      	2.1836334e+00
0.0801904      	2.1834084e+00
0.0802126      	2.1846263e+00
0.0802348      	2.1844016e+00
0.0802571      	2.1856192e+00
0.0802793      	2.1853947e+00
0.0803015      	2.1866119e+00
0.0803237      	2.1863877e+00
0.0803459      	2.1876045e+00
0.0803681      	2.1873807e+00
0.0803904      	2.1885970e+00
0.0804126      	2.1883735e+00
0.0804348      	2.1895895e+00
0.080457       	2.1893661e+00
0.0804792      	2.1905818e+00
0.0805014      	2.1903587e+00
0.0805236      	2.1915740e+00
0.0805458      	2.1913512e+00
0.080568       	2.1925661e+00
0.0805901      	2.1923436e+00
0.0806123      	2.1935581e+00
0.0806345      	2.1933359e+00
0.0806567      	2.1945500e+00
0.0806789      	2.1943281e+00
0.080701       	2.1955418e+00
0.0807232      	2.1953201e+00
0.0807454      	2.1965335e+00
0.0807675      	2.1963121e+00
0.0807897      	2.1975250e+00
0.0808119      	2.1973039e+00
0.080834       	2.1985165e+00
0.0808562      	2.1982957e+00
0.0808783      	2.1995079e+00
0.0809005      	2.1992873e+00
0.0809226      	2.2004991e+00
0.0809448      	2.2002789e+00
0.0809669      	2.2014903e+00
0.0809891      	2.2012703e+00
0.0810112      	2.2024813e+00
0.0810333      	2.2022602e+00
0.0810555      	2.2034694e+00
0.0810776      	2.2032485e+00
0.0810997      	2.2044574e+00
0.0811218      	2.2042368e+00
0.0811439      	2.2054453e+00
0.0811661      	2.2052249e+00
0.0811882      	2.2064330e+00
0.0812103      	2.2062129e+00
0.0812324      	2.2074207e+00
0.0812545      	2.2072008e+00
0.0812766      	2.2084082e+00
0.0812987      	2.2081886e+00
0.0813208      	2.2093956e+00
0.0813429      	2.2091763e+00
0.081365       	2.2103829e+00
0.0813871      	2.2101639e+00
0.0814092      	2.2113702e+00
0.0814313      	2.2111514e+00
0.0814534      	2.2123572e+00
0.0814754      	2.2121388e+00
0.0814975      	2.2133442e+00
0.0815196      	2.2131260e+00
0.0815417      	2.2143311e+00
0.0815637      	2.2141131e+00
0.0815858      	2.2153178e+00
0.0816079      	2.2151002e+00
0.0816299      	2.2163045e+00
0.081652       	2.2160871e+00
0.081674       	2.2172910e+00
0.0816961      	2.2170739e+00
0.0817182      	2.2182774e+00
0.0817402      	2.2180605e+00
0.0817623      	2.2192637e+00
0.0817843      	2.2190471e+00
0.0818063      	2.2202499e+00
0.0818284      	2.2200335e+00
0.0818504      	2.2212360e+00
0.0818724      	2.2210199e+00
0.0818945      	2.2222219e+00
0.0819165      	2.2220061e+00
0.0819385      	2.2232077e+00
0.0819606      	2.2229922e+00
0.0819826      	2.2241935e+00
0.0820046      	2.2239782e+00
0.0820266      	2.2251791e+00
0.0820486      	2.2249640e+00
0.0820706      	2.2261645e+00
0.0820926      	2.2259498e+00
0.0821146      	2.2271499e+00
0.0821366      	2.2269354e+00
0.0821586      	2.2281352e+00
0.0821806      	2.2279209e+00
0.0822026      	2.2291203e+00
0.0822246      	2.2289063e+00
0.0822466      	2.2301053e+00
0.0822686      	2.2298916e+00
0.0822906      	2.2310902e+00
0.0823126      	2.2308767e+00
0.0823346      	2.2320750e+00
0.0823565      	2.2318618e+00
0.0823785      	2.2330596e+00
0.0824005      	2.2328467e+00
0.0824224      	2.2340442e+00
0.0824444      	2.2338315e+00
0.0824664      	2.2350286e+00
0.0824883      	2.2348162e+00
0.0825103      	2.2360129e+00
0.0825323      	2.2358007e+00
0.0825542      	2.2369971e+00
0.0825762      	2.2367852e+00
0.0825981      	2.2379811e+00
0.08262        	2.2377695e+00
0.082642       	2.2389651e+00
0.0826639      	2.2387537e+00
0.0826859      	2.2399489e+00
0.0827078      	2.2397378e+00
0.0827297      	2.2409326e+00
0.0827517      	2.2407218e+00
0.0827736      	2.2419162e+00
0.0827955      	2.2417056e+00
0.0828174      	2.2428997e+00
0.0828394      	2.2426893e+00
0.0828613      	2.2438830e+00
0.0828832      	2.2436729e+00
0.0829051      	2.2448662e+00
0.082927       	2.2446564e+00
0.0829489      	2.2458493e+00
0.0829708      	2.2456398e+00
0.0829927      	2.2468323e+00
0.0830146      	2.2466230e+00
0.0830365      	2.2478152e+00
0.0830584      	2.2476062e+00
0.0830803      	2.2487979e+00
0.0831022      	2.2485892e+00
0.0831241      	2.2497806e+00
0.083146       	2.2495720e+00
0.0831679      	2.2507631e+00
0.0831897      	2.2505548e+00
0.0832116      	2.2517454e+00
0.0832335      	2.2515374e+00
0.0832554      	2.2527277e+00
0.0832772      	2.2525200e+00
0.0832991      	2.2537099e+00
0.0833209      	2.2535024e+00
0.0833428      	2.2546919e+00
0.0833647      	2.2544847e+00
0.0833865      	2.2556738e+00
0.0834084      	2.2554668e+00
0.0834302      	2.2566556e+00
0.0834521      	2.2564489e+00
0.0834739      	2.2576373e+00
0.0834958      	2.2574308e+00
0.0835176      	2.2586188e+00
0.0835394      	2.2584126e+00
0.0835613      	2.2596002e+00
0.0835831      	2.2593943e+00
0.0836049      	2.2605816e+00
0.0836268      	2.2603759e+00
0.0836486      	2.2615628e+00
0.0836704      	2.2613573e+00
0.0836922      	2.2625438e+00
0.0837141      	2.2623387e+00
0.0837359      	2.2635248e+00
0.0837577      	2.2633199e+00
0.0837795      	2.2645056e+00
0.0838013      	2.2643010e+00
0.0838231      	2.2654864e+00
0.0838449      	2.2652820e+00
0.0838667      	2.2664670e+00
0.0838885      	2.2662628e+00
0.0839103      	2.2674474e+00
0.0839321      	2.2672436e+00
0.0839539      	2.2684278e+00
0.0839757      	2.2682242e+00
0.0839975      	2.2694081e+00
0.0840192      	2.2692047e+00
0.084041       	2.2703907e+00
0.0840628      	2.2701879e+00
0.0840846      	2.2713735e+00
0.0841063      	2.2711710e+00
0.0841281      	2.2723562e+00
0.0841499      	2.2721540e+00
0.0841716      	2.2733388e+00
0.0841934      	2.2731368e+00
0.0842152      	2.2743213e+00
0.0842369      	2.2741195e+00
0.0842587      	2.2753036e+00
0.0842804      	2.2751021e+00
0.0843022      	2.2762859e+00
0.0843239      	2.2760846e+00
0.0843457      	2.2772680e+00
0.0843674      	2.2770670e+00
0.0843892      	2.2782500e+00
0.0844109      	2.2780493e+00
0.0844326      	2.2792319e+00
0.0844544      	2.2790314e+00
0.0844761      	2.2802136e+00
0.0844978      	2.2800134e+00
0.0845195      	2.2811953e+00
0.0845413      	2.2809953e+00
0.084563       	2.2821768e+00
0.0845847      	2.2819771e+00
0.0846064      	2.2831583e+00
0.0846281      	2.2829588e+00
0.0846498      	2.2841396e+00
0.0846715      	2.2839404e+00
0.0846932      	2.2851207e+00
0.0847149      	2.2849218e+00
0.0847366      	2.2861018e+00
0.0847583      	2.2859032e+00
0.08478        	2.2870828e+00
0.0848017      	2.2868844e+00
0.0848234      	2.2880636e+00
0.0848451      	2.2878655e+00
0.0848668      	2.2890444e+00
0.0848885      	2.2888465e+00
0.0849101      	2.2900250e+00
0.0849318      	2.2898273e+00
0.0849535      	2.2910055e+00
0.0849752      	2.2908081e+00
0.0849968      	2.2919859e+00
0.0850185      	2.2917887e+00
0.0850402      	2.2929638e+00
0.0850618      	2.2927665e+00
0.0850835      	2.2939411e+00
0.0851051      	2.2937441e+00
0.0851268      	2.2949184e+00
0.0851484      	2.2947216e+00
0.0851701      	2.2958956e+00
0.0851917      	2.2956990e+00
0.0852134      	2.2968726e+00
0.085235       	2.2966763e+00
0.0852567      	2.2978495e+00
0.0852783      	2.2976535e+00
0.0852999      	2.2988264e+00
0.0853216      	2.2986306e+00
0.0853432      	2.2998031e+00
0.0853648      	2.2996076e+00
0.0853864      	2.3007797e+00
0.0854081      	2.3005844e+00
0.0854297      	2.3017562e+00
0.0854513      	2.3015612e+00
0.0854729      	2.3027325e+00
0.0854945      	2.3025378e+00
0.0855161      	2.3037088e+00
0.0855378      	2.3035143e+00
0.0855594      	2.3046850e+00
0.085581       	2.3044908e+00
0.0856026      	2.3056610e+00
0.0856242      	2.3054671e+00
0.0856458      	2.3066370e+00
0.0856673      	2.3064433e+00
0.0856889      	2.3076128e+00
0.0857105      	2.3074194e+00
0.0857321      	2.3085886e+00
0.0857537      	2.3083954e+00
0.0857753      	2.3095642e+00
0.0857968      	2.3093713e+00
0.0858184      	2.3105397e+00
0.08584        	2.3103470e+00
0.0858616      	2.3115151e+00
0.0858831      	2.3113227e+00
0.0859047      	2.3124904e+00
0.0859263      	2.3122983e+00
0.0859478      	2.3134656e+00
0.0859694      	2.3132737e+00
0.0859909      	2.3144407e+00
0.0860125      	2.3142491e+00
0.086034       	2.3154157e+00
0.0860556      	2.3152243e+00
0.0860771      	2.3163906e+00
0.0860987      	2.3161995e+00
0.0861202      	2.3173654e+00
0.0861418      	2.3171745e+00
0.0861633      	2.3183401e+00
0.0861848      	2.3181495e+00
0.0862064      	2.3193147e+00
0.0862279      	2.3191243e+00
0.0862494      	2.3202891e+00
0.0862709      	2.3200990e+00
0.0862925      	2.3212635e+00
0.086314       	2.3210736e+00
0.0863355      	2.3222378e+00
0.086357       	2.3220482e+00
0.0863785      	2.3232119e+00
0.0864         	2.3230226e+00
0.0864215      	2.3241860e+00
0.086443       	2.3239969e+00
0.0864645      	2.3251599e+00
0.086486       	2.3249711e+00
0.0865075      	2.3261338e+00
0.086529       	2.3259452e+00
0.0865505      	2.3271076e+00
0.086572       	2.3269192e+00
0.0865935      	2.3280812e+00
0.086615       	2.3278932e+00
0.0866365      	2.3290548e+00
0.086658       	2.3288670e+00
0.0866794      	2.3300282e+00
0.0867009      	2.3298407e+00
0.0867224      	2.3310016e+00
0.0867438      	2.3308143e+00
0.0867653      	2.3319748e+00
0.0867868      	2.3317878e+00
0.0868082      	2.3329480e+00
0.0868297      	2.3327612e+00
0.0868512      	2.3339210e+00
0.0868726      	2.3337345e+00
0.0868941      	2.3348940e+00
0.0869155      	2.3347077e+00
0.086937       	2.3358668e+00
0.0869584      	2.3356808e+00
0.0869799      	2.3368396e+00
0.0870013      	2.3366538e+00
0.0870227      	2.3378122e+00
0.0870442      	2.3376268e+00
0.0870656      	2.3387848e+00
0.0870871      	2.3385996e+00
0.0871085      	2.3397572e+00
0.0871299      	2.3395723e+00
0.0871513      	2.3407296e+00
0.0871728      	2.3405449e+00
0.0871942      	2.3417019e+00
0.0872156      	2.3415174e+00
0.087237       	2.3426740e+00
0.0872584      	2.3424898e+00
0.0872798      	2.3436461e+00
0.0873012      	2.3434622e+00
0.0873226      	2.3446181e+00
0.087344       	2.3444344e+00
0.0873654      	2.3455900e+00
0.0873868      	2.3454065e+00
0.0874082      	2.3465617e+00
0.0874296      	2.3463786e+00
0.087451       	2.3475334e+00
0.0874724      	2.3473505e+00
0.0874938      	2.3485050e+00
0.0875152      	2.3483224e+00
0.0875366      	2.3494765e+00
0.087558       	2.3492941e+00
0.0875793      	2.3504479e+00
0.0876007      	2.3502658e+00
0.0876221      	2.3514192e+00
0.0876434      	2.3512373e+00
0.0876648      	2.3523904e+00
0.0876862      	2.3522088e+00
0.0877075      	2.3533615e+00
0.0877289      	2.3531802e+00
0.0877503      	2.3543325e+00
0.0877716      	2.3541514e+00
0.087793       	2.3553034e+00
0.0878143      	2.3551226e+00
0.0878357      	2.3562743e+00
0.087857       	2.3560937e+00
0.0878784      	2.3572450e+00
0.0878997      	2.3570647e+00
0.087921       	2.3582156e+00
0.0879424      	2.3580356e+00
0.0879637      	2.3591862e+00
0.087985       	2.3590064e+00
0.0880064      	2.3601566e+00
0.0880277      	2.3599779e+00
0.088049       	2.3611297e+00
0.0880703      	2.3609513e+00
0.0880917      	2.3621027e+00
0.088113       	2.3619246e+00
0.0881343      	2.3630756e+00
0.0881556      	2.3628978e+00
0.0881769      	2.3640485e+00
0.0881982      	2.3638709e+00
0.0882195      	2.3650212e+00
0.0882408      	2.3648439e+00
0.0882621      	2.3659938e+00
0.0882834      	2.3658168e+00
0.0883047      	2.3669664e+00
0.088326       	2.3667896e+00
0.0883473      	2.3679388e+00
0.0883686      	2.3677623e+00
0.0883899      	2.3689112e+00
0.0884112      	2.3687349e+00
0.0884325      	2.3698834e+00
0.0884537      	2.3697075e+00
0.088475       	2.3708556e+00
0.0884963      	2.3706799e+00
0.0885176      	2.3718277e+00
0.0885388      	2.3716523e+00
0.0885601      	2.3727997e+00
0.0885814      	2.3726245e+00
0.0886026      	2.3737716e+00
0.0886239      	2.3735967e+00
0.0886452      	2.3747434e+00
0.0886664      	2.3745688e+00
0.0886877      	2.3757151e+00
0.0887089      	2.3755407e+00
0.0887302      	2.3766867e+00
0.0887514      	2.3765126e+00
0.0887727      	2.3776582e+00
0.0887939      	2.3774844e+00
0.0888151      	2.3786297e+00
0.0888364      	2.3784561e+00
0.0888576      	2.3796010e+00
0.0888788      	2.3794278e+00
0.0889001      	2.3805723e+00
0.0889213      	2.3803993e+00
0.0889425      	2.3815434e+00
0.0889637      	2.3813707e+00
0.088985       	2.3825145e+00
0.0890062      	2.3823421e+00
0.0890274      	2.3834847e+00
0.0890486      	2.3833106e+00
0.0890698      	2.3844529e+00
0.089091       	2.3842790e+00
0.0891122      	2.3854210e+00
0.0891334      	2.3852474e+00
0.0891546      	2.3863889e+00
0.0891758      	2.3862156e+00
0.089197       	2.3873568e+00
0.0892182      	2.3871838e+00
0.0892394      	2.3883247e+00
0.0892606      	2.3881519e+00
0.0892818      	2.3892924e+00
0.089303       	2.3891199e+00
0.0893242      	2.3902600e+00
0.0893454      	2.3900878e+00
0.0893665      	2.3912276e+00
0.0893877      	2.3910556e+00
0.0894089      	2.3921950e+00
0.0894301      	2.3920233e+00
0.0894512      	2.3931624e+00
0.0894724      	2.3929910e+00
0.0894936      	2.3941297e+00
0.0895147      	2.3939585e+00
0.0895359      	2.3950969e+00
0.089557       	2.3949260e+00
0.0895782      	2.3960640e+00
0.0895994      	2.3958934e+00
0.0896205      	2.3970310e+00
0.0896417      	2.3968607e+00
0.0896628      	2.3979980e+00
0.0896839      	2.3978279e+00
0.0897051      	2.3989648e+00
0.0897262      	2.3987950e+00
0.0897474      	2.3999316e+00
0.0897685      	2.3997621e+00
0.0897896      	2.4008983e+00
0.0898108      	2.4007290e+00
0.0898319      	2.4018649e+00
0.089853       	2.4016959e+00
0.0898741      	2.4028314e+00
0.0898953      	2.4026627e+00
0.0899164      	2.4037979e+00
0.0899375      	2.4036294e+00
0.0899586      	2.4047642e+00
0.0899797      	2.4045960e+00
0.0900008      	2.4057305e+00
0.0900219      	2.4055626e+00
0.090043       	2.4066967e+00
0.0900641      	2.4065290e+00
0.0900852      	2.4076628e+00
0.0901063      	2.4074954e+00
0.0901274      	2.4086288e+00
0.0901485      	2.4084617e+00
0.0901696      	2.4095947e+00
0.0901907      	2.4094279e+00
0.0902118      	2.4105606e+00
0.0902329      	2.4103941e+00
0.090254       	2.4115264e+00
0.090275       	2.4113601e+00
0.0902961      	2.4124922e+00
0.0903172      	2.4123262e+00
0.0903383      	2.4134578e+00
0.0903593      	2.4132921e+00
0.0903804      	2.4144235e+00
0.0904012      	2.4142494e+00
0.0904196      	2.4153138e+00
0.0904359      	2.4150384e+00
0.0904501      	2.4160058e+00
0.0904624      	2.4156395e+00
0.0904729      	2.4165222e+00
0.0904818      	2.4160795e+00
0.0904893      	2.4168935e+00
0.0904956      	2.4163912e+00
0.0905008      	2.4171529e+00
0.090505       	2.4166066e+00
0.0905086      	2.4173306e+00
0.0905115      	2.4167532e+00
0.0905138      	2.4174509e+00
0.0905157      	2.4168523e+00
0.0905173      	2.4175322e+00
0.0905186      	2.4169199e+00
0.0905196      	2.4175882e+00
0.0905204      	2.4169674e+00
0.0905211      	2.4176288e+00
0.0905216      	2.4170036e+00
0.090522       	2.4176616e+00
0.0905224      	2.4170352e+00
0.0905227      	2.4176929e+00
0.0905229      	2.4170683e+00
0.0905231      	2.4177287e+00
0.0905232      	2.4171091e+00
0.0905233      	2.4177760e+00
0.0905234      	2.4171659e+00
0.0905235      	2.4178443e+00
0.0905236      	2.4172495e+00
0.0905236      	2.4179467e+00
0.0905237      	2.4173764e+00
0.0905237      	2.4181036e+00
0.0905237      	2.4175713e+00
0.0905237      	2.4183454e+00
0.0905238      	2.4178724e+00
0.0905238      	2.4187196e+00
0.0905238      	2.4183384e+00
0.0905238      	2.4192993e+00
0.0905238      	2.4190605e+00
0.0905238      	2.4201982e+00
0.0905238      	2.4201803e+00
0.0905238      	2.4215924e+00
0.0905238      	2.4219169e+00
0.0905238      	2.4237547e+00
0.0905238      	2.4246102e+00
0.0905238      	2.4271088e+00
0.0905238      	2.4287879e+00
0.0905238      	2.4323115e+00
0.0905238      	2.4352680e+00
0.0905238      	2.4403818e+00
0.0905238      	2.4453197e+00
0.0905238      	2.4529001e+00
0.0905238      	2.4609112e+00
0.0905238      	2.4723180e+00
0.0905238      	2.4850968e+00
0.0905238      	2.5024396e+00
0.0905238      	2.5226133e+00
0.0905238      	2.5491623e+00
0.0905238      	2.5808081e+00
0.0905238      	2.6216369e+00
0.0905238      	2.6710798e+00
0.0905238      	2.7340571e+00
0.0905238      	2.8111101e+00
0.0905238      	2.9084388e+00
0.0905238      	3.0283277e+00
0.0905238      	3.1789314e+00
0.0905238      	3.3652820e+00
0.0905238      	3.5984979e+00
0.0905238      	3.8879702e+00
0.0905238      	4.2493239e+00
0.0905238      	4.6987617e+00
0.0905238      	5.2588767e+00
0.0905238      	5.9564526e+00
0.0905238      	6.8248810e+00
0.0905238      	7.9073672e+00
0.0905238      	9.2540456e+00
0.0905238      	1.0933601e+01
0.0905238      	1.3022134e+01
0.0905238      	1.5627857e+01
0.0905238      	1.8867142e+01
0.0905238      	2.2909527e+01
0.0905238      	2.7933843e+01
0.0905238      	3.4204761e+01
0.0905238      	4.1997991e+01
0.0905238      	5.1725783e+01
0.0905238      	6.3814115e+01
0.0905238      	7.8904167e+01
0.0905238      	9.7655002e+01
0.0905238      	1.2106293e+02
0.0905238      	1.5014855e+02
0.0905238      	1.8645906e+02
0.0905238      	2.3157585e+02
0.0905238      	2.8790070e+02
0.0905238      	3.5788483e+02
0.0905238      	4.4525567e+02
0.0905238      	5.5381369e+02
0.0905238      	6.8934269e+02
0.0905238      	8.5773599e+02
0.0905238      	1.0679673e+03
0.0905238      	1.3291763e+03
0.0905238      	1.6552850e+03
0.0905238      	2.0604685e+03
0.0905238      	2.5663246e+03
0.0905238      	3.1948394e+03
0.0905238      	3.9795176e+03
0.0905238      	4.9544609e+03
0.0905238      	6.1716444e+03
0.0905238      	7.6839630e+03
0.0905238      	9.5720433e+03
0.0905238      	1.1917931e+04
0.0905238      	1.4846698e+04
0.0905238      	1.8485608e+04
0.0905238      	2.3028675e+04
0.0905238      	2.8673304e+04
0.0905238      	3.5720453e+04
0.0905238      	4.4476326e+04
0.0905238      	5.5407775e+04
0.0905238      	6.8989770e+04
0.0905238      	8.5946495e+04
0.0905238      	1.0701471e+05
0.0905238      	1.3331777e+05
0.0905238      	1.6599850e+05
0.0905238      	2.0679947e+05
0.0905238      	2.5749339e+05
0.0905238      	3.2078334e+05
0.0905238      	3.9941909e+05
0.0905238      	4.9759366e+05
0.0905238      	6.1957241e+05
0.0905238      	7.7185955e+05
0.0905238      	9.6107139e+05
0.0905238      	1.1972973e+06
0.0905238      	1.4908002e+06
0.0905238      	1.8572308e+06
0.0905238      	2.3125087e+06
0.0905238      	2.8809111e+06
0.0905238      	3.5871323e+06
0.0905238      	4.4688309e+06
0.0905238      	5.5643120e+06
0.0905238      	6.9319916e+06
0.0905238      	8.6312876e+06
0.0905238      	1.0752815e+07
0.0905238      	1.3388741e+07
0.0905238      	1.6679626e+07
0.0905238      	2.0768440e+07
0.0905238      	2.5873220e+07
0.0905238      	3.2215735e+07
0.0905238      	4.0134204e+07
0.0905238      	4.9972632e+07
0.0905238      	6.2255659e+07
0.0905238      	7.7516900e+07
0.0905238      	9.6570175e+07
0.0905238      	1.2024321e+08
0.0905238      	1.4979841e+08
0.0905238      	1.8651972e+08
0.0905238      	2.3236536e+08
0.0905238      	2.8932698e+08
0.0905238      	3.6044216e+08
0.0905238      	4.4880028e+08
0.0905238      	5.5911323e+08
0.0905238      	6.9617319e+08
0.0905238      	8.6728926e+08
0.0905238      	1.0798948e+09
0.0905238      	1.3453280e+09
0.0905238      	1.6751189e+09
0.0905238      	2.0868555e+09
0.0905238      	2.5984226e+09
0.0905238      	3.2371037e+09
0.0905238      	4.0306390e+09
0.0905238      	5.0213547e+09
0.0905238      	6.2522734e+09
0.0905238      	7.7890638e+09
0.0905238      	9.6984403e+09
0.0905238      	1.2082305e+10
0.0905238      	1.5044079e+10
0.0905238      	1.8741942e+10
0.0905238      	2.3336133e+10
0.0905238      	2.9072337e+10
0.0905238      	3.6198620e+10
0.0905238      	4.5096740e+10
0.0905238      	5.6150714e+10
0.0905238      	6.9953622e+10
0.0905238      	8.7100102e+10
0.0905238      	1.0851135e+11
0.0905238      	1.3510833e+11
0.0905238      	1.6832169e+11
0.0905238      	2.0957798e+11
0.0905238      	2.6109883e+11
0.0905238      	3.2509420e+11
0.0905238      	4.0501365e+11
0.0905238      	5.0428139e+11
0.0905238      	6.2825251e+11
0.0905238      	7.8223425e+11
0.0905238      	9.7453773e+11
0.0905238      	1.2133911e+12
0.0905238      	1.5116909e+12
0.0905238      	1.8821961e+12
0.0905238      	2.3449160e+12
0.0905238      	2.9196378e+12
0.0905238      	3.6374040e+12
0.0905238      	4.5289040e+12
0.0905238      	5.6422947e+12
0.0905238      	7.0251770e+12
0.0905238      	8.7522553e+12
0.0905238      	1.0897363e+13
0.0905238      	1.3576386e+13
0.0905238      	1.6903849e+13
0.0905238      	2.1059516e+13
0.0905238      	2.6221032e+13
0.0905238      	3.2667250e+13
0.0905238      	4.0673727e+13
0.0905238      	5.0673017e+13
0.0905238      	6.3092560e+13
0.0905238      	7.8603332e+13
0.0905238      	9.7868365e+13
0.0905238      	1.2192848e+14
0.0905238      	1.5181215e+14
0.0905238      	1.8913388e+14
0.0905238      	2.3548904e+14
0.0905238      	2.9338204e+14
0.0905238      	3.6528756e+14
0.0905238      	4.5509043e+14
0.0905238      	5.6662936e+14
0.0905238      	7.0593041e+14
0.0905238      	8.7894816e+14
0.0905238      	1.0950302e+15
