# Region type : patch Rc1_sub1
# Faces        : 104
# Area         : 2.5103088e-06
# Scale factor : 1.0000000e+00
# Time         	sum(phi)
6e-05          	3.4909956e-10
0.000132       	7.6958268e-10
0.0002184      	1.2732099e-09
0.00032208     	1.8797803e-09
0.000446496    	2.6078075e-09
0.000595795    	3.4863323e-09
0.000774954    	4.5416497e-09
0.000989945    	5.8139850e-09
0.00124793     	7.3381284e-09
0.00155752     	9.1656171e-09
0.00192903     	1.1335639e-08
0.00237483     	1.3904550e-08
0.0029098      	1.6905107e-08
0.00355176     	2.0391465e-08
0.00429765     	2.4267215e-08
0.00475382     	2.6632127e-08
0.00497048     	2.7722117e-08
0.00518408     	2.8796860e-08
0.00542151     	2.9966613e-08
0.00568516     	3.1264437e-08
0.00595414     	3.2564234e-08
0.0062144      	3.3827546e-08
0.00646879     	3.5043136e-08
0.00672414     	3.6270293e-08
0.00698347     	3.7499622e-08
0.0072456      	3.8750526e-08
0.0075082      	3.9989607e-08
0.00777027     	4.1239576e-08
0.00803213     	4.2477467e-08
0.00829441     	4.3733317e-08
0.00855734     	4.4983788e-08
0.00882083     	4.6255567e-08
0.00908463     	4.7523594e-08
0.00934861     	4.8815188e-08
0.00961272     	5.0103447e-08
0.00987701     	5.1415370e-08
0.0101415      	5.2724189e-08
0.0104061      	5.4056541e-08
0.0106708      	5.5388230e-08
0.0109356      	5.6745775e-08
0.0112005      	5.8103598e-08
0.0114655      	5.9488122e-08
0.0117307      	6.0873590e-08
0.0119958      	6.2286317e-08
0.0122611      	6.3703910e-08
0.0125265      	6.5149250e-08
0.0127919      	6.6596240e-08
0.0130543      	6.8053583e-08
0.0133099      	6.9471876e-08
0.0135591      	7.0880949e-08
0.0138025      	7.2257576e-08
0.01404        	7.3625219e-08
0.0142718      	7.4963725e-08
0.0144983      	7.6294132e-08
0.0147199      	7.7594803e-08
0.0149367      	7.8888586e-08
0.0151492      	8.0152183e-08
0.0153574      	8.1408948e-08
0.0155616      	8.2639801e-08
0.0157619      	8.3865669e-08
0.0159587      	8.5067074e-08
0.016152       	8.6264146e-08
0.0163419      	8.7438076e-08
0.0165288      	8.8608277e-08
0.0167125      	8.9756529e-08
0.0168934      	9.0901576e-08
0.0170714      	9.2027157e-08
0.0172468      	9.3152026e-08
0.0174196      	9.4257006e-08
0.0175899      	9.5359643e-08
0.0177578      	9.6443297e-08
0.0179234      	9.7525011e-08
0.0180867      	9.8586873e-08
0.0182479      	9.9645632e-08
0.0184071      	1.0068703e-07
0.0185642      	1.0172716e-07
0.0187193      	1.0275061e-07
0.0188726      	1.0377306e-07
0.019024       	1.0478001e-07
0.0191736      	1.0578887e-07
0.0193216      	1.0678231e-07
0.0194678      	1.0777521e-07
0.0196124      	1.0875325e-07
0.0197555      	1.0973099e-07
0.019897       	1.1069442e-07
0.020037       	1.1165694e-07
0.0201755      	1.1260337e-07
0.0203126      	1.1354990e-07
0.0204484      	1.1448308e-07
0.0205828      	1.1541649e-07
0.0207159      	1.1633699e-07
0.0208477      	1.1725790e-07
0.0209783      	1.1816631e-07
0.0211076      	1.1907529e-07
0.0212358      	1.1997213e-07
0.0213628      	1.2086967e-07
0.0214886      	1.2175542e-07
0.0216134      	1.2264197e-07
0.021737       	1.2351709e-07
0.0218597      	1.2439312e-07
0.0219812      	1.2525803e-07
0.0221018      	1.2612644e-07
0.0222213      	1.2698447e-07
0.0223399      	1.2784357e-07
0.0224576      	1.2869212e-07
0.0225742      	1.2954181e-07
0.02269        	1.3038123e-07
0.0228049      	1.3122190e-07
0.0229189      	1.3205254e-07
0.023032       	1.3288370e-07
0.0231443      	1.3370302e-07
0.0232558      	1.3452374e-07
0.0233664      	1.3533491e-07
0.0234763      	1.3614753e-07
0.0235853      	1.3695082e-07
0.0236936      	1.3775561e-07
0.0238011      	1.3855128e-07
0.0239079      	1.3934850e-07
0.024014       	1.4013681e-07
0.0241193      	1.4092673e-07
0.0242239      	1.4170793e-07
0.0243279      	1.4249074e-07
0.0244311      	1.4326501e-07
0.0245337      	1.4404095e-07
0.0246356      	1.4480853e-07
0.0247369      	1.4557783e-07
0.0248375      	1.4633893e-07
0.0249375      	1.4710177e-07
0.0250369      	1.4785759e-07
0.0251357      	1.4861689e-07
0.0252339      	1.4936828e-07
0.0253315      	1.5012145e-07
0.0254285      	1.5086687e-07
0.0255249      	1.5161408e-07
0.0256208      	1.5235368e-07
0.0257161      	1.5309510e-07
0.0258108      	1.5382904e-07
0.0259051      	1.5456484e-07
0.0259987      	1.5529331e-07
0.0260919      	1.5602101e-07
0.0261846      	1.5674145e-07
0.0262767      	1.5746381e-07
0.0263683      	1.5817904e-07
0.0264595      	1.5889618e-07
0.0265501      	1.5960631e-07
0.0266403      	1.6031836e-07
0.02673        	1.6102351e-07
0.0268192      	1.6173059e-07
0.0269079      	1.6243089e-07
0.0269962      	1.6313314e-07
0.0270841      	1.6383122e-07
0.0271715      	1.6453137e-07
0.0272584      	1.6522488e-07
0.027345       	1.6592036e-07
0.0274311      	1.6660931e-07
0.0275167      	1.6730023e-07
0.027602       	1.6798471e-07
0.0276868      	1.6867117e-07
0.0277713      	1.6935129e-07
0.0278553      	1.7003339e-07
0.0279389      	1.7070924e-07
0.0280222      	1.7138640e-07
0.028105       	1.7205551e-07
0.0281875      	1.7272663e-07
0.0282696      	1.7339168e-07
0.0283513      	1.7405873e-07
0.0284326      	1.7471978e-07
0.0285136      	1.7538283e-07
0.0285942      	1.7603996e-07
0.0286744      	1.7669908e-07
0.0287543      	1.7735237e-07
0.0288339      	1.7800765e-07
0.0289131      	1.7865717e-07
0.0289919      	1.7930871e-07
0.0290705      	1.7995455e-07
0.0291486      	1.8060240e-07
0.0292265      	1.8124462e-07
0.029304       	1.8188885e-07
0.0293812      	1.8252752e-07
0.0294581      	1.8316819e-07
0.0295346      	1.8380336e-07
0.0296109      	1.8444053e-07
0.0296868      	1.8507227e-07
0.0297624      	1.8570602e-07
0.0298378      	1.8633440e-07
0.0299128      	1.8696478e-07
0.0299875      	1.8758986e-07
0.0300619      	1.8821901e-07
0.0301361      	1.8884331e-07
0.0302099      	1.8946960e-07
0.0302834      	1.9009068e-07
0.0303567      	1.9071374e-07
0.0304297      	1.9133165e-07
0.0305024      	1.9195154e-07
0.0305748      	1.9256633e-07
0.030647       	1.9318310e-07
0.0307189      	1.9379483e-07
0.0307905      	1.9440853e-07
0.0308618      	1.9501725e-07
0.0309329      	1.9562795e-07
0.0310038      	1.9623357e-07
0.0310743      	1.9683888e-07
0.0311446      	1.9743930e-07
0.0312147      	1.9804172e-07
0.0312845      	1.9863930e-07
0.0313541      	1.9923885e-07
0.0314234      	1.9983360e-07
0.0314924      	2.0043032e-07
0.0315613      	2.0102230e-07
0.0316298      	2.0161623e-07
0.0316982      	2.0220547e-07
0.0317663      	2.0279666e-07
0.0318342      	2.0338320e-07
0.0319018      	2.0397169e-07
0.0319692      	2.0455558e-07
0.0320364      	2.0514142e-07
0.0321034      	2.0572270e-07
0.0321701      	2.0630592e-07
0.0322366      	2.0688462e-07
0.0323029      	2.0746526e-07
0.032369       	2.0804141e-07
0.0324348      	2.0861950e-07
0.0325005      	2.0919314e-07
0.0325659      	2.0976871e-07
0.0326311      	2.1033987e-07
0.0326961      	2.1091296e-07
0.0327609      	2.1148168e-07
0.0328255      	2.1205232e-07
0.0328899      	2.1261863e-07
0.0329541      	2.1318687e-07
0.0330181      	2.1375147e-07
0.0330819      	2.1431967e-07
0.0331454      	2.1488359e-07
0.0332088      	2.1544941e-07
0.033272       	2.1601099e-07
0.033335       	2.1657446e-07
0.0333978      	2.1713373e-07
0.0334604      	2.1769489e-07
0.0335229      	2.1825188e-07
0.0335851      	2.1881075e-07
0.0336472      	2.1936549e-07
0.033709       	2.1992211e-07
0.0337707      	2.2047462e-07
0.0338322      	2.2102901e-07
0.0338935      	2.2157934e-07
0.0339547      	2.2213154e-07
0.0340156      	2.2267913e-07
0.0340764      	2.2322687e-07
0.034137       	2.2377063e-07
0.0341974      	2.2431626e-07
0.0342577      	2.2485792e-07
0.0343178      	2.2540144e-07
0.0343777      	2.2594102e-07
0.0344375      	2.2648245e-07
0.034497       	2.2701997e-07
0.0345564      	2.2755934e-07
0.0346157      	2.2809482e-07
0.0346748      	2.2863215e-07
0.0347337      	2.2916562e-07
0.0347925      	2.2970094e-07
0.034851       	2.3023244e-07
0.0349095      	2.3076578e-07
0.0349678      	2.3129532e-07
0.0350259      	2.3182771e-07
0.0350838      	2.3235758e-07
0.0351416      	2.3288927e-07
0.0351993      	2.3341719e-07
0.0352568      	2.3394694e-07
0.0353141      	2.3447295e-07
0.0353713      	2.3500078e-07
0.0354284      	2.3552490e-07
0.0354853      	2.3605082e-07
0.035542       	2.3657308e-07
0.0355986      	2.3709713e-07
0.035655       	2.3761753e-07
0.0357113      	2.3813972e-07
0.0357675      	2.3865829e-07
0.0358235      	2.3917865e-07
0.0358794      	2.3969542e-07
0.0359351      	2.4021397e-07
0.0359907      	2.4072895e-07
0.0360462      	2.4124386e-07
0.0361015      	2.4175486e-07
0.0361566      	2.4226765e-07
0.0362117      	2.4277691e-07
0.0362666      	2.4328795e-07
0.0363213      	2.4379549e-07
0.0363759      	2.4430480e-07
0.0364304      	2.4481063e-07
0.0364848      	2.4531822e-07
0.036539       	2.4582235e-07
0.0365931      	2.4632824e-07
0.0366471      	2.4683069e-07
0.0367009      	2.4733489e-07
0.0367546      	2.4783568e-07
0.0368082      	2.4833822e-07
0.0368616      	2.4883736e-07
0.0369149      	2.4933826e-07
0.0369681      	2.4983578e-07
0.0370212      	2.5033505e-07
0.0370741      	2.5083098e-07
0.037127       	2.5132864e-07
0.0371797      	2.5182297e-07
0.0372322      	2.5231903e-07
0.0372847      	2.5281178e-07
0.037337       	2.5330626e-07
0.0373892      	2.5379744e-07
0.0374413      	2.5429035e-07
0.0374933      	2.5477999e-07
0.0375451      	2.5527134e-07
0.0375969      	2.5575945e-07
0.0376485      	2.5624926e-07
0.0377         	2.5673584e-07
0.0377514      	2.5722413e-07
0.0378026      	2.5770921e-07
0.0378538      	2.5819600e-07
0.0379048      	2.5867959e-07
0.0379558      	2.5916489e-07
0.0380066      	2.5964730e-07
0.0380573      	2.6013326e-07
0.0381079      	2.6061607e-07
0.0381584      	2.6110054e-07
0.0382088      	2.6158188e-07
0.038259       	2.6206489e-07
0.0383092      	2.6254477e-07
0.0383592      	2.6302632e-07
0.0384092      	2.6350477e-07
0.038459       	2.6398488e-07
0.0385087      	2.6446190e-07
0.0385583      	2.6494057e-07
0.0386079      	2.6541618e-07
0.0386573      	2.6589344e-07
0.0387066      	2.6636764e-07
0.0387558      	2.6684350e-07
0.0388049      	2.6731632e-07
0.0388539      	2.6779079e-07
0.0389028      	2.6826224e-07
0.0389516      	2.6873534e-07
0.0390003      	2.6920542e-07
0.0390488      	2.6967505e-07
0.0390973      	2.7014170e-07
0.0391457      	2.7060999e-07
0.039194       	2.7107533e-07
0.0392422      	2.7154229e-07
0.0392903      	2.7200631e-07
0.0393383      	2.7247196e-07
0.0393862      	2.7293466e-07
0.039434       	2.7339899e-07
0.0394817      	2.7386040e-07
0.0395293      	2.7432342e-07
0.0395769      	2.7478353e-07
0.0396243      	2.7524526e-07
0.0396716      	2.7570410e-07
0.0397189      	2.7616454e-07
0.039766       	2.7662211e-07
0.0398131      	2.7708128e-07
0.03986        	2.7753760e-07
0.0399069      	2.7799551e-07
0.0399537      	2.7845059e-07
0.0400004      	2.7890737e-07
0.040047       	2.7937571e-07
0.0400935      	2.7984558e-07
0.0401399      	2.8031253e-07
0.0401862      	2.8078102e-07
0.0402324      	2.8124661e-07
0.0402786      	2.8171377e-07
0.0403246      	2.8217806e-07
0.0403706      	2.8264391e-07
0.0404165      	2.8310691e-07
0.0404623      	2.8357147e-07
0.040508       	2.8403319e-07
0.0405536      	2.8449647e-07
0.0405992      	2.8495692e-07
0.0406446      	2.8541892e-07
0.04069        	2.8587811e-07
0.0407353      	2.8633885e-07
0.0407805      	2.8679679e-07
0.0408256      	2.8725626e-07
0.0408706      	2.8771295e-07
0.0409155      	2.8817117e-07
0.0409604      	2.8862662e-07
0.0410052      	2.8908360e-07
0.0410499      	2.8953781e-07
0.0410945      	2.8999354e-07
0.041139       	2.9044652e-07
0.0411835      	2.9090102e-07
0.0412279      	2.9135276e-07
0.0412721      	2.9180602e-07
0.0413164      	2.9225654e-07
0.0413605      	2.9270855e-07
0.0414045      	2.9315785e-07
0.0414485      	2.9360863e-07
0.0414924      	2.9405670e-07
0.0415362      	2.9450626e-07
0.04158        	2.9495311e-07
0.0416236      	2.9540144e-07
0.0416672      	2.9584708e-07
0.0417107      	2.9629421e-07
0.0417542      	2.9673864e-07
0.0417975      	2.9718454e-07
0.0418408      	2.9762777e-07
0.041884       	2.9807246e-07
0.0419271      	2.9851451e-07
0.0419702      	2.9895801e-07
0.0420132      	2.9939826e-07
0.0420561      	2.9983857e-07
0.0420989      	3.0027626e-07
0.0421417      	3.0071542e-07
0.0421843      	3.0115196e-07
0.042227       	3.0158995e-07
0.0422695      	3.0202534e-07
0.042312       	3.0246218e-07
0.0423544      	3.0289641e-07
0.0423967      	3.0333209e-07
0.0424389      	3.0376519e-07
0.0424811      	3.0419972e-07
0.0425232      	3.0463168e-07
0.0425653      	3.0506507e-07
0.0426073      	3.0549589e-07
0.0426492      	3.0592815e-07
0.042691       	3.0635785e-07
0.0427328      	3.0678899e-07
0.0427745      	3.0721758e-07
0.0428161      	3.0764760e-07
0.0428576      	3.0807509e-07
0.0428991      	3.0850401e-07
0.0429405      	3.0893041e-07
0.0429819      	3.0935823e-07
0.0430232      	3.0978465e-07
0.0430644      	3.1021335e-07
0.0431056      	3.1063955e-07
0.0431467      	3.1106715e-07
0.0431877      	3.1149227e-07
0.0432286      	3.1191878e-07
0.0432695      	3.1234281e-07
0.0433104      	3.1276824e-07
0.0433511      	3.1319121e-07
0.0433918      	3.1361557e-07
0.0434324      	3.1403747e-07
0.043473       	3.1446077e-07
0.0435135      	3.1488163e-07
0.0435539      	3.1530387e-07
0.0435943      	3.1572368e-07
0.0436346      	3.1614488e-07
0.0436749      	3.1656366e-07
0.0437151      	3.1698382e-07
0.0437552      	3.1740157e-07
0.0437952      	3.1782070e-07
0.0438352      	3.1823743e-07
0.0438752      	3.1865555e-07
0.0439151      	3.1907127e-07
0.0439549      	3.1948836e-07
0.0439946      	3.1990308e-07
0.0440343      	3.2031918e-07
0.0440739      	3.2073290e-07
0.0441135      	3.2114800e-07
0.044153       	3.2156073e-07
0.0441925      	3.2197484e-07
0.0442319      	3.2238659e-07
0.0442712      	3.2279971e-07
0.0443105      	3.2321048e-07
0.0443497      	3.2362261e-07
0.0443888      	3.2403242e-07
0.0444279      	3.2444358e-07
0.044467       	3.2485241e-07
0.0445059      	3.2526260e-07
0.0445449      	3.2567048e-07
0.0445837      	3.2607971e-07
0.0446225      	3.2648664e-07
0.0446613      	3.2689492e-07
0.0447         	3.2730090e-07
0.0447386      	3.2770824e-07
0.0447772      	3.2811329e-07
0.0448157      	3.2851969e-07
0.0448542      	3.2892381e-07
0.0448926      	3.2932928e-07
0.0449309      	3.2973249e-07
0.0449692      	3.3013704e-07
0.0450075      	3.3053934e-07
0.0450457      	3.3094298e-07
0.0450838      	3.3134437e-07
0.0451219      	3.3174710e-07
0.0451599      	3.3214760e-07
0.0451979      	3.3254943e-07
0.0452358      	3.3294903e-07
0.0452736      	3.3334996e-07
0.0453114      	3.3374868e-07
0.0453492      	3.3414872e-07
0.0453869      	3.3454655e-07
0.0454245      	3.3494570e-07
0.0454621      	3.3534265e-07
0.0454997      	3.3574092e-07
0.0455371      	3.3613700e-07
0.0455746      	3.3653439e-07
0.045612       	3.3692960e-07
0.0456493      	3.3732613e-07
0.0456866      	3.3772049e-07
0.0457238      	3.3811616e-07
0.045761       	3.3850967e-07
0.0457981      	3.3890449e-07
0.0458351      	3.3929716e-07
0.0458722      	3.3969113e-07
0.0459091      	3.4008296e-07
0.0459461      	3.4047610e-07
0.0459829      	3.4086711e-07
0.0460197      	3.4125841e-07
0.0460565      	3.4164671e-07
0.0460932      	3.4203632e-07
0.0461299      	3.4242382e-07
0.0461665      	3.4281263e-07
0.0462031      	3.4319933e-07
0.0462396      	3.4358734e-07
0.0462761      	3.4397323e-07
0.0463125      	3.4436043e-07
0.0463489      	3.4474552e-07
0.0463852      	3.4513192e-07
0.0464215      	3.4551623e-07
0.0464577      	3.4590183e-07
0.0464939      	3.4628535e-07
0.04653        	3.4667017e-07
0.0465661      	3.4705291e-07
0.0466021      	3.4743694e-07
0.0466381      	3.4781891e-07
0.046674       	3.4820217e-07
0.0467099      	3.4858337e-07
0.0467458      	3.4896586e-07
0.0467816      	3.4934629e-07
0.0468173      	3.4972802e-07
0.046853       	3.5010770e-07
0.0468887      	3.5048866e-07
0.0469243      	3.5086760e-07
0.0469599      	3.5124781e-07
0.0469954      	3.5162600e-07
0.0470309      	3.5200709e-07
0.0470663      	3.5238640e-07
0.0471017      	3.5276698e-07
0.047137       	3.5314554e-07
0.0471723      	3.5352536e-07
0.0472075      	3.5390318e-07
0.0472428      	3.5428226e-07
0.0472779      	3.5465934e-07
0.047313       	3.5503769e-07
0.0473481      	3.5541404e-07
0.0473831      	3.5579165e-07
0.0474181      	3.5616728e-07
0.047453       	3.5654416e-07
0.0474879      	3.5691907e-07
0.0475228      	3.5729523e-07
0.0475576      	3.5766943e-07
0.0475923      	3.5804488e-07
0.047627       	3.5841836e-07
0.0476617      	3.5879310e-07
0.0476964      	3.5916589e-07
0.0477309      	3.5953992e-07
0.0477655      	3.5991201e-07
0.0478         	3.6028534e-07
0.0478344      	3.6065673e-07
0.0478689      	3.6102937e-07
0.0479032      	3.6140007e-07
0.0479376      	3.6177202e-07
0.0479719      	3.6214204e-07
0.0480061      	3.6251331e-07
0.0480403      	3.6288266e-07
0.0480745      	3.6325323e-07
0.0481086      	3.6362189e-07
0.0481427      	3.6399178e-07
0.0481767      	3.6435976e-07
0.0482107      	3.6472897e-07
0.0482447      	3.6509627e-07
0.0482786      	3.6546481e-07
0.0483125      	3.6583144e-07
0.0483463      	3.6619931e-07
0.0483801      	3.6656529e-07
0.0484138      	3.6693248e-07
0.0484476      	3.6729780e-07
0.0484812      	3.6766434e-07
0.0485149      	3.6802901e-07
0.0485485      	3.6839489e-07
0.048582       	3.6875889e-07
0.0486155      	3.6912411e-07
0.048649       	3.6948747e-07
0.0486824      	3.6985204e-07
0.0487158      	3.7021476e-07
0.0487492      	3.7057868e-07
0.0487825      	3.7094075e-07
0.0488158      	3.7130403e-07
0.048849       	3.7166547e-07
0.0488822      	3.7202811e-07
0.0489154      	3.7238891e-07
0.0489485      	3.7275091e-07
0.0489816      	3.7311109e-07
0.0490146      	3.7347246e-07
0.0490476      	3.7383201e-07
0.0490806      	3.7419276e-07
0.0491135      	3.7455168e-07
0.0491464      	3.7491181e-07
0.0491793      	3.7527011e-07
0.0492121      	3.7562961e-07
0.0492449      	3.7598730e-07
0.0492776      	3.7634618e-07
0.0493103      	3.7670326e-07
0.049343       	3.7706152e-07
0.0493756      	3.7741798e-07
0.0494082      	3.7777563e-07
0.0494408      	3.7813148e-07
0.0494733      	3.7848852e-07
0.0495058      	3.7884378e-07
0.0495382      	3.7920022e-07
0.0495706      	3.7955487e-07
0.049603       	3.7991069e-07
0.0496353      	3.8026474e-07
0.0496676      	3.8061997e-07
0.0496999      	3.8097343e-07
0.0497321      	3.8132806e-07
0.0497643      	3.8168093e-07
0.0497965      	3.8203496e-07
0.0498286      	3.8238724e-07
0.0498607      	3.8274069e-07
0.0498927      	3.8309238e-07
0.0499247      	3.8344524e-07
0.0499567      	3.8379635e-07
0.0499886      	3.8414863e-07
0.0500206      	3.8408652e-07
0.0500524      	3.8379899e-07
0.0500843      	3.8351276e-07
0.0501162      	3.8322987e-07
0.050148       	3.8294760e-07
0.0501798      	3.8266806e-07
0.0502116      	3.8238866e-07
0.0502434      	3.8211163e-07
0.0502752      	3.8183449e-07
0.050307       	3.8155952e-07
0.0503388      	3.8128432e-07
0.0503705      	3.8101120e-07
0.0504022      	3.8073781e-07
0.0504339      	3.8046648e-07
0.0504656      	3.8019486e-07
0.0504973      	3.7992531e-07
0.050529       	3.7965550e-07
0.0505606      	3.7938778e-07
0.0505923      	3.7911981e-07
0.0506239      	3.7885399e-07
0.0506555      	3.7858798e-07
0.0506871      	3.7832417e-07
0.0507187      	3.7806023e-07
0.0507503      	3.7779853e-07
0.0507818      	3.7753676e-07
0.0508134      	3.7727729e-07
0.0508449      	3.7701780e-07
0.0508764      	3.7676067e-07
0.0509079      	3.7650358e-07
0.0509394      	3.7624890e-07
0.0509708      	3.7599433e-07
0.0510023      	3.7574234e-07
0.0510337      	3.7549213e-07
0.0510652      	3.7524444e-07
0.0510966      	3.7499695e-07
0.051128       	3.7475202e-07
0.0511594      	3.7450735e-07
0.0511907      	3.7426530e-07
0.0512221      	3.7402357e-07
0.0512534      	3.7378449e-07
0.0512848      	3.7354579e-07
0.0513161      	3.7330980e-07
0.0513474      	3.7307423e-07
0.0513787      	3.7284142e-07
0.0514099      	3.7260907e-07
0.0514412      	3.7237952e-07
0.0514725      	3.7215048e-07
0.0515037      	3.7192428e-07
0.0515349      	3.7169864e-07
0.0515661      	3.7147587e-07
0.0515973      	3.7125369e-07
0.0516285      	3.7103443e-07
0.0516596      	3.7081580e-07
0.0516908      	3.7060011e-07
0.0517219      	3.7038509e-07
0.051753       	3.7017305e-07
0.0517842      	3.6996171e-07
0.0518153      	3.6975338e-07
0.0518463      	3.6954578e-07
0.0518774      	3.6934121e-07
0.0519085      	3.6913741e-07
0.0519395      	3.6893666e-07
0.0519705      	3.6873670e-07
0.0520015      	3.6853982e-07
0.0520325      	3.6834375e-07
0.0520635      	3.6815078e-07
0.0520945      	3.6795864e-07
0.0521255      	3.6776961e-07
0.0521564      	3.6758144e-07
0.0521873      	3.6739639e-07
0.0522183      	3.6721222e-07
0.0522492      	3.6703119e-07
0.0522801      	3.6685104e-07
0.0523109      	3.6667404e-07
0.0523418      	3.6649793e-07
0.0523727      	3.6632499e-07
0.0524035      	3.6615295e-07
0.0524343      	3.6598408e-07
0.0524651      	3.6581612e-07
0.0524959      	3.6565135e-07
0.0525267      	3.6548750e-07
0.0525575      	3.6532683e-07
0.0525883      	3.6516710e-07
0.052619       	3.6501055e-07
0.0526497      	3.6485494e-07
0.0526805      	3.6470252e-07
0.0527112      	3.6455104e-07
0.0527419      	3.6440274e-07
0.0527725      	3.6425538e-07
0.0528032      	3.6411120e-07
0.0528339      	3.6396796e-07
0.0528645      	3.6382790e-07
0.0528951      	3.6368879e-07
0.0529257      	3.6355284e-07
0.0529563      	3.6341784e-07
0.0529869      	3.6328600e-07
0.0530175      	3.6315510e-07
0.0530481      	3.6302736e-07
0.0530786      	3.6290054e-07
0.0531092      	3.6277688e-07
0.0531397      	3.6265414e-07
0.0531702      	3.6253454e-07
0.0532007      	3.6241586e-07
0.0532312      	3.6230030e-07
0.0532617      	3.6218564e-07
0.0532921      	3.6207409e-07
0.0533226      	3.6196344e-07
0.053353       	3.6185589e-07
0.0533834      	3.6174922e-07
0.0534138      	3.6164564e-07
0.0534442      	3.6154292e-07
0.0534746      	3.6144327e-07
0.053505       	3.6134448e-07
0.0535354      	3.6124874e-07
0.0535657      	3.6115384e-07
0.053596       	3.6106198e-07
0.0536264      	3.6097094e-07
0.0536567      	3.6088292e-07
0.053687       	3.6079570e-07
0.0537172      	3.6071148e-07
0.0537475      	3.6062806e-07
0.0537778      	3.6054761e-07
0.053808       	3.6046795e-07
0.0538383      	3.6039124e-07
0.0538685      	3.6031528e-07
0.0538987      	3.6024227e-07
0.0539289      	3.6017000e-07
0.0539591      	3.6010064e-07
0.0539892      	3.6003200e-07
0.0540194      	3.5996518e-07
0.0540495      	3.5989846e-07
0.0540797      	3.5983462e-07
0.0541098      	3.5977147e-07
0.0541399      	3.5971117e-07
0.05417        	3.5965154e-07
0.0542001      	3.5959474e-07
0.0542302      	3.5953859e-07
0.0542602      	3.5948524e-07
0.0542903      	3.5943252e-07
0.0543203      	3.5938258e-07
0.0543503      	3.5933323e-07
0.0543803      	3.5928664e-07
0.0544103      	3.5924062e-07
0.0544403      	3.5919732e-07
0.0544703      	3.5915457e-07
0.0545002      	3.5911451e-07
0.0545302      	3.5907498e-07
0.0545601      	3.5903813e-07
0.0545901      	3.5900178e-07
0.05462        	3.5896807e-07
0.0546499      	3.5893484e-07
0.0546798      	3.5890423e-07
0.0547096      	3.5887408e-07
0.0547395      	3.5884652e-07
0.0547694      	3.5881939e-07
0.0547992      	3.5879483e-07
0.054829       	3.5877068e-07
0.0548589      	3.5874907e-07
0.0548887      	3.5872784e-07
0.0549184      	3.5870913e-07
0.0549482      	3.5869077e-07
0.054978       	3.5867492e-07
0.0550078      	3.5865982e-07
0.0550375      	3.5864842e-07
0.0550672      	3.5863731e-07
0.055097       	3.5862863e-07
0.0551267      	3.5862023e-07
0.0551564      	3.5861423e-07
0.0551861      	3.5860849e-07
0.0552157      	3.5860513e-07
0.0552454      	3.5860199e-07
0.055275       	3.5860120e-07
0.0553047      	3.5860061e-07
0.0553343      	3.5860234e-07
0.0553639      	3.5860425e-07
0.0553935      	3.5860845e-07
0.0554231      	3.5861280e-07
0.0554527      	3.5861942e-07
0.0554823      	3.5862617e-07
0.0555118      	3.5863515e-07
0.0555414      	3.5864424e-07
0.0555709      	3.5865553e-07
0.0556004      	3.5866690e-07
0.0556299      	3.5868045e-07
0.0556594      	3.5869406e-07
0.0556889      	3.5870982e-07
0.0557184      	3.5872561e-07
0.0557479      	3.5874354e-07
0.0557773      	3.5876147e-07
0.0558068      	3.5878150e-07
0.0558362      	3.5880151e-07
0.0558656      	3.5882360e-07
0.055895       	3.5884564e-07
0.0559244      	3.5886974e-07
0.0559538      	3.5889377e-07
0.0559832      	3.5891981e-07
0.0560125      	3.5894577e-07
0.0560419      	3.5897373e-07
0.0560712      	3.5900157e-07
0.0561005      	3.5903139e-07
0.0561298      	3.5906106e-07
0.0561591      	3.5909267e-07
0.0561884      	3.5912413e-07
0.0562177      	3.5915750e-07
0.056247       	3.5919069e-07
0.0562762      	3.5922577e-07
0.0563055      	3.5926065e-07
0.0563347      	3.5929739e-07
0.0563639      	3.5933389e-07
0.0563932      	3.5937223e-07
0.0564224      	3.5941032e-07
0.0564515      	3.5945023e-07
0.0564807      	3.5948987e-07
0.0565099      	3.5953130e-07
0.056539       	3.5957244e-07
0.0565682      	3.5961534e-07
0.0565973      	3.5965793e-07
0.0566264      	3.5970225e-07
0.0566556      	3.5974624e-07
0.0566847      	3.5979194e-07
0.0567137      	3.5983728e-07
0.0567428      	3.5988432e-07
0.0567719      	3.5993097e-07
0.0568009      	3.5997930e-07
0.05683        	3.6002722e-07
0.056859       	3.6007680e-07
0.056888       	3.6012596e-07
0.056917       	3.6017675e-07
0.056946       	3.6022710e-07
0.056975       	3.6027905e-07
0.057004       	3.6033055e-07
0.057033       	3.6038363e-07
0.0570619      	3.6043623e-07
0.0570909      	3.6049040e-07
0.0571198      	3.6054406e-07
0.0571487      	3.6059927e-07
0.0571776      	3.6065396e-07
0.0572065      	3.6071017e-07
0.0572354      	3.6076585e-07
0.0572643      	3.6082302e-07
0.0572932      	3.6087964e-07
0.057322       	3.6093773e-07
0.0573509      	3.6099526e-07
0.0573797      	3.6105424e-07
0.0574085      	3.6111264e-07
0.0574374      	3.6117247e-07
0.0574662      	3.6123171e-07
0.057495       	3.6129236e-07
0.0575237      	3.6135239e-07
0.0575525      	3.6141382e-07
0.0575813      	3.6147461e-07
0.05761        	3.6153678e-07
0.0576388      	3.6159829e-07
0.0576675      	3.6166117e-07
0.0576962      	3.6172338e-07
0.0577249      	3.6178693e-07
0.0577536      	3.6184980e-07
0.0577823      	3.6191399e-07
0.057811       	3.6197748e-07
0.0578396      	3.6204228e-07
0.0578683      	3.6210637e-07
0.0578969      	3.6217175e-07
0.0579255      	3.6223640e-07
0.0579542      	3.6230233e-07
0.0579828      	3.6236752e-07
0.0580114      	3.6243333e-07
0.05804        	3.6249743e-07
0.0580685      	3.6256278e-07
0.0580971      	3.6262736e-07
0.0581257      	3.6269317e-07
0.0581542      	3.6275821e-07
0.0581827      	3.6282446e-07
0.0582113      	3.6288992e-07
0.0582398      	3.6295658e-07
0.0582683      	3.6302244e-07
0.0582968      	3.6308948e-07
0.0583253      	3.6315570e-07
0.0583537      	3.6322309e-07
0.0583822      	3.6328966e-07
0.0584107      	3.6335738e-07
0.0584391      	3.6342425e-07
0.0584675      	3.6349228e-07
0.0584959      	3.6355944e-07
0.0585244      	3.6362772e-07
0.0585528      	3.6369515e-07
0.0585811      	3.6376369e-07
0.0586095      	3.6383135e-07
0.0586379      	3.6390011e-07
0.0586663      	3.6396798e-07
0.0586946      	3.6403694e-07
0.0587229      	3.6410500e-07
0.0587513      	3.6417414e-07
0.0587796      	3.6424238e-07
0.0588079      	3.6431168e-07
0.0588362      	3.6438007e-07
0.0588645      	3.6444952e-07
0.0588928      	3.6451805e-07
0.058921       	3.6458762e-07
0.0589493      	3.6465626e-07
0.0589775      	3.6472594e-07
0.0590058      	3.6479499e-07
0.059034       	3.6486631e-07
0.0590622      	3.6493668e-07
0.0590904      	3.6500806e-07
0.0591186      	3.6507847e-07
0.0591468      	3.6514986e-07
0.059175       	3.6522029e-07
0.0592031      	3.6529172e-07
0.0592313      	3.6536215e-07
0.0592594      	3.6543356e-07
0.0592876      	3.6550398e-07
0.0593157      	3.6557537e-07
0.0593438      	3.6564577e-07
0.0593719      	3.6571713e-07
0.0594         	3.6578748e-07
0.0594281      	3.6585879e-07
0.0594562      	3.6592909e-07
0.0594842      	3.6600034e-07
0.0595123      	3.6607056e-07
0.0595403      	3.6614170e-07
0.0595684      	3.6621182e-07
0.0595964      	3.6628286e-07
0.0596244      	3.6635288e-07
0.0596524      	3.6642381e-07
0.0596804      	3.6649372e-07
0.0597084      	3.6656454e-07
0.0597364      	3.6663432e-07
0.0597643      	3.6670500e-07
0.0597923      	3.6677464e-07
0.0598202      	3.6684517e-07
0.0598482      	3.6691466e-07
0.0598761      	3.6698504e-07
0.059904       	3.6705437e-07
0.0599319      	3.6712457e-07
0.0599598      	3.6719372e-07
0.0599877      	3.6726374e-07
0.0600156      	3.6733271e-07
0.0600434      	3.6740254e-07
0.0600713      	3.6747130e-07
0.0600991      	3.6754093e-07
0.060127       	3.6760948e-07
0.0601548      	3.6767889e-07
0.0601826      	3.6774723e-07
0.0602104      	3.6781641e-07
0.0602382      	3.6788451e-07
0.060266       	3.6795346e-07
0.0602938      	3.6802132e-07
0.0603216      	3.6809002e-07
0.0603493      	3.6815763e-07
0.0603771      	3.6822608e-07
0.0604048      	3.6829344e-07
0.0604325      	3.6836162e-07
0.0604603      	3.6842871e-07
0.060488       	3.6849662e-07
0.0605157      	3.6856345e-07
0.0605434      	3.6863108e-07
0.0605711      	3.6869762e-07
0.0605987      	3.6876496e-07
0.0606264      	3.6883122e-07
0.060654       	3.6889828e-07
0.0606817      	3.6896424e-07
0.0607093      	3.6903100e-07
0.0607369      	3.6909667e-07
0.0607646      	3.6916313e-07
0.0607922      	3.6922849e-07
0.0608198      	3.6929463e-07
0.0608473      	3.6935968e-07
0.0608749      	3.6942551e-07
0.0609025      	3.6949024e-07
0.06093        	3.6955576e-07
0.0609576      	3.6962018e-07
0.0609851      	3.6968537e-07
0.0610127      	3.6974946e-07
0.0610402      	3.6981433e-07
0.0610677      	3.6987810e-07
0.0610952      	3.6994264e-07
0.0611227      	3.7000608e-07
0.0611502      	3.7007028e-07
0.0611776      	3.7013338e-07
0.0612051      	3.7019725e-07
0.0612326      	3.7026001e-07
0.06126        	3.7032353e-07
0.0612874      	3.7038595e-07
0.0613149      	3.7044913e-07
0.0613423      	3.7051118e-07
0.0613697      	3.7057400e-07
0.0613971      	3.7063571e-07
0.0614245      	3.7069818e-07
0.0614519      	3.7075954e-07
0.0614792      	3.7082165e-07
0.0615066      	3.7088266e-07
0.0615339      	3.7094441e-07
0.0615613      	3.7100506e-07
0.0615886      	3.7106646e-07
0.0616159      	3.7112675e-07
0.0616433      	3.7118779e-07
0.0616706      	3.7124772e-07
0.0616979      	3.7130840e-07
0.0617251      	3.7136797e-07
0.0617524      	3.7142829e-07
0.0617797      	3.7148749e-07
0.0618069      	3.7154744e-07
0.0618342      	3.7160628e-07
0.0618614      	3.7166587e-07
0.0618887      	3.7172435e-07
0.0619159      	3.7178357e-07
0.0619431      	3.7184169e-07
0.0619703      	3.7190055e-07
0.0619975      	3.7195830e-07
0.0620247      	3.7201680e-07
0.0620519      	3.7207420e-07
0.062079       	3.7213233e-07
0.0621062      	3.7218936e-07
0.0621333      	3.7224713e-07
0.0621605      	3.7230380e-07
0.0621876      	3.7236120e-07
0.0622147      	3.7241750e-07
0.0622419      	3.7247454e-07
0.062269       	3.7253048e-07
0.0622961      	3.7258715e-07
0.0623231      	3.7264272e-07
0.0623502      	3.7269903e-07
0.0623773      	3.7275424e-07
0.0624043      	3.7281019e-07
0.0624314      	3.7286504e-07
0.0624584      	3.7292063e-07
0.0624855      	3.7297512e-07
0.0625125      	3.7303035e-07
0.0625395      	3.7308448e-07
0.0625665      	3.7313935e-07
0.0625935      	3.7319312e-07
0.0626205      	3.7324763e-07
0.0626475      	3.7330105e-07
0.0626744      	3.7335520e-07
0.0627014      	3.7340826e-07
0.0627284      	3.7346206e-07
0.0627553      	3.7351477e-07
0.0627822      	3.7356821e-07
0.0628092      	3.7362057e-07
0.0628361      	3.7367367e-07
0.062863       	3.7372568e-07
0.0628899      	3.7377842e-07
0.0629168      	3.7383009e-07
0.0629437      	3.7388248e-07
0.0629705      	3.7393380e-07
0.0629974      	3.7398586e-07
0.0630243      	3.7403548e-07
0.0630511      	3.7408570e-07
0.0630779      	3.7413486e-07
0.0631048      	3.7418475e-07
0.0631316      	3.7423358e-07
0.0631584      	3.7428315e-07
0.0631852      	3.7433165e-07
0.063212       	3.7438089e-07
0.0632388      	3.7442907e-07
0.0632656      	3.7447799e-07
0.0632923      	3.7452585e-07
0.0633191      	3.7457444e-07
0.0633458      	3.7462198e-07
0.0633726      	3.7467026e-07
0.0633993      	3.7471747e-07
0.063426       	3.7476543e-07
0.0634528      	3.7481234e-07
0.0634795      	3.7485997e-07
0.0635062      	3.7490655e-07
0.0635329      	3.7495387e-07
0.0635595      	3.7500013e-07
0.0635862      	3.7504714e-07
0.0636129      	3.7509310e-07
0.0636395      	3.7513980e-07
0.0636662      	3.7518545e-07
0.0636928      	3.7523184e-07
0.0637195      	3.7527720e-07
0.0637461      	3.7532329e-07
0.0637727      	3.7536834e-07
0.0637993      	3.7541414e-07
0.0638259      	3.7545890e-07
0.0638525      	3.7550440e-07
0.0638791      	3.7554887e-07
0.0639056      	3.7559408e-07
0.0639322      	3.7563826e-07
0.0639587      	3.7568319e-07
0.0639853      	3.7572709e-07
0.0640118      	3.7577240e-07
0.0640384      	3.7581749e-07
0.0640649      	3.7586333e-07
0.0640914      	3.7590813e-07
0.0641179      	3.7595368e-07
0.0641444      	3.7599820e-07
0.0641709      	3.7604347e-07
0.0641974      	3.7608771e-07
0.0642238      	3.7613270e-07
0.0642503      	3.7617667e-07
0.0642767      	3.7622139e-07
0.0643032      	3.7626509e-07
0.0643296      	3.7630954e-07
0.0643561      	3.7635297e-07
0.0643825      	3.7639716e-07
0.0644089      	3.7644033e-07
0.0644353      	3.7648426e-07
0.0644617      	3.7652717e-07
0.0644881      	3.7657083e-07
0.0645144      	3.7661350e-07
0.0645408      	3.7665691e-07
0.0645672      	3.7669931e-07
0.0645935      	3.7674246e-07
0.0646199      	3.7678460e-07
0.0646462      	3.7682750e-07
0.0646725      	3.7686940e-07
0.0646989      	3.7691206e-07
0.0647252      	3.7695372e-07
0.0647515      	3.7699613e-07
0.0647778      	3.7703756e-07
0.0648041      	3.7707974e-07
0.0648303      	3.7712094e-07
0.0648566      	3.7716289e-07
0.0648829      	3.7720385e-07
0.0649091      	3.7724557e-07
0.0649354      	3.7728631e-07
0.0649616      	3.7732780e-07
0.0649878      	3.7736832e-07
0.0650141      	3.7740959e-07
0.0650403      	3.7744989e-07
0.0650665      	3.7749094e-07
0.0650927      	3.7753101e-07
0.0651189      	3.7757184e-07
0.065145       	3.7761170e-07
0.0651712      	3.7765232e-07
0.0651974      	3.7769196e-07
0.0652235      	3.7773237e-07
0.0652497      	3.7777181e-07
0.0652758      	3.7781201e-07
0.065302       	3.7785124e-07
0.0653281      	3.7789124e-07
0.0653542      	3.7793027e-07
0.0653803      	3.7797006e-07
0.0654064      	3.7800889e-07
0.0654325      	3.7804848e-07
0.0654586      	3.7808712e-07
0.0654847      	3.7812652e-07
0.0655107      	3.7816496e-07
0.0655368      	3.7820416e-07
0.0655628      	3.7824240e-07
0.0655889      	3.7828141e-07
0.0656149      	3.7831947e-07
0.0656409      	3.7835830e-07
0.065667       	3.7839618e-07
0.065693       	3.7843482e-07
0.065719       	3.7847252e-07
0.065745       	3.7851098e-07
0.065771       	3.7854850e-07
0.0657969      	3.7858678e-07
0.0658229      	3.7862413e-07
0.0658489      	3.7866224e-07
0.0658748      	3.7869942e-07
0.0659008      	3.7873736e-07
0.0659267      	3.7877437e-07
0.0659527      	3.7881215e-07
0.0659786      	3.7884900e-07
0.0660045      	3.7888661e-07
0.0660304      	3.7892330e-07
0.0660563      	3.7896076e-07
0.0660822      	3.7899729e-07
0.0661081      	3.7903459e-07
0.066134       	3.7907096e-07
0.0661598      	3.7910810e-07
0.0661857      	3.7914432e-07
0.0662115      	3.7918131e-07
0.0662374      	3.7921738e-07
0.0662632      	3.7925422e-07
0.0662891      	3.7929013e-07
0.0663149      	3.7932682e-07
0.0663407      	3.7936259e-07
0.0663665      	3.7939913e-07
0.0663923      	3.7943475e-07
0.0664181      	3.7947115e-07
0.0664439      	3.7950663e-07
0.0664696      	3.7954288e-07
0.0664954      	3.7957823e-07
0.0665212      	3.7961434e-07
0.0665469      	3.7964955e-07
0.0665727      	3.7968553e-07
0.0665984      	3.7972060e-07
0.0666241      	3.7975644e-07
0.0666499      	3.7979139e-07
0.0666756      	3.7982710e-07
0.0667013      	3.7986191e-07
0.066727       	3.7989749e-07
0.0667527      	3.7993218e-07
0.0667784      	3.7996764e-07
0.066804       	3.8000220e-07
0.0668297      	3.8003754e-07
0.0668554      	3.8007198e-07
0.066881       	3.8010720e-07
0.0669067      	3.8014152e-07
0.0669323      	3.8017662e-07
0.0669579      	3.8021083e-07
0.0669835      	3.8024582e-07
0.0670092      	3.8027940e-07
0.0670348      	3.8031285e-07
0.0670604      	3.8034542e-07
0.0670859      	3.8037877e-07
0.0671115      	3.8041125e-07
0.0671371      	3.8044450e-07
0.0671627      	3.8047687e-07
0.0671882      	3.8051001e-07
0.0672138      	3.8054227e-07
0.0672393      	3.8057531e-07
0.0672649      	3.8060748e-07
0.0672904      	3.8064043e-07
0.0673159      	3.8067250e-07
0.0673414      	3.8070535e-07
0.067367       	3.8073732e-07
0.0673925      	3.8077007e-07
0.067418       	3.8080195e-07
0.0674434      	3.8083461e-07
0.0674689      	3.8086640e-07
0.0674944      	3.8089897e-07
0.0675199      	3.8093068e-07
0.0675453      	3.8096316e-07
0.0675708      	3.8099477e-07
0.0675962      	3.8102717e-07
0.0676216      	3.8105870e-07
0.0676471      	3.8109102e-07
0.0676725      	3.8112246e-07
0.0676979      	3.8115469e-07
0.0677233      	3.8118606e-07
0.0677487      	3.8121821e-07
0.0677741      	3.8124950e-07
0.0677995      	3.8128157e-07
0.0678248      	3.8131278e-07
0.0678502      	3.8134477e-07
0.0678756      	3.8137591e-07
0.0679009      	3.8140783e-07
0.0679263      	3.8143889e-07
0.0679516      	3.8147074e-07
0.0679769      	3.8150173e-07
0.0680023      	3.8153364e-07
0.0680276      	3.8156597e-07
0.0680529      	3.8159908e-07
0.0680782      	3.8163134e-07
0.0681035      	3.8166437e-07
0.0681288      	3.8169655e-07
0.068154       	3.8172951e-07
0.0681793      	3.8176162e-07
0.0682046      	3.8179451e-07
0.0682298      	3.8182655e-07
0.0682551      	3.8185937e-07
0.0682803      	3.8189134e-07
0.0683056      	3.8192409e-07
0.0683308      	3.8195599e-07
0.068356       	3.8198867e-07
0.0683812      	3.8202051e-07
0.0684064      	3.8205313e-07
0.0684316      	3.8208490e-07
0.0684568      	3.8211747e-07
0.068482       	3.8214919e-07
0.0685072      	3.8218169e-07
0.0685324      	3.8221336e-07
0.0685575      	3.8224580e-07
0.0685827      	3.8227741e-07
0.0686078      	3.8230979e-07
0.068633       	3.8234133e-07
0.0686581      	3.8237364e-07
0.0686832      	3.8240513e-07
0.0687083      	3.8243739e-07
0.0687335      	3.8246882e-07
0.0687586      	3.8250103e-07
0.0687837      	3.8253240e-07
0.0688088      	3.8256456e-07
0.0688338      	3.8259588e-07
0.0688589      	3.8262798e-07
0.068884       	3.8265926e-07
0.068909       	3.8269131e-07
0.0689341      	3.8272253e-07
0.0689591      	3.8275453e-07
0.0689842      	3.8278571e-07
0.0690092      	3.8281766e-07
0.0690343      	3.8284878e-07
0.0690593      	3.8288069e-07
0.0690843      	3.8291177e-07
0.0691093      	3.8294362e-07
0.0691343      	3.8297465e-07
0.0691593      	3.8300646e-07
0.0691843      	3.8303745e-07
0.0692092      	3.8306920e-07
0.0692342      	3.8310014e-07
0.0692592      	3.8313185e-07
0.0692841      	3.8316274e-07
0.0693091      	3.8319441e-07
0.069334       	3.8322525e-07
0.069359       	3.8325688e-07
0.0693839      	3.8328768e-07
0.0694088      	3.8331926e-07
0.0694337      	3.8335002e-07
0.0694586      	3.8338156e-07
0.0694835      	3.8341228e-07
0.0695084      	3.8344376e-07
0.0695333      	3.8347443e-07
0.0695582      	3.8350587e-07
0.0695831      	3.8353650e-07
0.0696079      	3.8356790e-07
0.0696328      	3.8359848e-07
0.0696576      	3.8362984e-07
0.0696825      	3.8366038e-07
0.0697073      	3.8369170e-07
0.0697321      	3.8372220e-07
0.069757       	3.8375348e-07
0.0697818      	3.8378394e-07
0.0698066      	3.8381518e-07
0.0698314      	3.8384561e-07
0.0698562      	3.8387680e-07
0.069881       	3.8390719e-07
0.0699058      	3.8393835e-07
0.0699305      	3.8396871e-07
0.0699553      	3.8399983e-07
0.0699801      	3.8403015e-07
0.0700048      	3.8406123e-07
0.0700296      	3.8409152e-07
0.0700543      	3.8412257e-07
0.070079       	3.8415281e-07
0.0701038      	3.8418382e-07
0.0701285      	3.8421404e-07
0.0701532      	3.8424501e-07
0.0701779      	3.8427519e-07
0.0702026      	3.8430613e-07
0.0702273      	3.8433627e-07
0.070252       	3.8436718e-07
0.0702767      	3.8439728e-07
0.0703013      	3.8442815e-07
0.070326       	3.8445821e-07
0.0703507      	3.8448904e-07
0.0703753      	3.8451908e-07
0.0704         	3.8454987e-07
0.0704246      	3.8457987e-07
0.0704492      	3.8461063e-07
0.0704739      	3.8464059e-07
0.0704985      	3.8467132e-07
0.0705231      	3.8470124e-07
0.0705477      	3.8473193e-07
0.0705723      	3.8476183e-07
0.0705969      	3.8479248e-07
0.0706215      	3.8482234e-07
0.070646       	3.8485296e-07
0.0706706      	3.8488279e-07
0.0706952      	3.8491338e-07
0.0707197      	3.8494318e-07
0.0707443      	3.8497374e-07
0.0707688      	3.8500350e-07
0.0707934      	3.8503403e-07
0.0708179      	3.8506376e-07
0.0708424      	3.8509426e-07
0.0708669      	3.8512396e-07
0.0708914      	3.8515442e-07
0.0709159      	3.8518409e-07
0.0709404      	3.8521451e-07
0.0709649      	3.8524415e-07
0.0709894      	3.8527454e-07
0.0710139      	3.8530338e-07
0.0710384      	3.8533239e-07
0.0710628      	3.8536061e-07
0.0710873      	3.8538960e-07
0.0711117      	3.8541781e-07
0.0711362      	3.8544677e-07
0.0711606      	3.8547495e-07
0.0711851      	3.8550389e-07
0.0712095      	3.8553204e-07
0.0712339      	3.8556095e-07
0.0712583      	3.8558908e-07
0.0712827      	3.8561797e-07
0.0713071      	3.8564607e-07
0.0713315      	3.8567493e-07
0.0713559      	3.8570301e-07
0.0713803      	3.8573184e-07
0.0714046      	3.8575989e-07
0.071429       	3.8578869e-07
0.0714534      	3.8581672e-07
0.0714777      	3.8584549e-07
0.0715021      	3.8587349e-07
0.0715264      	3.8590224e-07
0.0715507      	3.8593021e-07
0.0715751      	3.8595894e-07
0.0715994      	3.8598689e-07
0.0716237      	3.8601558e-07
0.071648       	3.8604350e-07
0.0716723      	3.8607217e-07
0.0716966      	3.8610006e-07
0.0717209      	3.8612870e-07
0.0717452      	3.8615657e-07
0.0717694      	3.8618519e-07
0.0717937      	3.8621304e-07
0.071818       	3.8624163e-07
0.0718422      	3.8626945e-07
0.0718665      	3.8629801e-07
0.0718907      	3.8632581e-07
0.0719149      	3.8635435e-07
0.0719392      	3.8638212e-07
0.0719634      	3.8641064e-07
0.0719876      	3.8643839e-07
0.0720118      	3.8646754e-07
0.072036       	3.8649662e-07
0.0720602      	3.8652643e-07
0.0720844      	3.8655547e-07
0.0721086      	3.8658524e-07
0.0721328      	3.8661425e-07
0.072157       	3.8664399e-07
0.0721811      	3.8667296e-07
0.0722053      	3.8670267e-07
0.0722294      	3.8673161e-07
0.0722536      	3.8676129e-07
0.0722777      	3.8679020e-07
0.0723019      	3.8681985e-07
0.072326       	3.8684874e-07
0.0723501      	3.8687836e-07
0.0723742      	3.8690721e-07
0.0723983      	3.8693680e-07
0.0724224      	3.8696563e-07
0.0724465      	3.8699519e-07
0.0724706      	3.8702399e-07
0.0724947      	3.8705352e-07
0.0725188      	3.8708229e-07
0.0725428      	3.8711179e-07
0.0725669      	3.8714053e-07
0.072591       	3.8717000e-07
0.072615       	3.8719871e-07
0.0726391      	3.8722815e-07
0.0726631      	3.8725683e-07
0.0726871      	3.8728625e-07
0.0727112      	3.8731490e-07
0.0727352      	3.8734428e-07
0.0727592      	3.8737290e-07
0.0727832      	3.8740225e-07
0.0728072      	3.8743084e-07
0.0728312      	3.8746016e-07
0.0728552      	3.8748873e-07
0.0728792      	3.8751802e-07
0.0729031      	3.8754655e-07
0.0729271      	3.8757582e-07
0.0729511      	3.8760432e-07
0.072975       	3.8763356e-07
0.072999       	3.8766204e-07
0.0730229      	3.8769124e-07
0.0730469      	3.8771969e-07
0.0730708      	3.8774887e-07
0.0730947      	3.8777729e-07
0.0731186      	3.8780643e-07
0.0731425      	3.8783482e-07
0.0731665      	3.8786394e-07
0.0731904      	3.8789230e-07
0.0732143      	3.8792138e-07
0.0732381      	3.8794971e-07
0.073262       	3.8797876e-07
0.0732859      	3.8800706e-07
0.0733098      	3.8803608e-07
0.0733336      	3.8806435e-07
0.0733575      	3.8809334e-07
0.0733813      	3.8812158e-07
0.0734052      	3.8815054e-07
0.073429       	3.8817874e-07
0.0734529      	3.8820766e-07
0.0734767      	3.8823583e-07
0.0735005      	3.8826472e-07
0.0735243      	3.8829286e-07
0.0735481      	3.8832172e-07
0.0735719      	3.8834982e-07
0.0735957      	3.8837864e-07
0.0736195      	3.8840672e-07
0.0736433      	3.8843551e-07
0.0736671      	3.8846355e-07
0.0736909      	3.8849231e-07
0.0737146      	3.8852032e-07
0.0737384      	3.8854904e-07
0.0737621      	3.8857702e-07
0.0737859      	3.8860571e-07
0.0738096      	3.8863366e-07
0.0738334      	3.8866231e-07
0.0738571      	3.8869022e-07
0.0738808      	3.8871885e-07
0.0739045      	3.8874672e-07
0.0739283      	3.8877531e-07
0.073952       	3.8880316e-07
0.0739757      	3.8883171e-07
0.0739993      	3.8885953e-07
0.074023       	3.8888805e-07
0.0740467      	3.8891583e-07
0.0740704      	3.8894432e-07
0.0740941      	3.8897207e-07
0.0741177      	3.8900053e-07
0.0741414      	3.8902824e-07
0.074165       	3.8905666e-07
0.0741887      	3.8908435e-07
0.0742123      	3.8911273e-07
0.074236       	3.8914038e-07
0.0742596      	3.8916873e-07
0.0742832      	3.8919635e-07
0.0743068      	3.8922466e-07
0.0743304      	3.8925224e-07
0.074354       	3.8928051e-07
0.0743776      	3.8930805e-07
0.0744012      	3.8933629e-07
0.0744248      	3.8936380e-07
0.0744484      	3.8939200e-07
0.074472       	3.8941947e-07
0.0744955      	3.8944764e-07
0.0745191      	3.8947507e-07
0.0745426      	3.8950320e-07
0.0745662      	3.8953060e-07
0.0745897      	3.8955869e-07
0.0746133      	3.8958604e-07
0.0746368      	3.8961409e-07
0.0746603      	3.8964142e-07
0.0746839      	3.8966943e-07
0.0747074      	3.8969672e-07
0.0747309      	3.8972471e-07
0.0747544      	3.8975196e-07
0.0747779      	3.8977991e-07
0.0748014      	3.8980713e-07
0.0748249      	3.8983504e-07
0.0748483      	3.8986222e-07
0.0748718      	3.8989010e-07
0.0748953      	3.8991725e-07
0.0749187      	3.8994509e-07
0.0749422      	3.8997220e-07
0.0749656      	3.9000000e-07
0.0749891      	3.9002708e-07
0.0750125      	3.9005414e-07
0.075036       	3.9007988e-07
0.0750594      	3.9010631e-07
0.0750828      	3.9013202e-07
0.0751062      	3.9015843e-07
0.0751296      	3.9018411e-07
0.075153       	3.9021048e-07
0.0751764      	3.9023613e-07
0.0751998      	3.9026248e-07
0.0752232      	3.9028810e-07
0.0752466      	3.9031441e-07
0.07527        	3.9034000e-07
0.0752933      	3.9036628e-07
0.0753167      	3.9039184e-07
0.0753401      	3.9041808e-07
0.0753634      	3.9044360e-07
0.0753868      	3.9046982e-07
0.0754101      	3.9049531e-07
0.0754334      	3.9052149e-07
0.0754568      	3.9054694e-07
0.0754801      	3.9057309e-07
0.0755034      	3.9059850e-07
0.0755267      	3.9062463e-07
0.07555        	3.9064999e-07
0.0755733      	3.9067610e-07
0.0755966      	3.9070142e-07
0.0756199      	3.9072751e-07
0.0756432      	3.9075279e-07
0.0756665      	3.9077884e-07
0.0756897      	3.9080409e-07
0.075713       	3.9083010e-07
0.0757363      	3.9085532e-07
0.0757595      	3.9088131e-07
0.0757828      	3.9090649e-07
0.075806       	3.9093244e-07
0.0758293      	3.9095759e-07
0.0758525      	3.9098351e-07
0.0758757      	3.9100863e-07
0.0758989      	3.9103452e-07
0.0759221      	3.9105960e-07
0.0759454      	3.9108546e-07
0.0759686      	3.9111052e-07
0.0759918      	3.9113634e-07
0.076015       	3.9116220e-07
0.0760381      	3.9118928e-07
0.0760613      	3.9121555e-07
0.0760845      	3.9124260e-07
0.0761077      	3.9126883e-07
0.0761308      	3.9129584e-07
0.076154       	3.9132203e-07
0.0761771      	3.9134900e-07
0.0762003      	3.9137515e-07
0.0762234      	3.9140209e-07
0.0762466      	3.9142820e-07
0.0762697      	3.9145510e-07
0.0762928      	3.9148118e-07
0.0763159      	3.9150804e-07
0.0763391      	3.9153408e-07
0.0763622      	3.9156090e-07
0.0763853      	3.9158691e-07
0.0764084      	3.9161370e-07
0.0764315      	3.9163966e-07
0.0764545      	3.9166642e-07
0.0764776      	3.9169235e-07
0.0765007      	3.9171907e-07
0.0765238      	3.9174496e-07
0.0765468      	3.9177164e-07
0.0765699      	3.9179750e-07
0.0765929      	3.9182415e-07
0.076616       	3.9184996e-07
0.076639       	3.9187658e-07
0.0766621      	3.9190236e-07
0.0766851      	3.9192894e-07
0.0767081      	3.9195469e-07
0.0767311      	3.9198123e-07
0.0767542      	3.9200694e-07
0.0767772      	3.9203345e-07
0.0768002      	3.9205912e-07
0.0768232      	3.9208559e-07
0.0768462      	3.9211123e-07
0.0768691      	3.9213767e-07
0.0768921      	3.9216327e-07
0.0769151      	3.9218967e-07
0.0769381      	3.9221523e-07
0.076961       	3.9224160e-07
0.076984       	3.9226713e-07
0.0770069      	3.9229347e-07
0.0770299      	3.9231896e-07
0.0770528      	3.9234526e-07
0.0770758      	3.9237072e-07
0.0770987      	3.9239699e-07
0.0771216      	3.9242242e-07
0.0771445      	3.9244865e-07
0.0771675      	3.9247404e-07
0.0771904      	3.9250024e-07
0.0772133      	3.9252560e-07
0.0772362      	3.9255176e-07
0.0772591      	3.9257708e-07
0.077282       	3.9260320e-07
0.0773048      	3.9262849e-07
0.0773277      	3.9265458e-07
0.0773506      	3.9267983e-07
0.0773734      	3.9270589e-07
0.0773963      	3.9273110e-07
0.0774192      	3.9275712e-07
0.077442       	3.9278230e-07
0.0774649      	3.9280828e-07
0.0774877      	3.9283343e-07
0.0775105      	3.9285937e-07
0.0775334      	3.9288448e-07
0.0775562      	3.9291039e-07
0.077579       	3.9293546e-07
0.0776018      	3.9296134e-07
0.0776246      	3.9298638e-07
0.0776474      	3.9301222e-07
0.0776702      	3.9303722e-07
0.077693       	3.9306303e-07
0.0777158      	3.9308800e-07
0.0777386      	3.9311377e-07
0.0777613      	3.9313871e-07
0.0777841      	3.9316444e-07
0.0778069      	3.9318935e-07
0.0778296      	3.9321505e-07
0.0778524      	3.9323992e-07
0.0778751      	3.9326558e-07
0.0778979      	3.9329042e-07
0.0779206      	3.9331605e-07
0.0779433      	3.9334084e-07
0.0779661      	3.9336644e-07
0.0779888      	3.9339120e-07
0.0780115      	3.9341677e-07
0.0780342      	3.9344150e-07
0.0780569      	3.9346703e-07
0.0780796      	3.9349173e-07
0.0781023      	3.9351722e-07
0.078125       	3.9354188e-07
0.0781477      	3.9356734e-07
0.0781704      	3.9359197e-07
0.078193       	3.9361740e-07
0.0782157      	3.9364199e-07
0.0782384      	3.9366739e-07
0.078261       	3.9369195e-07
0.0782837      	3.9371730e-07
0.0783063      	3.9374183e-07
0.078329       	3.9376715e-07
0.0783516      	3.9379165e-07
0.0783742      	3.9381693e-07
0.0783969      	3.9384140e-07
0.0784195      	3.9386665e-07
0.0784421      	3.9389108e-07
0.0784647      	3.9391630e-07
0.0784873      	3.9394069e-07
0.0785099      	3.9396588e-07
0.0785325      	3.9399024e-07
0.0785551      	3.9401539e-07
0.0785777      	3.9403971e-07
0.0786003      	3.9406483e-07
0.0786228      	3.9408912e-07
0.0786454      	3.9411420e-07
0.078668       	3.9413846e-07
0.0786905      	3.9416351e-07
0.0787131      	3.9418773e-07
0.0787356      	3.9421275e-07
0.0787582      	3.9423694e-07
0.0787807      	3.9426192e-07
0.0788032      	3.9428608e-07
0.0788258      	3.9431103e-07
0.0788483      	3.9433516e-07
0.0788708      	3.9436007e-07
0.0788933      	3.9438417e-07
0.0789158      	3.9440905e-07
0.0789383      	3.9443311e-07
0.0789608      	3.9445797e-07
0.0789833      	3.9448200e-07
0.0790058      	3.9450649e-07
0.0790283      	3.9452924e-07
0.0790508      	3.9455278e-07
0.0790732      	3.9457551e-07
0.0790957      	3.9459903e-07
0.0791182      	3.9462173e-07
0.0791406      	3.9464523e-07
0.0791631      	3.9466790e-07
0.0791855      	3.9469137e-07
0.0792079      	3.9471402e-07
0.0792304      	3.9473746e-07
0.0792528      	3.9476008e-07
0.0792752      	3.9478349e-07
0.0792977      	3.9480609e-07
0.0793201      	3.9482947e-07
0.0793425      	3.9485204e-07
0.0793649      	3.9487540e-07
0.0793873      	3.9489794e-07
0.0794097      	3.9492127e-07
0.0794321      	3.9494378e-07
0.0794544      	3.9496709e-07
0.0794768      	3.9498958e-07
0.0794992      	3.9501285e-07
0.0795216      	3.9503531e-07
0.0795439      	3.9505856e-07
0.0795663      	3.9508100e-07
0.0795886      	3.9510423e-07
0.079611       	3.9512664e-07
0.0796333      	3.9514983e-07
0.0796557      	3.9517222e-07
0.079678       	3.9519539e-07
0.0797003      	3.9521775e-07
0.0797227      	3.9524089e-07
0.079745       	3.9526323e-07
0.0797673      	3.9528634e-07
0.0797896      	3.9530865e-07
0.0798119      	3.9533175e-07
0.0798342      	3.9535403e-07
0.0798565      	3.9537710e-07
0.0798788      	3.9539936e-07
0.0799011      	3.9542241e-07
0.0799233      	3.9544465e-07
0.0799456      	3.9546767e-07
0.0799679      	3.9548989e-07
0.0799901      	3.9551288e-07
0.0800124      	3.9545353e-07
0.0800347      	3.9533038e-07
0.0800569      	3.9520699e-07
0.0800792      	3.9508484e-07
0.0801014      	3.9496236e-07
0.0801236      	3.9484101e-07
0.0801459      	3.9471927e-07
0.0801681      	3.9459857e-07
0.0801904      	3.9447743e-07
0.0802126      	3.9435728e-07
0.0802348      	3.9423668e-07
0.0802571      	3.9411702e-07
0.0802793      	3.9399689e-07
0.0803015      	3.9387769e-07
0.0803237      	3.9375801e-07
0.0803459      	3.9363924e-07
0.0803681      	3.9352000e-07
0.0803904      	3.9340164e-07
0.0804126      	3.9328283e-07
0.0804348      	3.9316489e-07
0.080457       	3.9304650e-07
0.0804792      	3.9292898e-07
0.0805014      	3.9281102e-07
0.0805236      	3.9269392e-07
0.0805458      	3.9257639e-07
0.080568       	3.9245972e-07
0.0805901      	3.9234264e-07
0.0806123      	3.9222641e-07
0.0806345      	3.9210977e-07
0.0806567      	3.9199399e-07
0.0806789      	3.9187781e-07
0.080701       	3.9176249e-07
0.0807232      	3.9164678e-07
0.0807454      	3.9153193e-07
0.0807675      	3.9141670e-07
0.0807897      	3.9130234e-07
0.0808119      	3.9118761e-07
0.080834       	3.9107375e-07
0.0808562      	3.9095953e-07
0.0808783      	3.9084618e-07
0.0809005      	3.9073248e-07
0.0809226      	3.9061966e-07
0.0809448      	3.9050649e-07
0.0809669      	3.9039421e-07
0.0809891      	3.9028160e-07
0.0810112      	3.9016925e-07
0.0810333      	3.9005596e-07
0.0810555      	3.8994357e-07
0.0810776      	3.8983086e-07
0.0810997      	3.8971906e-07
0.0811218      	3.8960694e-07
0.0811439      	3.8949573e-07
0.0811661      	3.8938422e-07
0.0811882      	3.8927362e-07
0.0812103      	3.8916271e-07
0.0812324      	3.8905273e-07
0.0812545      	3.8894245e-07
0.0812766      	3.8883310e-07
0.0812987      	3.8872345e-07
0.0813208      	3.8861474e-07
0.0813429      	3.8850574e-07
0.081365       	3.8839768e-07
0.0813871      	3.8828934e-07
0.0814092      	3.8818193e-07
0.0814313      	3.8807425e-07
0.0814534      	3.8796752e-07
0.0814754      	3.8786052e-07
0.0814975      	3.8775447e-07
0.0815196      	3.8764815e-07
0.0815417      	3.8754280e-07
0.0815637      	3.8743718e-07
0.0815858      	3.8733252e-07
0.0816079      	3.8722760e-07
0.0816299      	3.8712365e-07
0.081652       	3.8701945e-07
0.081674       	3.8691621e-07
0.0816961      	3.8681273e-07
0.0817182      	3.8671021e-07
0.0817402      	3.8660745e-07
0.0817623      	3.8650567e-07
0.0817843      	3.8640365e-07
0.0818063      	3.8630260e-07
0.0818284      	3.8620132e-07
0.0818504      	3.8610102e-07
0.0818724      	3.8600048e-07
0.0818945      	3.8590093e-07
0.0819165      	3.8580114e-07
0.0819385      	3.8570235e-07
0.0819606      	3.8560333e-07
0.0819826      	3.8550529e-07
0.0820046      	3.8540703e-07
0.0820266      	3.8530975e-07
0.0820486      	3.8521226e-07
0.0820706      	3.8511576e-07
0.0820926      	3.8501903e-07
0.0821146      	3.8492330e-07
0.0821366      	3.8482736e-07
0.0821586      	3.8473241e-07
0.0821806      	3.8463725e-07
0.0822026      	3.8454309e-07
0.0822246      	3.8444871e-07
0.0822466      	3.8435533e-07
0.0822686      	3.8426175e-07
0.0822906      	3.8416916e-07
0.0823126      	3.8407636e-07
0.0823346      	3.8398457e-07
0.0823565      	3.8389257e-07
0.0823785      	3.8380157e-07
0.0824005      	3.8371037e-07
0.0824224      	3.8362016e-07
0.0824444      	3.8352976e-07
0.0824664      	3.8344036e-07
0.0824883      	3.8335075e-07
0.0825103      	3.8326215e-07
0.0825323      	3.8317335e-07
0.0825542      	3.8308554e-07
0.0825762      	3.8299754e-07
0.0825981      	3.8291054e-07
0.08262        	3.8282334e-07
0.082642       	3.8273714e-07
0.0826639      	3.8265075e-07
0.0826859      	3.8256536e-07
0.0827078      	3.8247977e-07
0.0827297      	3.8239518e-07
0.0827517      	3.8231039e-07
0.0827736      	3.8222661e-07
0.0827955      	3.8214263e-07
0.0828174      	3.8205965e-07
0.0828394      	3.8197648e-07
0.0828613      	3.8189430e-07
0.0828832      	3.8181193e-07
0.0829051      	3.8173056e-07
0.082927       	3.8164899e-07
0.0829489      	3.8156842e-07
0.0829708      	3.8148765e-07
0.0829927      	3.8140788e-07
0.0830146      	3.8132791e-07
0.0830365      	3.8124893e-07
0.0830584      	3.8116976e-07
0.0830803      	3.8109158e-07
0.0831022      	3.8101321e-07
0.0831241      	3.8093583e-07
0.083146       	3.8085825e-07
0.0831679      	3.8078166e-07
0.0831897      	3.8070487e-07
0.0832116      	3.8062907e-07
0.0832335      	3.8055307e-07
0.0832554      	3.8047806e-07
0.0832772      	3.8040285e-07
0.0832991      	3.8032862e-07
0.0833209      	3.8025419e-07
0.0833428      	3.8018074e-07
0.0833647      	3.8010709e-07
0.0833865      	3.8003442e-07
0.0834084      	3.7996155e-07
0.0834302      	3.7988965e-07
0.0834521      	3.7981755e-07
0.0834739      	3.7974643e-07
0.0834958      	3.7967510e-07
0.0835176      	3.7960474e-07
0.0835394      	3.7953417e-07
0.0835613      	3.7946457e-07
0.0835831      	3.7939477e-07
0.0836049      	3.7932593e-07
0.0836268      	3.7925688e-07
0.0836486      	3.7918880e-07
0.0836704      	3.7912050e-07
0.0836922      	3.7905317e-07
0.0837141      	3.7898562e-07
0.0837359      	3.7891903e-07
0.0837577      	3.7885222e-07
0.0837795      	3.7878637e-07
0.0838013      	3.7872031e-07
0.0838231      	3.7865520e-07
0.0838449      	3.7858987e-07
0.0838667      	3.7852549e-07
0.0838885      	3.7846089e-07
0.0839103      	3.7839724e-07
0.0839321      	3.7833336e-07
0.0839539      	3.7827042e-07
0.0839757      	3.7820726e-07
0.0839975      	3.7814504e-07
0.0840192      	3.7808367e-07
0.084041       	3.7802337e-07
0.0840628      	3.7796284e-07
0.0840846      	3.7790324e-07
0.0841063      	3.7784340e-07
0.0841281      	3.7778449e-07
0.0841499      	3.7772534e-07
0.0841716      	3.7766712e-07
0.0841934      	3.7760866e-07
0.0842152      	3.7755112e-07
0.0842369      	3.7749334e-07
0.0842587      	3.7743648e-07
0.0842804      	3.7737937e-07
0.0843022      	3.7732319e-07
0.0843239      	3.7726675e-07
0.0843457      	3.7721123e-07
0.0843674      	3.7715546e-07
0.0843892      	3.7710060e-07
0.0844109      	3.7704548e-07
0.0844326      	3.7699127e-07
0.0844544      	3.7693681e-07
0.0844761      	3.7688324e-07
0.0844978      	3.7682942e-07
0.0845195      	3.7677650e-07
0.0845413      	3.7672332e-07
0.084563       	3.7667103e-07
0.0845847      	3.7661848e-07
0.0846064      	3.7656682e-07
0.0846281      	3.7651489e-07
0.0846498      	3.7646385e-07
0.0846715      	3.7641254e-07
0.0846932      	3.7636211e-07
0.0847149      	3.7631142e-07
0.0847366      	3.7626160e-07
0.0847583      	3.7621150e-07
0.08478        	3.7616229e-07
0.0848017      	3.7611279e-07
0.0848234      	3.7606418e-07
0.0848451      	3.7601527e-07
0.0848668      	3.7596724e-07
0.0848885      	3.7591892e-07
0.0849101      	3.7587147e-07
0.0849318      	3.7582373e-07
0.0849535      	3.7577686e-07
0.0849752      	3.7572968e-07
0.0849968      	3.7568337e-07
0.0850185      	3.7563574e-07
0.0850402      	3.7558878e-07
0.0850618      	3.7554154e-07
0.0850835      	3.7549514e-07
0.0851051      	3.7544846e-07
0.0851268      	3.7540262e-07
0.0851484      	3.7535648e-07
0.0851701      	3.7531119e-07
0.0851917      	3.7526559e-07
0.0852134      	3.7522083e-07
0.085235       	3.7517577e-07
0.0852567      	3.7513154e-07
0.0852783      	3.7508701e-07
0.0852999      	3.7504330e-07
0.0853216      	3.7499928e-07
0.0853432      	3.7495609e-07
0.0853648      	3.7491258e-07
0.0853864      	3.7486990e-07
0.0854081      	3.7482689e-07
0.0854297      	3.7478471e-07
0.0854513      	3.7474220e-07
0.0854729      	3.7470050e-07
0.0854945      	3.7465848e-07
0.0855161      	3.7461728e-07
0.0855378      	3.7457574e-07
0.0855594      	3.7453501e-07
0.085581       	3.7449396e-07
0.0856026      	3.7445370e-07
0.0856242      	3.7441311e-07
0.0856458      	3.7437333e-07
0.0856673      	3.7433320e-07
0.0856889      	3.7429388e-07
0.0857105      	3.7425421e-07
0.0857321      	3.7421534e-07
0.0857537      	3.7417612e-07
0.0857753      	3.7413770e-07
0.0857968      	3.7409893e-07
0.0858184      	3.7406094e-07
0.08584        	3.7402261e-07
0.0858616      	3.7398506e-07
0.0858831      	3.7394715e-07
0.0859047      	3.7391002e-07
0.0859263      	3.7387254e-07
0.0859478      	3.7383582e-07
0.0859694      	3.7379875e-07
0.0859909      	3.7376245e-07
0.0860125      	3.7372578e-07
0.086034       	3.7368989e-07
0.0860556      	3.7365363e-07
0.0860771      	3.7361814e-07
0.0860987      	3.7358228e-07
0.0861202      	3.7354718e-07
0.0861418      	3.7351170e-07
0.0861633      	3.7347699e-07
0.0861848      	3.7344190e-07
0.0862064      	3.7340757e-07
0.0862279      	3.7337286e-07
0.0862494      	3.7333891e-07
0.0862709      	3.7330457e-07
0.0862925      	3.7327098e-07
0.086314       	3.7323701e-07
0.0863355      	3.7320378e-07
0.086357       	3.7317016e-07
0.0863785      	3.7313729e-07
0.0864         	3.7310403e-07
0.0864215      	3.7307150e-07
0.086443       	3.7303859e-07
0.0864645      	3.7300640e-07
0.086486       	3.7297382e-07
0.0865075      	3.7294198e-07
0.086529       	3.7290973e-07
0.0865505      	3.7287821e-07
0.086572       	3.7284630e-07
0.0865935      	3.7281510e-07
0.086615       	3.7278350e-07
0.0866365      	3.7275263e-07
0.086658       	3.7272135e-07
0.0866794      	3.7269079e-07
0.0867009      	3.7265983e-07
0.0867224      	3.7262957e-07
0.0867438      	3.7259891e-07
0.0867653      	3.7256896e-07
0.0867868      	3.7253859e-07
0.0868082      	3.7250893e-07
0.0868297      	3.7247886e-07
0.0868512      	3.7244949e-07
0.0868726      	3.7241970e-07
0.0868941      	3.7239061e-07
0.0869155      	3.7236110e-07
0.086937       	3.7233229e-07
0.0869584      	3.7230306e-07
0.0869799      	3.7227452e-07
0.0870013      	3.7224555e-07
0.0870227      	3.7221728e-07
0.0870442      	3.7218858e-07
0.0870656      	3.7216057e-07
0.0870871      	3.7213213e-07
0.0871085      	3.7210437e-07
0.0871299      	3.7207618e-07
0.0871513      	3.7204868e-07
0.0871728      	3.7202073e-07
0.0871942      	3.7199347e-07
0.0872156      	3.7196577e-07
0.087237       	3.7193875e-07
0.0872584      	3.7191128e-07
0.0872798      	3.7188449e-07
0.0873012      	3.7185726e-07
0.0873226      	3.7183069e-07
0.087344       	3.7180369e-07
0.0873654      	3.7177735e-07
0.0873868      	3.7175056e-07
0.0874082      	3.7172444e-07
0.0874296      	3.7169787e-07
0.087451       	3.7167196e-07
0.0874724      	3.7164561e-07
0.0874938      	3.7161991e-07
0.0875152      	3.7159376e-07
0.0875366      	3.7156827e-07
0.087558       	3.7154232e-07
0.0875793      	3.7151702e-07
0.0876007      	3.7149128e-07
0.0876221      	3.7146618e-07
0.0876434      	3.7144062e-07
0.0876648      	3.7141572e-07
0.0876862      	3.7139035e-07
0.0877075      	3.7136563e-07
0.0877289      	3.7134044e-07
0.0877503      	3.7131590e-07
0.0877716      	3.7129090e-07
0.087793       	3.7126654e-07
0.0878143      	3.7124171e-07
0.0878357      	3.7121752e-07
0.087857       	3.7119286e-07
0.0878784      	3.7116885e-07
0.0878997      	3.7114435e-07
0.087921       	3.7112050e-07
0.0879424      	3.7109617e-07
0.0879637      	3.7107248e-07
0.087985       	3.7104831e-07
0.0880064      	3.7102512e-07
0.0880277      	3.7100230e-07
0.088049       	3.7098009e-07
0.0880703      	3.7095741e-07
0.0880917      	3.7093535e-07
0.088113       	3.7091280e-07
0.0881343      	3.7089088e-07
0.0881556      	3.7086846e-07
0.0881769      	3.7084667e-07
0.0881982      	3.7082440e-07
0.0882195      	3.7080274e-07
0.0882408      	3.7078059e-07
0.0882621      	3.7075906e-07
0.0882834      	3.7073704e-07
0.0883047      	3.7071563e-07
0.088326       	3.7069373e-07
0.0883473      	3.7067244e-07
0.0883686      	3.7065065e-07
0.0883899      	3.7062948e-07
0.0884112      	3.7060782e-07
0.0884325      	3.7058676e-07
0.0884537      	3.7056520e-07
0.088475       	3.7054425e-07
0.0884963      	3.7052281e-07
0.0885176      	3.7050196e-07
0.0885388      	3.7048062e-07
0.0885601      	3.7045988e-07
0.0885814      	3.7043865e-07
0.0886026      	3.7041801e-07
0.0886239      	3.7039687e-07
0.0886452      	3.7037632e-07
0.0886664      	3.7035528e-07
0.0886877      	3.7033482e-07
0.0887089      	3.7031387e-07
0.0887302      	3.7029351e-07
0.0887514      	3.7027264e-07
0.0887727      	3.7025236e-07
0.0887939      	3.7023158e-07
0.0888151      	3.7021139e-07
0.0888364      	3.7019069e-07
0.0888576      	3.7017058e-07
0.0888788      	3.7014996e-07
0.0889001      	3.7012993e-07
0.0889213      	3.7010939e-07
0.0889425      	3.7008943e-07
0.0889637      	3.7006896e-07
0.088985       	3.7004907e-07
0.0890062      	3.7002832e-07
0.0890274      	3.7000732e-07
0.0890486      	3.6998581e-07
0.0890698      	3.6996488e-07
0.089091       	3.6994344e-07
0.0891122      	3.6992258e-07
0.0891334      	3.6990120e-07
0.0891546      	3.6988041e-07
0.0891758      	3.6985910e-07
0.089197       	3.6983836e-07
0.0892182      	3.6981711e-07
0.0892394      	3.6979644e-07
0.0892606      	3.6977525e-07
0.0892818      	3.6975463e-07
0.089303       	3.6973350e-07
0.0893242      	3.6971293e-07
0.0893454      	3.6969185e-07
0.0893665      	3.6967133e-07
0.0893877      	3.6965030e-07
0.0894089      	3.6962983e-07
0.0894301      	3.6960884e-07
0.0894512      	3.6958842e-07
0.0894724      	3.6956748e-07
0.0894936      	3.6954710e-07
0.0895147      	3.6952620e-07
0.0895359      	3.6950586e-07
0.089557       	3.6948500e-07
0.0895782      	3.6946470e-07
0.0895994      	3.6944388e-07
0.0896205      	3.6942361e-07
0.0896417      	3.6940282e-07
0.0896628      	3.6938260e-07
0.0896839      	3.6936185e-07
0.0897051      	3.6934165e-07
0.0897262      	3.6932094e-07
0.0897474      	3.6930078e-07
0.0897685      	3.6928009e-07
0.0897896      	3.6925996e-07
0.0898108      	3.6923930e-07
0.0898319      	3.6921920e-07
0.089853       	3.6919857e-07
0.0898741      	3.6917850e-07
0.0898953      	3.6915790e-07
0.0899164      	3.6913785e-07
0.0899375      	3.6911727e-07
0.0899586      	3.6909725e-07
0.0899797      	3.6907670e-07
0.0900008      	3.6905670e-07
0.0900219      	3.6903617e-07
0.090043       	3.6901619e-07
0.0900641      	3.6899568e-07
0.0900852      	3.6897572e-07
0.0901063      	3.6895523e-07
0.0901274      	3.6893529e-07
0.0901485      	3.6891482e-07
0.0901696      	3.6889490e-07
0.0901907      	3.6887445e-07
0.0902118      	3.6885455e-07
0.0902329      	3.6883412e-07
0.090254       	3.6881423e-07
0.090275       	3.6879382e-07
0.0902961      	3.6877395e-07
0.0903172      	3.6875356e-07
0.0903383      	3.6873372e-07
0.0903593      	3.6871336e-07
0.0903804      	3.6869355e-07
0.0904012      	3.6867363e-07
0.0904196      	3.6865709e-07
0.0904359      	3.6864307e-07
0.0904501      	3.6863229e-07
0.0904624      	3.6862379e-07
0.0904729      	3.6861798e-07
0.0904818      	3.6861403e-07
0.0904893      	3.6861214e-07
0.0904956      	3.6861166e-07
0.0905008      	3.6861269e-07
0.090505       	3.6861475e-07
0.0905086      	3.6861789e-07
0.0905115      	3.6862175e-07
0.0905138      	3.6862638e-07
0.0905157      	3.6863157e-07
0.0905173      	3.6863738e-07
0.0905186      	3.6864370e-07
0.0905196      	3.6865060e-07
0.0905204      	3.6865807e-07
0.0905211      	3.6866627e-07
0.0905216      	3.6867528e-07
0.090522       	3.6868530e-07
0.0905224      	3.6869650e-07
0.0905227      	3.6870919e-07
0.0905229      	3.6872374e-07
0.0905231      	3.6874062e-07
0.0905232      	3.6876042e-07
0.0905233      	3.6878389e-07
0.0905234      	3.6881194e-07
0.0905235      	3.6884568e-07
0.0905236      	3.6888656e-07
0.0905236      	3.6893635e-07
0.0905237      	3.6899729e-07
0.0905237      	3.6907211e-07
0.0905237      	3.6916425e-07
0.0905237      	3.6927797e-07
0.0905238      	3.6941858e-07
0.0905238      	3.6959271e-07
0.0905238      	3.6980861e-07
0.0905238      	3.7007654e-07
0.0905238      	3.7040936e-07
0.0905238      	3.7082296e-07
0.0905238      	3.7133723e-07
0.0905238      	3.7197687e-07
0.0905238      	3.7277267e-07
0.0905238      	3.7376301e-07
0.0905238      	3.7499563e-07
0.0905238      	3.7653007e-07
0.0905238      	3.7844041e-07
0.0905238      	3.8081892e-07
0.0905238      	3.8378057e-07
0.0905238      	3.8746862e-07
0.0905238      	3.9206122e-07
0.0905238      	3.9778048e-07
0.0905238      	4.0490284e-07
0.0905238      	4.1377330e-07
0.0905238      	4.2482042e-07
0.0905238      	4.3857890e-07
0.0905238      	4.5571300e-07
0.0905238      	4.7705332e-07
0.0905238      	5.0362939e-07
0.0905238      	5.3673018e-07
0.0905238      	5.7795123e-07
0.0905238      	6.2929485e-07
0.0905238      	6.9323197e-07
0.0905238      	7.7287359e-07
0.0905238      	8.7204734e-07
0.0905238      	9.9558698e-07
0.0905238      	1.1494143e-06
0.0905238      	1.3410487e-06
0.0905238      	1.5796607e-06
0.0905238      	1.8769225e-06
0.0905238      	2.2470579e-06
0.0905238      	2.7081681e-06
0.0905238      	3.2823164e-06
0.0905238      	3.9975871e-06
0.0905238      	4.8882033e-06
0.0905238      	5.9977258e-06
0.0905238      	7.3792364e-06
0.0905238      	9.1003188e-06
0.0905238      	1.1243314e-05
0.0905238      	1.3913046e-05
0.0905238      	1.7237237e-05
0.0905238      	2.1378497e-05
0.0905238      	2.6534950e-05
0.0905238      	3.2958828e-05
0.0905238      	4.0957453e-05
0.0905238      	5.0922085e-05
0.0905238      	6.3329445e-05
0.0905238      	7.8786461e-05
0.0905238      	9.8032601e-05
0.0905238      	1.2200933e-04
0.0905238      	1.5186370e-04
0.0905238      	1.8905610e-04
0.0905238      	2.3536581e-04
0.0905238      	2.9305819e-04
0.0905238      	3.6489323e-04
0.0905238      	4.5438491e-04
0.0905238      	5.6581449e-04
0.0905238      	7.0463284e-04
0.0905238      	8.7748097e-04
0.0905238      	1.0928142e-03
0.0905238      	1.3609340e-03
0.0905238      	1.6949562e-03
0.0905238      	2.1108601e-03
0.0905238      	2.6289910e-03
0.0905238      	3.2741358e-03
0.0905238      	4.0778537e-03
0.0905238      	5.0785940e-03
0.0905238      	6.3253110e-03
0.0905238      	7.8776464e-03
0.0905238      	9.8115376e-03
0.0905238      	1.2219500e-02
0.0905238      	1.5219328e-02
0.0905238      	1.8954528e-02
0.0905238      	2.3607821e-02
0.0905238      	2.9401816e-02
0.0905238      	3.6619945e-02
0.0905238      	4.5607515e-02
0.0905238      	5.6804184e-02
0.0905238      	7.0745587e-02
0.0905238      	8.8113714e-02
0.0905238      	1.0973944e-01
0.0905238      	1.3668065e-01
0.0905238      	1.7022620e-01
0.0905238      	2.1201707e-01
0.0905238      	2.6405248e-01
0.0905238      	3.2887794e-01
0.0905238      	4.0959460e-01
0.0905238      	5.1015101e-01
0.0905238      	6.3535766e-01
0.0905238      	7.9133947e-01
0.0905238      	9.8555840e-01
0.0905238      	1.2275154e+00
0.0905238      	1.5287853e+00
0.0905238      	1.9041058e+00
0.0905238      	2.3714318e+00
0.0905238      	2.9536242e+00
0.0905238      	3.6785343e+00
0.0905238      	4.5816236e+00
0.0905238      	5.7060947e+00
0.0905238      	7.1069552e+00
0.0905238      	8.8512203e+00
0.0905238      	1.1024217e+01
0.0905238      	1.3729899e+01
0.0905238      	1.7100623e+01
0.0905238      	2.1297641e+01
0.0905238      	2.6526266e+01
0.0905238      	3.3036627e+01
0.0905238      	4.1147202e+01
0.0905238      	5.1245989e+01
0.0905238      	6.3827009e+01
0.0905238      	7.9492117e+01
0.0905238      	9.9007633e+01
0.0905238      	1.2330715e+02
0.0905238      	1.5357936e+02
0.0905238      	1.9127246e+02
0.0905238      	2.3823033e+02
0.0905238      	2.9669937e+02
0.0905238      	3.6953982e+02
0.0905238      	4.6023623e+02
0.0905238      	5.7322540e+02
0.0905238      	7.1391250e+02
0.0905238      	8.8917986e+02
0.0905238      	1.1074119e+03
0.0905238      	1.3792844e+03
0.0905238      	1.7178030e+03
0.0905238      	2.1395282e+03
0.0905238      	2.6646337e+03
0.0905238      	3.3188087e+03
0.0905238      	4.1333452e+03
0.0905238      	5.1480937e+03
0.0905238      	6.4115908e+03
0.0905238      	7.9856580e+03
0.0905238      	9.9455744e+03
0.0905238      	1.2387254e+04
0.0905238      	1.5427439e+04
0.0905238      	1.9214959e+04
0.0905238      	2.3930840e+04
0.0905238      	2.9806003e+04
0.0905238      	3.7121206e+04
0.0905238      	4.6234696e+04
0.0905238      	5.7581928e+04
0.0905238      	7.1718678e+04
0.0905238      	8.9320333e+04
0.0905238      	1.1124911e+05
0.0905238      	1.3855253e+05
0.0905238      	1.7256821e+05
0.0905238      	2.1492088e+05
0.0905238      	2.6768560e+05
0.0905238      	3.3338249e+05
0.0905238      	4.1523046e+05
0.0905238      	5.1713861e+05
0.0905238      	6.4410014e+05
0.0905238      	8.0217875e+05
0.0905238      	9.9911983e+05
0.0905238      	1.2443293e+06
0.0905238      	1.5498218e+06
0.0905238      	1.9301876e+06
0.0905238      	2.4040636e+06
0.0905238      	2.9940822e+06
0.0905238      	3.7291524e+06
0.0905238      	4.6443816e+06
0.0905238      	5.7846132e+06
0.0905238      	7.2043049e+06
0.0905238      	8.9730174e+06
0.0905238      	1.1175225e+07
0.0905238      	1.3918829e+07
0.0905238      	1.7334865e+07
0.0905238      	2.1590708e+07
0.0905238      	2.6889619e+07
0.0905238      	3.3491228e+07
0.0905238      	4.1710830e+07
0.0905238      	5.1951161e+07
0.0905238      	6.4701301e+07
0.0905238      	8.0585970e+07
0.0905238      	1.0036382e+08
0.0905238      	1.2500392e+08
0.0905238      	1.5568307e+08
0.0905238      	1.9390447e+08
0.0905238      	2.4149357e+08
0.0905238      	3.0078211e+08
0.0905238      	3.7460171e+08
0.0905238      	4.6656933e+08
0.0905238      	5.8107735e+08
0.0905238      	7.2373633e+08
0.0905238      	9.0135969e+08
