# Region type : patch Rc1
# Faces        : 178
# Area         : 3.6336748e-06
# Scale factor : 1.0000000e+00
# Time         	sum(phi)
6e-05          	1.6787175e-10
0.000132       	3.7109620e-10
0.0002184      	6.1628726e-10
0.00032208     	9.1416591e-10
0.000446496    	1.2754633e-09
0.000595795    	1.7170761e-09
0.000774954    	2.2563993e-09
0.000989945    	2.9204144e-09
0.00124793     	3.7379774e-09
0.00155752     	4.7527967e-09
0.00192903     	6.0125450e-09
0.00237483     	7.5873584e-09
0.0029098      	9.5540861e-09
0.00355176     	1.2021266e-08
0.00429765     	1.5005923e-08
0.00475382     	1.6931629e-08
0.00497048     	1.7859050e-08
0.00518408     	1.8786786e-08
0.00542151     	1.9820323e-08
0.00568516     	2.0983172e-08
0.00595414     	2.2172889e-08
0.0062144      	2.3339676e-08
0.00646879     	2.4481437e-08
0.00672414     	2.5639818e-08
0.00698347     	2.6815570e-08
0.0072456      	2.8014223e-08
0.0075082      	2.9213001e-08
0.00777027     	3.0419252e-08
0.00803213     	3.1621431e-08
0.00829441     	3.2834345e-08
0.00855734     	3.4046166e-08
0.00882083     	3.5268588e-08
0.00908463     	3.6488123e-08
0.00934861     	3.7716890e-08
0.00961272     	3.8941184e-08
0.00987701     	4.0173589e-08
0.0101415      	4.1400717e-08
0.0104061      	4.2635043e-08
0.0106708      	4.3864483e-08
0.0109356      	4.5101648e-08
0.0112005      	4.6334054e-08
0.0114655      	4.7574470e-08
0.0117307      	4.8810459e-08
0.0119958      	5.0054834e-08
0.0122611      	5.1296902e-08
0.0125265      	5.2548004e-08
0.0127919      	5.3795768e-08
0.0130543      	5.5038398e-08
0.0133099      	5.6244823e-08
0.0135591      	5.7430988e-08
0.0138025      	5.8587009e-08
0.01404        	5.9724574e-08
0.0142718      	6.0835111e-08
0.0144983      	6.1929865e-08
0.0147199      	6.2999399e-08
0.0149367      	6.4055661e-08
0.0151492      	6.5088226e-08
0.0153574      	6.6109070e-08
0.0155616      	6.7109679e-08
0.0157619      	6.8100753e-08
0.0159587      	6.9073499e-08
0.016152       	7.0038111e-08
0.0163419      	7.0986002e-08
0.0165288      	7.1926925e-08
0.0167125      	7.2852505e-08
0.0168934      	7.3772103e-08
0.0170714      	7.4678206e-08
0.0172468      	7.5580121e-08
0.0174196      	7.6468925e-08
0.0175899      	7.7353291e-08
0.0177578      	7.8225447e-08
0.0179234      	7.9093773e-08
0.0180867      	7.9949842e-08
0.0182479      	8.0801868e-08
0.0184071      	8.1643159e-08
0.0185642      	8.2481587e-08
0.0187193      	8.3309889e-08
0.0188726      	8.4135715e-08
0.019024       	8.4952199e-08
0.0191736      	8.5767822e-08
0.0193216      	8.6574350e-08
0.0194678      	8.7379026e-08
0.0196124      	8.8175051e-08
0.0197555      	8.8969482e-08
0.019897       	8.9755656e-08
0.020037       	9.0540072e-08
0.0201755      	9.1315499e-08
0.0203126      	9.2089758e-08
0.0204484      	9.2856443e-08
0.0205828      	9.3622134e-08
0.0207159      	9.4380541e-08
0.0208477      	9.5138106e-08
0.0209783      	9.5888656e-08
0.0211076      	9.6638498e-08
0.0212358      	9.7381575e-08
0.0213628      	9.8124066e-08
0.0214886      	9.8860018e-08
0.0216134      	9.9595494e-08
0.021737       	1.0032464e-07
0.0218597      	1.0105341e-07
0.0219812      	1.0177605e-07
0.0221018      	1.0249959e-07
0.0222213      	1.0321739e-07
0.0223399      	1.0393498e-07
0.0224576      	1.0464678e-07
0.0225742      	1.0535845e-07
0.02269        	1.0606448e-07
0.0228049      	1.0677044e-07
0.0229189      	1.0747092e-07
0.023032       	1.0817098e-07
0.0231443      	1.0886472e-07
0.0232558      	1.0955849e-07
0.0233664      	1.1024705e-07
0.0234763      	1.1093568e-07
0.0235853      	1.1161922e-07
0.0236936      	1.1230287e-07
0.0238011      	1.1298155e-07
0.0239079      	1.1366038e-07
0.024014       	1.1433433e-07
0.0241193      	1.1500847e-07
0.0242239      	1.1567785e-07
0.0243279      	1.1634743e-07
0.0244311      	1.1701235e-07
0.0245337      	1.1767751e-07
0.0246356      	1.1833809e-07
0.0247369      	1.1899894e-07
0.0248375      	1.1965530e-07
0.0249375      	1.2031195e-07
0.0250369      	1.2096469e-07
0.0251357      	1.2161857e-07
0.0252339      	1.2226812e-07
0.0253315      	1.2291800e-07
0.0254285      	1.2356364e-07
0.0255249      	1.2420962e-07
0.0256208      	1.2485144e-07
0.0257161      	1.2549363e-07
0.0258108      	1.2613171e-07
0.0259051      	1.2677018e-07
0.0259987      	1.2740462e-07
0.0260919      	1.2803819e-07
0.0261846      	1.2866777e-07
0.0262767      	1.2929777e-07
0.0263683      	1.2992385e-07
0.0264595      	1.3055037e-07
0.0265501      	1.3117304e-07
0.0266403      	1.3179614e-07
0.02673        	1.3241545e-07
0.0268192      	1.3303521e-07
0.0269079      	1.3365123e-07
0.0269962      	1.3426770e-07
0.0270841      	1.3488170e-07
0.0271715      	1.3549622e-07
0.0272584      	1.3610710e-07
0.027345       	1.3671846e-07
0.0274311      	1.3732623e-07
0.0275167      	1.3793449e-07
0.027602       	1.3853921e-07
0.0276868      	1.3914443e-07
0.0277713      	1.3974615e-07
0.0278553      	1.4034837e-07
0.0279389      	1.4094716e-07
0.0280222      	1.4154611e-07
0.028105       	1.4214077e-07
0.0281875      	1.4273593e-07
0.0282696      	1.4332775e-07
0.0283513      	1.4392007e-07
0.0284326      	1.4450909e-07
0.0285136      	1.4509862e-07
0.0285942      	1.4568488e-07
0.0286744      	1.4627166e-07
0.0287543      	1.4685520e-07
0.0288339      	1.4743927e-07
0.0289131      	1.4802015e-07
0.0289919      	1.4860155e-07
0.0290705      	1.4917980e-07
0.0291486      	1.4975858e-07
0.0292265      	1.5033424e-07
0.029304       	1.5091043e-07
0.0293812      	1.5148354e-07
0.0294581      	1.5205719e-07
0.0295346      	1.5262779e-07
0.0296109      	1.5319893e-07
0.0296868      	1.5376705e-07
0.0297624      	1.5433572e-07
0.0298378      	1.5490141e-07
0.0299128      	1.5546764e-07
0.0299875      	1.5603092e-07
0.0300619      	1.5659574e-07
0.0301361      	1.5715784e-07
0.0302099      	1.5772049e-07
0.0302834      	1.5828025e-07
0.0303567      	1.5884057e-07
0.0304297      	1.5939803e-07
0.0305024      	1.5995605e-07
0.0305748      	1.6051124e-07
0.030647       	1.6106699e-07
0.0307189      	1.6161995e-07
0.0307905      	1.6217346e-07
0.0308618      	1.6272421e-07
0.0309329      	1.6327553e-07
0.0310038      	1.6382403e-07
0.0310743      	1.6437201e-07
0.0311446      	1.6491727e-07
0.0312147      	1.6546310e-07
0.0312845      	1.6600624e-07
0.0313541      	1.6654995e-07
0.0314234      	1.6709100e-07
0.0314924      	1.6763262e-07
0.0315613      	1.6817160e-07
0.0316298      	1.6871115e-07
0.0316982      	1.6924809e-07
0.0317663      	1.6978560e-07
0.0318342      	1.7032052e-07
0.0319018      	1.7085601e-07
0.0319692      	1.7138894e-07
0.0320364      	1.7192245e-07
0.0321034      	1.7245341e-07
0.0321701      	1.7298495e-07
0.0322366      	1.7351396e-07
0.0323029      	1.7404356e-07
0.032369       	1.7457066e-07
0.0324348      	1.7509834e-07
0.0325005      	1.7562355e-07
0.0325659      	1.7614933e-07
0.0326311      	1.7667266e-07
0.0326961      	1.7719657e-07
0.0327609      	1.7771805e-07
0.0328255      	1.7824011e-07
0.0328899      	1.7875976e-07
0.0329541      	1.7928000e-07
0.0330181      	1.7979816e-07
0.0330819      	1.8031771e-07
0.0331454      	1.8083489e-07
0.0332088      	1.8135265e-07
0.033272       	1.8186807e-07
0.033335       	1.8238407e-07
0.0333978      	1.8289774e-07
0.0334604      	1.8341199e-07
0.0335229      	1.8392394e-07
0.0335851      	1.8443648e-07
0.0336472      	1.8494672e-07
0.033709       	1.8545755e-07
0.0337707      	1.8596612e-07
0.0338322      	1.8647527e-07
0.0338935      	1.8698217e-07
0.0339547      	1.8748966e-07
0.0340156      	1.8799463e-07
0.0340764      	1.8849937e-07
0.034137       	1.8900190e-07
0.0341974      	1.8950502e-07
0.0342577      	1.9000594e-07
0.0343178      	1.9050745e-07
0.0343777      	1.9100677e-07
0.0344375      	1.9150669e-07
0.034497       	1.9200443e-07
0.0345564      	1.9250277e-07
0.0346157      	1.9299896e-07
0.0346748      	1.9349574e-07
0.0347337      	1.9399038e-07
0.0347925      	1.9448562e-07
0.034851       	1.9497874e-07
0.0349095      	1.9547245e-07
0.0349678      	1.9596406e-07
0.0350259      	1.9645674e-07
0.0350838      	1.9694794e-07
0.0351416      	1.9743973e-07
0.0351993      	1.9792944e-07
0.0352568      	1.9841975e-07
0.0353141      	1.9890800e-07
0.0353713      	1.9939684e-07
0.0354284      	1.9988365e-07
0.0354853      	2.0037104e-07
0.035542       	2.0085642e-07
0.0355986      	2.0134238e-07
0.035655       	2.0182634e-07
0.0357113      	2.0231089e-07
0.0357675      	2.0279344e-07
0.0358235      	2.0327659e-07
0.0358794      	2.0375775e-07
0.0359351      	2.0423952e-07
0.0359907      	2.0471931e-07
0.0360462      	2.0519881e-07
0.0361015      	2.0567618e-07
0.0361566      	2.0615414e-07
0.0362117      	2.0663016e-07
0.0362666      	2.0710678e-07
0.0363213      	2.0758146e-07
0.0363759      	2.0805675e-07
0.0364304      	2.0853011e-07
0.0364848      	2.0900407e-07
0.036539       	2.0947612e-07
0.0365931      	2.0994877e-07
0.0366471      	2.1041953e-07
0.0367009      	2.1089087e-07
0.0367546      	2.1136035e-07
0.0368082      	2.1183041e-07
0.0368616      	2.1229861e-07
0.0369149      	2.1276739e-07
0.0369681      	2.1323433e-07
0.0370212      	2.1370186e-07
0.0370741      	2.1416754e-07
0.037127       	2.1463382e-07
0.0371797      	2.1509827e-07
0.0372322      	2.1556331e-07
0.0372847      	2.1602653e-07
0.037337       	2.1649034e-07
0.0373892      	2.1695235e-07
0.0374413      	2.1741495e-07
0.0374933      	2.1787575e-07
0.0375451      	2.1833714e-07
0.0375969      	2.1879675e-07
0.0376485      	2.1925695e-07
0.0377         	2.1971538e-07
0.0377514      	2.2017439e-07
0.0378026      	2.2063165e-07
0.0378538      	2.2108949e-07
0.0379048      	2.2154559e-07
0.0379558      	2.2200227e-07
0.0380066      	2.2245735e-07
0.0380573      	2.2291391e-07
0.0381079      	2.2336874e-07
0.0381584      	2.2382415e-07
0.0382088      	2.2427785e-07
0.038259       	2.2473214e-07
0.0383092      	2.2518472e-07
0.0383592      	2.2563789e-07
0.0384092      	2.2608936e-07
0.038459       	2.2654141e-07
0.0385087      	2.2699179e-07
0.0385583      	2.2744275e-07
0.0386079      	2.2789203e-07
0.0386573      	2.2834189e-07
0.0387066      	2.2879010e-07
0.0387558      	2.2923889e-07
0.0388049      	2.2968602e-07
0.0388539      	2.3013374e-07
0.0389028      	2.3057982e-07
0.0389516      	2.3102648e-07
0.0390003      	2.3147150e-07
0.0390488      	2.3191610e-07
0.0390973      	2.3235907e-07
0.0391457      	2.3280263e-07
0.039194       	2.3324458e-07
0.0392422      	2.3368710e-07
0.0392903      	2.3412802e-07
0.0393383      	2.3456952e-07
0.0393862      	2.3500943e-07
0.039434       	2.3544991e-07
0.0394817      	2.3588880e-07
0.0395293      	2.3632827e-07
0.0395769      	2.3676616e-07
0.0396243      	2.3720463e-07
0.0396716      	2.3764153e-07
0.0397189      	2.3807900e-07
0.039766       	2.3851491e-07
0.0398131      	2.3895140e-07
0.03986        	2.3938634e-07
0.0399069      	2.3982185e-07
0.0399537      	2.4025581e-07
0.0400004      	2.4069041e-07
0.040047       	2.4113037e-07
0.0400935      	2.4157090e-07
0.0401399      	2.4200988e-07
0.0401862      	2.4244945e-07
0.0402324      	2.4288748e-07
0.0402786      	2.4332609e-07
0.0403246      	2.4376319e-07
0.0403706      	2.4420088e-07
0.0404165      	2.4463705e-07
0.0404623      	2.4507381e-07
0.040508       	2.4550907e-07
0.0405536      	2.4594493e-07
0.0405992      	2.4637928e-07
0.0406446      	2.4681423e-07
0.04069        	2.4724769e-07
0.0407353      	2.4768175e-07
0.0407805      	2.4811432e-07
0.0408256      	2.4854748e-07
0.0408706      	2.4897917e-07
0.0409155      	2.4941146e-07
0.0409604      	2.4984227e-07
0.0410052      	2.5027368e-07
0.0410499      	2.5070363e-07
0.0410945      	2.5113417e-07
0.041139       	2.5156326e-07
0.0411835      	2.5199294e-07
0.0412279      	2.5242117e-07
0.0412721      	2.5284999e-07
0.0413164      	2.5327738e-07
0.0413605      	2.5370535e-07
0.0414045      	2.5413189e-07
0.0414485      	2.5455902e-07
0.0414924      	2.5498473e-07
0.0415362      	2.5541101e-07
0.04158        	2.5583589e-07
0.0416236      	2.5626134e-07
0.0416672      	2.5668539e-07
0.0417107      	2.5711002e-07
0.0417542      	2.5753325e-07
0.0417975      	2.5795705e-07
0.0418408      	2.5837945e-07
0.041884       	2.5880244e-07
0.0419271      	2.5922403e-07
0.0419702      	2.5964620e-07
0.0420132      	2.6006670e-07
0.0420561      	2.6048710e-07
0.0420989      	2.6090613e-07
0.0421417      	2.6132574e-07
0.0421843      	2.6174397e-07
0.042227       	2.6216278e-07
0.0422695      	2.6258022e-07
0.042312       	2.6299824e-07
0.0423544      	2.6341489e-07
0.0423967      	2.6383212e-07
0.0424389      	2.6424799e-07
0.0424811      	2.6466443e-07
0.0425232      	2.6507952e-07
0.0425653      	2.6549517e-07
0.0426073      	2.6590949e-07
0.0426492      	2.6632437e-07
0.042691       	2.6673791e-07
0.0427328      	2.6715202e-07
0.0427745      	2.6756480e-07
0.0428161      	2.6797814e-07
0.0428576      	2.6839015e-07
0.0428991      	2.6880273e-07
0.0429405      	2.6921399e-07
0.0429819      	2.6962580e-07
0.0430232      	2.7003684e-07
0.0430644      	2.7044884e-07
0.0431056      	2.7085954e-07
0.0431467      	2.7127079e-07
0.0431877      	2.7168074e-07
0.0432286      	2.7209124e-07
0.0432695      	2.7250045e-07
0.0433104      	2.7291021e-07
0.0433511      	2.7331868e-07
0.0433918      	2.7372770e-07
0.0434324      	2.7413544e-07
0.043473       	2.7454373e-07
0.0435135      	2.7495074e-07
0.0435539      	2.7535830e-07
0.0435943      	2.7576458e-07
0.0436346      	2.7617142e-07
0.0436749      	2.7657699e-07
0.0437151      	2.7698310e-07
0.0437552      	2.7738795e-07
0.0437952      	2.7779335e-07
0.0438352      	2.7819748e-07
0.0438752      	2.7860217e-07
0.0439151      	2.7900560e-07
0.0439549      	2.7940957e-07
0.0439946      	2.7981230e-07
0.0440343      	2.8021556e-07
0.0440739      	2.8061758e-07
0.0441135      	2.8102015e-07
0.044153       	2.8142147e-07
0.0441925      	2.8182334e-07
0.0442319      	2.8222397e-07
0.0442712      	2.8262515e-07
0.0443105      	2.8302509e-07
0.0443497      	2.8342557e-07
0.0443888      	2.8382482e-07
0.0444279      	2.8422461e-07
0.044467       	2.8462318e-07
0.0445059      	2.8502229e-07
0.0445449      	2.8542019e-07
0.0445837      	2.8581861e-07
0.0446225      	2.8621583e-07
0.0446613      	2.8661358e-07
0.0447         	2.8701013e-07
0.0447386      	2.8740720e-07
0.0447772      	2.8780308e-07
0.0448157      	2.8819949e-07
0.0448542      	2.8859470e-07
0.0448926      	2.8899044e-07
0.0449309      	2.8938498e-07
0.0449692      	2.8978006e-07
0.0450075      	2.9017395e-07
0.0450457      	2.9056836e-07
0.0450838      	2.9096160e-07
0.0451219      	2.9135536e-07
0.0451599      	2.9174794e-07
0.0451979      	2.9214104e-07
0.0452358      	2.9253297e-07
0.0452736      	2.9292543e-07
0.0453114      	2.9331672e-07
0.0453492      	2.9370853e-07
0.0453869      	2.9409917e-07
0.0454245      	2.9449033e-07
0.0454621      	2.9488034e-07
0.0454997      	2.9527086e-07
0.0455371      	2.9566023e-07
0.0455746      	2.9605011e-07
0.045612       	2.9643885e-07
0.0456493      	2.9682810e-07
0.0456866      	2.9721620e-07
0.0457238      	2.9760483e-07
0.045761       	2.9799231e-07
0.0457981      	2.9838031e-07
0.0458351      	2.9876716e-07
0.0458722      	2.9915454e-07
0.0459091      	2.9954077e-07
0.0459461      	2.9992752e-07
0.0459829      	3.0031315e-07
0.0460197      	3.0069880e-07
0.0460565      	3.0108290e-07
0.0460932      	3.0146752e-07
0.0461299      	3.0185102e-07
0.0461665      	3.0223503e-07
0.0462031      	3.0261792e-07
0.0462396      	3.0300132e-07
0.0462761      	3.0338360e-07
0.0463125      	3.0376640e-07
0.0463489      	3.0414808e-07
0.0463852      	3.0453027e-07
0.0464215      	3.0491135e-07
0.0464577      	3.0529293e-07
0.0464939      	3.0567341e-07
0.04653        	3.0605440e-07
0.0465661      	3.0643429e-07
0.0466021      	3.0681468e-07
0.0466381      	3.0719397e-07
0.046674       	3.0757377e-07
0.0467099      	3.0795247e-07
0.0467458      	3.0833168e-07
0.0467816      	3.0870980e-07
0.0468173      	3.0908842e-07
0.046853       	3.0946596e-07
0.0468887      	3.0984399e-07
0.0469243      	3.1022095e-07
0.0469599      	3.1059841e-07
0.0469954      	3.1097478e-07
0.0470309      	3.1135244e-07
0.0470663      	3.1172913e-07
0.0471017      	3.1210632e-07
0.047137       	3.1248244e-07
0.0471723      	3.1285906e-07
0.0472075      	3.1323461e-07
0.0472428      	3.1361065e-07
0.0472779      	3.1398563e-07
0.047313       	3.1436111e-07
0.0473481      	3.1473553e-07
0.0473831      	3.1511045e-07
0.0474181      	3.1548431e-07
0.047453       	3.1585866e-07
0.0474879      	3.1623196e-07
0.0475228      	3.1660576e-07
0.0475576      	3.1697851e-07
0.0475923      	3.1735175e-07
0.047627       	3.1772395e-07
0.0476617      	3.1809664e-07
0.0476964      	3.1846829e-07
0.0477309      	3.1884044e-07
0.0477655      	3.1921154e-07
0.0478         	3.1958314e-07
0.0478344      	3.1995370e-07
0.0478689      	3.2032475e-07
0.0479032      	3.2069477e-07
0.0479376      	3.2106528e-07
0.0479719      	3.2143477e-07
0.0480061      	3.2180475e-07
0.0480403      	3.2217370e-07
0.0480745      	3.2254313e-07
0.0481086      	3.2291155e-07
0.0481427      	3.2328046e-07
0.0481767      	3.2364834e-07
0.0482107      	3.2401672e-07
0.0482447      	3.2438408e-07
0.0482786      	3.2475193e-07
0.0483125      	3.2511877e-07
0.0483463      	3.2548609e-07
0.0483801      	3.2585241e-07
0.0484138      	3.2621922e-07
0.0484476      	3.2658502e-07
0.0484812      	3.2695130e-07
0.0485149      	3.2731659e-07
0.0485485      	3.2768236e-07
0.048582       	3.2804713e-07
0.0486155      	3.2841238e-07
0.048649       	3.2877664e-07
0.0486824      	3.2914138e-07
0.0487158      	3.2950513e-07
0.0487492      	3.2986936e-07
0.0487825      	3.3023260e-07
0.0488158      	3.3059633e-07
0.048849       	3.3095907e-07
0.0488822      	3.3132228e-07
0.0489154      	3.3168452e-07
0.0489485      	3.3204723e-07
0.0489816      	3.3240897e-07
0.0490146      	3.3277118e-07
0.0490476      	3.3313243e-07
0.0490806      	3.3349414e-07
0.0491135      	3.3385488e-07
0.0491464      	3.3421610e-07
0.0491793      	3.3457636e-07
0.0492121      	3.3493708e-07
0.0492449      	3.3529685e-07
0.0492776      	3.3565708e-07
0.0493103      	3.3601636e-07
0.049343       	3.3637611e-07
0.0493756      	3.3673490e-07
0.0494082      	3.3709416e-07
0.0494408      	3.3745247e-07
0.0494733      	3.3781125e-07
0.0495058      	3.3816908e-07
0.0495382      	3.3852738e-07
0.0495706      	3.3888473e-07
0.049603       	3.3924255e-07
0.0496353      	3.3959942e-07
0.0496676      	3.3995676e-07
0.0496999      	3.4031316e-07
0.0497321      	3.4067003e-07
0.0497643      	3.4102596e-07
0.0497965      	3.4138236e-07
0.0498286      	3.4173782e-07
0.0498607      	3.4209375e-07
0.0498927      	3.4244874e-07
0.0499247      	3.4280420e-07
0.0499567      	3.4315873e-07
0.0499886      	3.4351372e-07
0.0500206      	3.4367020e-07
0.0500524      	3.4371796e-07
0.0500843      	3.4376518e-07
0.0501162      	3.4381288e-07
0.050148       	3.4385983e-07
0.0501798      	3.4390707e-07
0.0502116      	3.4395342e-07
0.0502434      	3.4399995e-07
0.0502752      	3.4404550e-07
0.050307       	3.4409116e-07
0.0503388      	3.4413577e-07
0.0503705      	3.4418045e-07
0.0504022      	3.4422404e-07
0.0504339      	3.4426767e-07
0.0504656      	3.4431019e-07
0.0504973      	3.4435272e-07
0.050529       	3.4439413e-07
0.0505606      	3.4443553e-07
0.0505923      	3.4447579e-07
0.0506239      	3.4451603e-07
0.0506555      	3.4455512e-07
0.0506871      	3.4459419e-07
0.0507187      	3.4463211e-07
0.0507503      	3.4467000e-07
0.0507818      	3.4470675e-07
0.0508134      	3.4474346e-07
0.0508449      	3.4477903e-07
0.0508764      	3.4481456e-07
0.0509079      	3.4484895e-07
0.0509394      	3.4488331e-07
0.0509708      	3.4491652e-07
0.0510023      	3.4494977e-07
0.0510337      	3.4498266e-07
0.0510652      	3.4501553e-07
0.0510966      	3.4504726e-07
0.051128       	3.4507897e-07
0.0511594      	3.4510956e-07
0.0511907      	3.4514013e-07
0.0512221      	3.4516959e-07
0.0512534      	3.4519904e-07
0.0512848      	3.4522738e-07
0.0513161      	3.4525572e-07
0.0513474      	3.4528297e-07
0.0513787      	3.4531021e-07
0.0514099      	3.4533637e-07
0.0514412      	3.4536255e-07
0.0514725      	3.4538764e-07
0.0515037      	3.4541276e-07
0.0515349      	3.4543681e-07
0.0515661      	3.4546089e-07
0.0515973      	3.4548392e-07
0.0516285      	3.4550698e-07
0.0516596      	3.4552900e-07
0.0516908      	3.4555108e-07
0.0517219      	3.4557211e-07
0.051753       	3.4559322e-07
0.0517842      	3.4561330e-07
0.0518153      	3.4563345e-07
0.0518463      	3.4565260e-07
0.0518774      	3.4567183e-07
0.0519085      	3.4569006e-07
0.0519395      	3.4570840e-07
0.0519705      	3.4572574e-07
0.0520015      	3.4574320e-07
0.0520325      	3.4575968e-07
0.0520635      	3.4577629e-07
0.0520945      	3.4579193e-07
0.0521255      	3.4580771e-07
0.0521564      	3.4582255e-07
0.0521873      	3.4583753e-07
0.0522183      	3.4585157e-07
0.0522492      	3.4586578e-07
0.0522801      	3.4587906e-07
0.0523109      	3.4589252e-07
0.0523418      	3.4590506e-07
0.0523727      	3.4591779e-07
0.0524035      	3.4592963e-07
0.0524343      	3.4594166e-07
0.0524651      	3.4595282e-07
0.0524959      	3.4596418e-07
0.0525267      	3.4597469e-07
0.0525575      	3.4598541e-07
0.0525883      	3.4599529e-07
0.052619       	3.4600540e-07
0.0526497      	3.4601469e-07
0.0526805      	3.4602422e-07
0.0527112      	3.4603293e-07
0.0527419      	3.4604190e-07
0.0527725      	3.4605007e-07
0.0528032      	3.4605851e-07
0.0528339      	3.4606616e-07
0.0528645      	3.4607410e-07
0.0528951      	3.4608127e-07
0.0529257      	3.4608873e-07
0.0529563      	3.4609544e-07
0.0529869      	3.4610246e-07
0.0530175      	3.4610873e-07
0.0530481      	3.4611533e-07
0.0530786      	3.4612120e-07
0.0531092      	3.4612740e-07
0.0531397      	3.4613289e-07
0.0531702      	3.4613874e-07
0.0532007      	3.4614388e-07
0.0532312      	3.4614939e-07
0.0532617      	3.4615422e-07
0.0532921      	3.4615942e-07
0.0533226      	3.4616394e-07
0.053353       	3.4616886e-07
0.0533834      	3.4617312e-07
0.0534138      	3.4617778e-07
0.0534442      	3.4618180e-07
0.0534746      	3.4618624e-07
0.053505       	3.4619005e-07
0.0535354      	3.4619428e-07
0.0535657      	3.4619791e-07
0.053596       	3.4620197e-07
0.0536264      	3.4620543e-07
0.0536567      	3.4620935e-07
0.053687       	3.4621268e-07
0.0537172      	3.4621648e-07
0.0537475      	3.4621970e-07
0.0537778      	3.4622340e-07
0.053808       	3.4622655e-07
0.0538383      	3.4623019e-07
0.0538685      	3.4623328e-07
0.0538987      	3.4623687e-07
0.0539289      	3.4623993e-07
0.0539591      	3.4624352e-07
0.0539892      	3.4624658e-07
0.0540194      	3.4624965e-07
0.0540495      	3.4625193e-07
0.0540797      	3.4625475e-07
0.0541098      	3.4625708e-07
0.0541399      	3.4625996e-07
0.05417        	3.4626237e-07
0.0542001      	3.4626534e-07
0.0542302      	3.4626784e-07
0.0542602      	3.4627091e-07
0.0542903      	3.4627354e-07
0.0543203      	3.4627675e-07
0.0543503      	3.4627952e-07
0.0543803      	3.4628289e-07
0.0544103      	3.4628583e-07
0.0544403      	3.4628938e-07
0.0544703      	3.4629251e-07
0.0545002      	3.4629626e-07
0.0545302      	3.4629960e-07
0.0545601      	3.4630357e-07
0.0545901      	3.4630714e-07
0.05462        	3.4631136e-07
0.0546499      	3.4631520e-07
0.0546798      	3.4631969e-07
0.0547096      	3.4632380e-07
0.0547395      	3.4632858e-07
0.0547694      	3.4633300e-07
0.0547992      	3.4633809e-07
0.054829       	3.4634283e-07
0.0548589      	3.4634826e-07
0.0548887      	3.4635334e-07
0.0549184      	3.4635913e-07
0.0549482      	3.4636458e-07
0.054978       	3.4637074e-07
0.0550078      	3.4637679e-07
0.0550375      	3.4638414e-07
0.0550672      	3.4639119e-07
0.055097       	3.4639895e-07
0.0551267      	3.4640642e-07
0.0551564      	3.4641462e-07
0.0551861      	3.4642254e-07
0.0552157      	3.4643121e-07
0.0552454      	3.4643959e-07
0.055275       	3.4644873e-07
0.0553047      	3.4645760e-07
0.0553343      	3.4646723e-07
0.0553639      	3.4647660e-07
0.0553935      	3.4648674e-07
0.0554231      	3.4649664e-07
0.0554527      	3.4650731e-07
0.0554823      	3.4651775e-07
0.0555118      	3.4652896e-07
0.0555414      	3.4653995e-07
0.0555709      	3.4655173e-07
0.0556004      	3.4656329e-07
0.0556299      	3.4657565e-07
0.0556594      	3.4658780e-07
0.0556889      	3.4660076e-07
0.0557184      	3.4661352e-07
0.0557479      	3.4662709e-07
0.0557773      	3.4664047e-07
0.0558068      	3.4665467e-07
0.0558362      	3.4666869e-07
0.0558656      	3.4668353e-07
0.055895       	3.4669820e-07
0.0559244      	3.4671370e-07
0.0559538      	3.4672904e-07
0.0559832      	3.4674521e-07
0.0560125      	3.4676123e-07
0.0560419      	3.4677809e-07
0.0560712      	3.4679480e-07
0.0561005      	3.4681236e-07
0.0561298      	3.4682978e-07
0.0561591      	3.4684805e-07
0.0561884      	3.4686619e-07
0.0562177      	3.4688519e-07
0.056247       	3.4690406e-07
0.0562762      	3.4692380e-07
0.0563055      	3.4694342e-07
0.0563347      	3.4696391e-07
0.0563639      	3.4698428e-07
0.0563932      	3.4700553e-07
0.0564224      	3.4702667e-07
0.0564515      	3.4704869e-07
0.0564807      	3.4707061e-07
0.0565099      	3.4709342e-07
0.056539       	3.4711614e-07
0.0565682      	3.4713975e-07
0.0565973      	3.4716326e-07
0.0566264      	3.4718767e-07
0.0566556      	3.4721200e-07
0.0566847      	3.4723723e-07
0.0567137      	3.4726237e-07
0.0567428      	3.4728842e-07
0.0567719      	3.4731439e-07
0.0568009      	3.4734128e-07
0.05683        	3.4736809e-07
0.056859       	3.4739581e-07
0.056888       	3.4742347e-07
0.056917       	3.4745205e-07
0.056946       	3.4748057e-07
0.056975       	3.4751001e-07
0.057004       	3.4753939e-07
0.057033       	3.4756969e-07
0.0570619      	3.4759995e-07
0.0570909      	3.4763112e-07
0.0571198      	3.4766225e-07
0.0571487      	3.4769431e-07
0.0571776      	3.4772633e-07
0.0572065      	3.4775928e-07
0.0572354      	3.4779219e-07
0.0572643      	3.4782603e-07
0.0572932      	3.4785983e-07
0.057322       	3.4789457e-07
0.0573509      	3.4792928e-07
0.0573797      	3.4796493e-07
0.0574085      	3.4800055e-07
0.0574374      	3.4803712e-07
0.0574662      	3.4807365e-07
0.057495       	3.4811113e-07
0.0575237      	3.4814859e-07
0.0575525      	3.4818700e-07
0.0575813      	3.4822538e-07
0.05761        	3.4826471e-07
0.0576388      	3.4830402e-07
0.0576675      	3.4834428e-07
0.0576962      	3.4838452e-07
0.0577249      	3.4842571e-07
0.0577536      	3.4846689e-07
0.0577823      	3.4850902e-07
0.057811       	3.4855114e-07
0.0578396      	3.4859421e-07
0.0578683      	3.4863727e-07
0.0578969      	3.4868129e-07
0.0579255      	3.4872529e-07
0.0579542      	3.4877026e-07
0.0579828      	3.4881521e-07
0.0580114      	3.4886082e-07
0.05804        	3.4890597e-07
0.0580685      	3.4895206e-07
0.0580971      	3.4899816e-07
0.0581257      	3.4904521e-07
0.0581542      	3.4909226e-07
0.0581827      	3.4914027e-07
0.0582113      	3.4918827e-07
0.0582398      	3.4923723e-07
0.0582683      	3.4928620e-07
0.0582968      	3.4933611e-07
0.0583253      	3.4938603e-07
0.0583537      	3.4943691e-07
0.0583822      	3.4948778e-07
0.0584107      	3.4953962e-07
0.0584391      	3.4959145e-07
0.0584675      	3.4964424e-07
0.0584959      	3.4969703e-07
0.0585244      	3.4975077e-07
0.0585528      	3.4980452e-07
0.0585811      	3.4985921e-07
0.0586095      	3.4991392e-07
0.0586379      	3.4996957e-07
0.0586663      	3.5002522e-07
0.0586946      	3.5008182e-07
0.0587229      	3.5013843e-07
0.0587513      	3.5019598e-07
0.0587796      	3.5025355e-07
0.0588079      	3.5031205e-07
0.0588362      	3.5037057e-07
0.0588645      	3.5043003e-07
0.0588928      	3.5048950e-07
0.058921       	3.5054991e-07
0.0589493      	3.5061033e-07
0.0589775      	3.5067169e-07
0.0590058      	3.5073321e-07
0.059034       	3.5079626e-07
0.0590622      	3.5085932e-07
0.0590904      	3.5092333e-07
0.0591186      	3.5098732e-07
0.0591468      	3.5105226e-07
0.059175       	3.5111720e-07
0.0592031      	3.5118308e-07
0.0592313      	3.5124895e-07
0.0592594      	3.5131575e-07
0.0592876      	3.5138256e-07
0.0593157      	3.5145030e-07
0.0593438      	3.5151803e-07
0.0593719      	3.5158670e-07
0.0594         	3.5165536e-07
0.0594281      	3.5172495e-07
0.0594562      	3.5179454e-07
0.0594842      	3.5186506e-07
0.0595123      	3.5193556e-07
0.0595403      	3.5200698e-07
0.0595684      	3.5207840e-07
0.0595964      	3.5215073e-07
0.0596244      	3.5222306e-07
0.0596524      	3.5229630e-07
0.0596804      	3.5236954e-07
0.0597084      	3.5244369e-07
0.0597364      	3.5251782e-07
0.0597643      	3.5259287e-07
0.0597923      	3.5266791e-07
0.0598202      	3.5274386e-07
0.0598482      	3.5281979e-07
0.0598761      	3.5289662e-07
0.059904       	3.5297345e-07
0.0599319      	3.5305117e-07
0.0599598      	3.5312887e-07
0.0599877      	3.5320747e-07
0.0600156      	3.5328606e-07
0.0600434      	3.5336553e-07
0.0600713      	3.5344499e-07
0.0600991      	3.5352534e-07
0.060127       	3.5360566e-07
0.0601548      	3.5368687e-07
0.0601826      	3.5376805e-07
0.0602104      	3.5385012e-07
0.0602382      	3.5393215e-07
0.060266       	3.5401507e-07
0.0602938      	3.5409796e-07
0.0603216      	3.5418172e-07
0.0603493      	3.5426545e-07
0.0603771      	3.5435006e-07
0.0604048      	3.5443462e-07
0.0604325      	3.5452006e-07
0.0604603      	3.5460546e-07
0.060488       	3.5469173e-07
0.0605157      	3.5477795e-07
0.0605434      	3.5486504e-07
0.0605711      	3.5495208e-07
0.0605987      	3.5503998e-07
0.0606264      	3.5512783e-07
0.060654       	3.5521654e-07
0.0606817      	3.5530520e-07
0.0607093      	3.5539471e-07
0.0607369      	3.5548417e-07
0.0607646      	3.5557448e-07
0.0607922      	3.5566472e-07
0.0608198      	3.5575581e-07
0.0608473      	3.5584684e-07
0.0608749      	3.5593871e-07
0.0609025      	3.5603052e-07
0.06093        	3.5612316e-07
0.0609576      	3.5621574e-07
0.0609851      	3.5630915e-07
0.0610127      	3.5640249e-07
0.0610402      	3.5649666e-07
0.0610677      	3.5659076e-07
0.0610952      	3.5668568e-07
0.0611227      	3.5678053e-07
0.0611502      	3.5687619e-07
0.0611776      	3.5697178e-07
0.0612051      	3.5706818e-07
0.0612326      	3.5716450e-07
0.06126        	3.5726164e-07
0.0612874      	3.5735868e-07
0.0613149      	3.5745653e-07
0.0613423      	3.5755429e-07
0.0613697      	3.5765285e-07
0.0613971      	3.5775132e-07
0.0614245      	3.5785059e-07
0.0614519      	3.5794977e-07
0.0614792      	3.5804973e-07
0.0615066      	3.5814960e-07
0.0615339      	3.5825026e-07
0.0615613      	3.5835082e-07
0.0615886      	3.5845216e-07
0.0616159      	3.5855339e-07
0.0616433      	3.5865540e-07
0.0616706      	3.5875731e-07
0.0616979      	3.5885999e-07
0.0617251      	3.5896256e-07
0.0617524      	3.5906590e-07
0.0617797      	3.5916912e-07
0.0618069      	3.5927311e-07
0.0618342      	3.5937697e-07
0.0618614      	3.5948161e-07
0.0618887      	3.5958611e-07
0.0619159      	3.5969138e-07
0.0619431      	3.5979652e-07
0.0619703      	3.5990241e-07
0.0619975      	3.6000817e-07
0.0620247      	3.6011468e-07
0.0620519      	3.6022105e-07
0.062079       	3.6032817e-07
0.0621062      	3.6043516e-07
0.0621333      	3.6054288e-07
0.0621605      	3.6065045e-07
0.0621876      	3.6075877e-07
0.0622147      	3.6086693e-07
0.0622419      	3.6097583e-07
0.062269       	3.6108458e-07
0.0622961      	3.6119405e-07
0.0623231      	3.6130338e-07
0.0623502      	3.6141342e-07
0.0623773      	3.6152331e-07
0.0624043      	3.6163391e-07
0.0624314      	3.6174435e-07
0.0624584      	3.6185551e-07
0.0624855      	3.6196650e-07
0.0625125      	3.6207820e-07
0.0625395      	3.6218974e-07
0.0625665      	3.6230197e-07
0.0625935      	3.6241404e-07
0.0626205      	3.6252680e-07
0.0626475      	3.6263939e-07
0.0626744      	3.6275267e-07
0.0627014      	3.6286577e-07
0.0627284      	3.6297956e-07
0.0627553      	3.6309317e-07
0.0627822      	3.6320746e-07
0.0628092      	3.6332157e-07
0.0628361      	3.6343636e-07
0.062863       	3.6355096e-07
0.0628899      	3.6366623e-07
0.0629168      	3.6378131e-07
0.0629437      	3.6389706e-07
0.0629705      	3.6401261e-07
0.0629974      	3.6412883e-07
0.0630243      	3.6424420e-07
0.0630511      	3.6436016e-07
0.0630779      	3.6447592e-07
0.0631048      	3.6459234e-07
0.0631316      	3.6470855e-07
0.0631584      	3.6482541e-07
0.0631852      	3.6494206e-07
0.063212       	3.6505936e-07
0.0632388      	3.6517645e-07
0.0632656      	3.6529418e-07
0.0632923      	3.6541169e-07
0.0633191      	3.6552984e-07
0.0633458      	3.6564776e-07
0.0633726      	3.6576633e-07
0.0633993      	3.6588466e-07
0.063426       	3.6600363e-07
0.0634528      	3.6612237e-07
0.0634795      	3.6624173e-07
0.0635062      	3.6636085e-07
0.0635329      	3.6648059e-07
0.0635595      	3.6660010e-07
0.0635862      	3.6672022e-07
0.0636129      	3.6684011e-07
0.0636395      	3.6696060e-07
0.0636662      	3.6708085e-07
0.0636928      	3.6720171e-07
0.0637195      	3.6732232e-07
0.0637461      	3.6744353e-07
0.0637727      	3.6756449e-07
0.0637993      	3.6768605e-07
0.0638259      	3.6780736e-07
0.0638525      	3.6792926e-07
0.0638791      	3.6805090e-07
0.0639056      	3.6817313e-07
0.0639322      	3.6829510e-07
0.0639587      	3.6841766e-07
0.0639853      	3.6853995e-07
0.0640118      	3.6866314e-07
0.0640384      	3.6878645e-07
0.0640649      	3.6891034e-07
0.0640914      	3.6903395e-07
0.0641179      	3.6915814e-07
0.0641444      	3.6928205e-07
0.0641709      	3.6940654e-07
0.0641974      	3.6953074e-07
0.0642238      	3.6965551e-07
0.0642503      	3.6978000e-07
0.0642767      	3.6990504e-07
0.0643032      	3.7002981e-07
0.0643296      	3.7015513e-07
0.0643561      	3.7028016e-07
0.0643825      	3.7040575e-07
0.0644089      	3.7053105e-07
0.0644353      	3.7065689e-07
0.0644617      	3.7078244e-07
0.0644881      	3.7090853e-07
0.0645144      	3.7103433e-07
0.0645408      	3.7116067e-07
0.0645672      	3.7128671e-07
0.0645935      	3.7141327e-07
0.0646199      	3.7153954e-07
0.0646462      	3.7166633e-07
0.0646725      	3.7179283e-07
0.0646989      	3.7191985e-07
0.0647252      	3.7204656e-07
0.0647515      	3.7217379e-07
0.0647778      	3.7230072e-07
0.0648041      	3.7242816e-07
0.0648303      	3.7255529e-07
0.0648566      	3.7268294e-07
0.0648829      	3.7281027e-07
0.0649091      	3.7293811e-07
0.0649354      	3.7306563e-07
0.0649616      	3.7319366e-07
0.0649878      	3.7332137e-07
0.0650141      	3.7344958e-07
0.0650403      	3.7357746e-07
0.0650665      	3.7370585e-07
0.0650927      	3.7383390e-07
0.0651189      	3.7396245e-07
0.065145       	3.7409067e-07
0.0651712      	3.7421938e-07
0.0651974      	3.7434776e-07
0.0652235      	3.7447662e-07
0.0652497      	3.7460515e-07
0.0652758      	3.7473417e-07
0.065302       	3.7486285e-07
0.0653281      	3.7499200e-07
0.0653542      	3.7512082e-07
0.0653803      	3.7525011e-07
0.0654064      	3.7537906e-07
0.0654325      	3.7550849e-07
0.0654586      	3.7563756e-07
0.0654847      	3.7576711e-07
0.0655107      	3.7589630e-07
0.0655368      	3.7602597e-07
0.0655628      	3.7615528e-07
0.0655889      	3.7628505e-07
0.0656149      	3.7641447e-07
0.0656409      	3.7654435e-07
0.065667       	3.7667387e-07
0.065693       	3.7680385e-07
0.065719       	3.7693347e-07
0.065745       	3.7706354e-07
0.065771       	3.7719325e-07
0.0657969      	3.7732341e-07
0.0658229      	3.7745320e-07
0.0658489      	3.7758344e-07
0.0658748      	3.7771331e-07
0.0659008      	3.7784363e-07
0.0659267      	3.7797358e-07
0.0659527      	3.7810397e-07
0.0659786      	3.7823398e-07
0.0660045      	3.7836443e-07
0.0660304      	3.7849451e-07
0.0660563      	3.7862503e-07
0.0660822      	3.7875516e-07
0.0661081      	3.7888573e-07
0.066134       	3.7901591e-07
0.0661598      	3.7914653e-07
0.0661857      	3.7927676e-07
0.0662115      	3.7940742e-07
0.0662374      	3.7953769e-07
0.0662632      	3.7966839e-07
0.0662891      	3.7979870e-07
0.0663149      	3.7992943e-07
0.0663407      	3.8005977e-07
0.0663665      	3.8019052e-07
0.0663923      	3.8032088e-07
0.0664181      	3.8045166e-07
0.0664439      	3.8058204e-07
0.0664696      	3.8071284e-07
0.0664954      	3.8084323e-07
0.0665212      	3.8097404e-07
0.0665469      	3.8110445e-07
0.0665727      	3.8123526e-07
0.0665984      	3.8136567e-07
0.0666241      	3.8149649e-07
0.0666499      	3.8162690e-07
0.0666756      	3.8175772e-07
0.0667013      	3.8188813e-07
0.066727       	3.8201893e-07
0.0667527      	3.8214933e-07
0.0667784      	3.8228013e-07
0.066804       	3.8241052e-07
0.0668297      	3.8254130e-07
0.0668554      	3.8267166e-07
0.066881       	3.8280242e-07
0.0669067      	3.8293277e-07
0.0669323      	3.8306350e-07
0.0669579      	3.8319382e-07
0.0669835      	3.8332453e-07
0.0670092      	3.8345457e-07
0.0670348      	3.8358456e-07
0.0670604      	3.8371413e-07
0.0670859      	3.8384409e-07
0.0671115      	3.8397362e-07
0.0671371      	3.8410353e-07
0.0671627      	3.8423302e-07
0.0671882      	3.8436288e-07
0.0672138      	3.8449232e-07
0.0672393      	3.8462213e-07
0.0672649      	3.8475152e-07
0.0672904      	3.8488127e-07
0.0673159      	3.8501060e-07
0.0673414      	3.8514029e-07
0.067367       	3.8526956e-07
0.0673925      	3.8539919e-07
0.067418       	3.8552840e-07
0.0674434      	3.8565796e-07
0.0674689      	3.8578710e-07
0.0674944      	3.8591659e-07
0.0675199      	3.8604565e-07
0.0675453      	3.8617507e-07
0.0675708      	3.8630406e-07
0.0675962      	3.8643340e-07
0.0676216      	3.8656231e-07
0.0676471      	3.8669157e-07
0.0676725      	3.8682040e-07
0.0676979      	3.8694957e-07
0.0677233      	3.8707831e-07
0.0677487      	3.8720740e-07
0.0677741      	3.8733605e-07
0.0677995      	3.8746504e-07
0.0678248      	3.8759360e-07
0.0678502      	3.8772249e-07
0.0678756      	3.8785095e-07
0.0679009      	3.8797975e-07
0.0679263      	3.8810811e-07
0.0679516      	3.8823681e-07
0.0679769      	3.8836506e-07
0.0680023      	3.8849371e-07
0.0680276      	3.8862253e-07
0.0680529      	3.8875169e-07
0.0680782      	3.8888040e-07
0.0681035      	3.8900944e-07
0.0681288      	3.8913804e-07
0.068154       	3.8926697e-07
0.0681793      	3.8939545e-07
0.0682046      	3.8952427e-07
0.0682298      	3.8965263e-07
0.0682551      	3.8978132e-07
0.0682803      	3.8990957e-07
0.0683056      	3.9003813e-07
0.0683308      	3.9016625e-07
0.068356       	3.9029470e-07
0.0683812      	3.9042269e-07
0.0684064      	3.9055100e-07
0.0684316      	3.9067887e-07
0.0684568      	3.9080705e-07
0.068482       	3.9093479e-07
0.0685072      	3.9106284e-07
0.0685324      	3.9119045e-07
0.0685575      	3.9131837e-07
0.0685827      	3.9144583e-07
0.0686078      	3.9157361e-07
0.068633       	3.9170093e-07
0.0686581      	3.9182857e-07
0.0686832      	3.9195575e-07
0.0687083      	3.9208325e-07
0.0687335      	3.9221029e-07
0.0687586      	3.9233764e-07
0.0687837      	3.9246453e-07
0.0688088      	3.9259174e-07
0.0688338      	3.9271849e-07
0.0688589      	3.9284554e-07
0.068884       	3.9297214e-07
0.068909       	3.9309904e-07
0.0689341      	3.9322549e-07
0.0689591      	3.9335224e-07
0.0689842      	3.9347853e-07
0.0690092      	3.9360513e-07
0.0690343      	3.9373126e-07
0.0690593      	3.9385770e-07
0.0690843      	3.9398368e-07
0.0691093      	3.9410996e-07
0.0691343      	3.9423577e-07
0.0691593      	3.9436189e-07
0.0691843      	3.9448754e-07
0.0692092      	3.9461350e-07
0.0692342      	3.9473899e-07
0.0692592      	3.9486478e-07
0.0692841      	3.9499010e-07
0.0693091      	3.9511572e-07
0.069334       	3.9524088e-07
0.069359       	3.9536633e-07
0.0693839      	3.9549132e-07
0.0694088      	3.9561660e-07
0.0694337      	3.9574142e-07
0.0694586      	3.9586653e-07
0.0694835      	3.9599118e-07
0.0695084      	3.9611612e-07
0.0695333      	3.9624058e-07
0.0695582      	3.9636534e-07
0.0695831      	3.9648963e-07
0.0696079      	3.9661422e-07
0.0696328      	3.9673833e-07
0.0696576      	3.9686274e-07
0.0696825      	3.9698667e-07
0.0697073      	3.9711090e-07
0.0697321      	3.9723465e-07
0.069757       	3.9735870e-07
0.0697818      	3.9748227e-07
0.0698066      	3.9760613e-07
0.0698314      	3.9772953e-07
0.0698562      	3.9785320e-07
0.069881       	3.9797641e-07
0.0699058      	3.9809990e-07
0.0699305      	3.9822293e-07
0.0699553      	3.9834624e-07
0.0699801      	3.9846907e-07
0.0700048      	3.9859219e-07
0.0700296      	3.9871484e-07
0.0700543      	3.9883778e-07
0.070079       	3.9896024e-07
0.0701038      	3.9908298e-07
0.0701285      	3.9920525e-07
0.0701532      	3.9932780e-07
0.0701779      	3.9944988e-07
0.0702026      	3.9957224e-07
0.0702273      	3.9969413e-07
0.070252       	3.9981630e-07
0.0702767      	3.9993800e-07
0.0703013      	4.0005997e-07
0.070326       	4.0018147e-07
0.0703507      	4.0030325e-07
0.0703753      	4.0042456e-07
0.0704         	4.0054614e-07
0.0704246      	4.0066726e-07
0.0704492      	4.0078864e-07
0.0704739      	4.0090956e-07
0.0704985      	4.0103075e-07
0.0705231      	4.0115147e-07
0.0705477      	4.0127246e-07
0.0705723      	4.0139298e-07
0.0705969      	4.0151378e-07
0.0706215      	4.0163410e-07
0.070646       	4.0175470e-07
0.0706706      	4.0187483e-07
0.0706952      	4.0199522e-07
0.0707197      	4.0211515e-07
0.0707443      	4.0223535e-07
0.0707688      	4.0235508e-07
0.0707934      	4.0247508e-07
0.0708179      	4.0259460e-07
0.0708424      	4.0271440e-07
0.0708669      	4.0283373e-07
0.0708914      	4.0295332e-07
0.0709159      	4.0307245e-07
0.0709404      	4.0319184e-07
0.0709649      	4.0331076e-07
0.0709894      	4.0342995e-07
0.0710139      	4.0354830e-07
0.0710384      	4.0366663e-07
0.0710628      	4.0378450e-07
0.0710873      	4.0390263e-07
0.0711117      	4.0402030e-07
0.0711362      	4.0413823e-07
0.0711606      	4.0425570e-07
0.0711851      	4.0437342e-07
0.0712095      	4.0449068e-07
0.0712339      	4.0460820e-07
0.0712583      	4.0472526e-07
0.0712827      	4.0484257e-07
0.0713071      	4.0495942e-07
0.0713315      	4.0507653e-07
0.0713559      	4.0519318e-07
0.0713803      	4.0531009e-07
0.0714046      	4.0542653e-07
0.071429       	4.0554323e-07
0.0714534      	4.0565946e-07
0.0714777      	4.0577596e-07
0.0715021      	4.0589198e-07
0.0715264      	4.0600827e-07
0.0715507      	4.0612409e-07
0.0715751      	4.0624018e-07
0.0715994      	4.0635579e-07
0.0716237      	4.0647167e-07
0.071648       	4.0658708e-07
0.0716723      	4.0670274e-07
0.0716966      	4.0681795e-07
0.0717209      	4.0693341e-07
0.0717452      	4.0704841e-07
0.0717694      	4.0716367e-07
0.0717937      	4.0727846e-07
0.071818       	4.0739351e-07
0.0718422      	4.0750809e-07
0.0718665      	4.0762294e-07
0.0718907      	4.0773732e-07
0.0719149      	4.0785196e-07
0.0719392      	4.0796614e-07
0.0719634      	4.0808057e-07
0.0719876      	4.0819454e-07
0.0720118      	4.0830908e-07
0.072036       	4.0842350e-07
0.0720602      	4.0853816e-07
0.0720844      	4.0865237e-07
0.0721086      	4.0876683e-07
0.0721328      	4.0888083e-07
0.072157       	4.0899508e-07
0.0721811      	4.0910887e-07
0.0722053      	4.0922292e-07
0.0722294      	4.0933651e-07
0.0722536      	4.0945036e-07
0.0722777      	4.0956374e-07
0.0723019      	4.0967738e-07
0.072326       	4.0979057e-07
0.0723501      	4.0990400e-07
0.0723742      	4.1001698e-07
0.0723983      	4.1013022e-07
0.0724224      	4.1024300e-07
0.0724465      	4.1035603e-07
0.0724706      	4.1046861e-07
0.0724947      	4.1058144e-07
0.0725188      	4.1069382e-07
0.0725428      	4.1080645e-07
0.0725669      	4.1091862e-07
0.072591       	4.1103105e-07
0.072615       	4.1114302e-07
0.0726391      	4.1125525e-07
0.0726631      	4.1136703e-07
0.0726871      	4.1147906e-07
0.0727112      	4.1159063e-07
0.0727352      	4.1170246e-07
0.0727592      	4.1181384e-07
0.0727832      	4.1192547e-07
0.0728072      	4.1203665e-07
0.0728312      	4.1214808e-07
0.0728552      	4.1225906e-07
0.0728792      	4.1237030e-07
0.0729031      	4.1248108e-07
0.0729271      	4.1259212e-07
0.0729511      	4.1270271e-07
0.072975       	4.1281355e-07
0.072999       	4.1292394e-07
0.0730229      	4.1303459e-07
0.0730469      	4.1314479e-07
0.0730708      	4.1325524e-07
0.0730947      	4.1336524e-07
0.0731186      	4.1347550e-07
0.0731425      	4.1358531e-07
0.0731665      	4.1369537e-07
0.0731904      	4.1380499e-07
0.0732143      	4.1391486e-07
0.0732381      	4.1402428e-07
0.073262       	4.1413396e-07
0.0732859      	4.1424319e-07
0.0733098      	4.1435268e-07
0.0733336      	4.1446172e-07
0.0733575      	4.1457101e-07
0.0733813      	4.1467986e-07
0.0734052      	4.1478897e-07
0.073429       	4.1489763e-07
0.0734529      	4.1500654e-07
0.0734767      	4.1511501e-07
0.0735005      	4.1522374e-07
0.0735243      	4.1533202e-07
0.0735481      	4.1544056e-07
0.0735719      	4.1554865e-07
0.0735957      	4.1565700e-07
0.0736195      	4.1576491e-07
0.0736433      	4.1587307e-07
0.0736671      	4.1598080e-07
0.0736909      	4.1608878e-07
0.0737146      	4.1619631e-07
0.0737384      	4.1630411e-07
0.0737621      	4.1641146e-07
0.0737859      	4.1651907e-07
0.0738096      	4.1662624e-07
0.0738334      	4.1673366e-07
0.0738571      	4.1684065e-07
0.0738808      	4.1694790e-07
0.0739045      	4.1705470e-07
0.0739283      	4.1716176e-07
0.073952       	4.1726839e-07
0.0739757      	4.1737527e-07
0.0739993      	4.1748172e-07
0.074023       	4.1758842e-07
0.0740467      	4.1769469e-07
0.0740704      	4.1780121e-07
0.0740941      	4.1790730e-07
0.0741177      	4.1801364e-07
0.0741414      	4.1811956e-07
0.074165       	4.1822572e-07
0.0741887      	4.1833146e-07
0.0742123      	4.1843745e-07
0.074236       	4.1854301e-07
0.0742596      	4.1864883e-07
0.0742832      	4.1875421e-07
0.0743068      	4.1885986e-07
0.0743304      	4.1896507e-07
0.074354       	4.1907054e-07
0.0743776      	4.1917558e-07
0.0744012      	4.1928088e-07
0.0744248      	4.1938575e-07
0.0744484      	4.1949088e-07
0.074472       	4.1959557e-07
0.0744955      	4.1970053e-07
0.0745191      	4.1980506e-07
0.0745426      	4.1990984e-07
0.0745662      	4.2001420e-07
0.0745897      	4.2011882e-07
0.0746133      	4.2022300e-07
0.0746368      	4.2032745e-07
0.0746603      	4.2043147e-07
0.0746839      	4.2053576e-07
0.0747074      	4.2063961e-07
0.0747309      	4.2074373e-07
0.0747544      	4.2084743e-07
0.0747779      	4.2095138e-07
0.0748014      	4.2105491e-07
0.0748249      	4.2115870e-07
0.0748483      	4.2126207e-07
0.0748718      	4.2136569e-07
0.0748953      	4.2146890e-07
0.0749187      	4.2157237e-07
0.0749422      	4.2167541e-07
0.0749656      	4.2177872e-07
0.0749891      	4.2188160e-07
0.0750125      	4.2198442e-07
0.075036       	4.2208652e-07
0.0750594      	4.2218888e-07
0.0750828      	4.2229083e-07
0.0751062      	4.2239304e-07
0.0751296      	4.2249483e-07
0.075153       	4.2259688e-07
0.0751764      	4.2269852e-07
0.0751998      	4.2280041e-07
0.0752232      	4.2290190e-07
0.0752466      	4.2300364e-07
0.07527        	4.2310497e-07
0.0752933      	4.2320655e-07
0.0753167      	4.2330773e-07
0.0753401      	4.2340916e-07
0.0753634      	4.2351019e-07
0.0753868      	4.2361147e-07
0.0754101      	4.2371234e-07
0.0754334      	4.2381348e-07
0.0754568      	4.2391420e-07
0.0754801      	4.2401518e-07
0.0755034      	4.2411575e-07
0.0755267      	4.2421659e-07
0.07555        	4.2431700e-07
0.0755733      	4.2441771e-07
0.0755966      	4.2451797e-07
0.0756199      	4.2461853e-07
0.0756432      	4.2471864e-07
0.0756665      	4.2481905e-07
0.0756897      	4.2491902e-07
0.075713       	4.2501929e-07
0.0757363      	4.2511911e-07
0.0757595      	4.2521924e-07
0.0757828      	4.2531892e-07
0.075806       	4.2541891e-07
0.0758293      	4.2551845e-07
0.0758525      	4.2561829e-07
0.0758757      	4.2571769e-07
0.0758989      	4.2581740e-07
0.0759221      	4.2591666e-07
0.0759454      	4.2601623e-07
0.0759686      	4.2611535e-07
0.0759918      	4.2621478e-07
0.076015       	4.2631416e-07
0.0760381      	4.2641407e-07
0.0760613      	4.2651354e-07
0.0760845      	4.2661331e-07
0.0761077      	4.2671264e-07
0.0761308      	4.2681228e-07
0.076154       	4.2691148e-07
0.0761771      	4.2701099e-07
0.0762003      	4.2711005e-07
0.0762234      	4.2720942e-07
0.0762466      	4.2730835e-07
0.0762697      	4.2740760e-07
0.0762928      	4.2750640e-07
0.0763159      	4.2760551e-07
0.0763391      	4.2770418e-07
0.0763622      	4.2780317e-07
0.0763853      	4.2790171e-07
0.0764084      	4.2800057e-07
0.0764315      	4.2809899e-07
0.0764545      	4.2819772e-07
0.0764776      	4.2829601e-07
0.0765007      	4.2839462e-07
0.0765238      	4.2849278e-07
0.0765468      	4.2859127e-07
0.0765699      	4.2868931e-07
0.0765929      	4.2878768e-07
0.076616       	4.2888559e-07
0.076639       	4.2898384e-07
0.0766621      	4.2908163e-07
0.0766851      	4.2917976e-07
0.0767081      	4.2927743e-07
0.0767311      	4.2937544e-07
0.0767542      	4.2947299e-07
0.0767772      	4.2957088e-07
0.0768002      	4.2966832e-07
0.0768232      	4.2976608e-07
0.0768462      	4.2986340e-07
0.0768691      	4.2996106e-07
0.0768921      	4.3005826e-07
0.0769151      	4.3015580e-07
0.0769381      	4.3025289e-07
0.076961       	4.3035031e-07
0.076984       	4.3044729e-07
0.0770069      	4.3054460e-07
0.0770299      	4.3064147e-07
0.0770528      	4.3073867e-07
0.0770758      	4.3083542e-07
0.0770987      	4.3093251e-07
0.0771216      	4.3102916e-07
0.0771445      	4.3112614e-07
0.0771675      	4.3122267e-07
0.0771904      	4.3131955e-07
0.0772133      	4.3141597e-07
0.0772362      	4.3151274e-07
0.0772591      	4.3160906e-07
0.077282       	4.3170572e-07
0.0773048      	4.3180194e-07
0.0773277      	4.3189849e-07
0.0773506      	4.3199460e-07
0.0773734      	4.3209105e-07
0.0773963      	4.3218706e-07
0.0774192      	4.3228341e-07
0.077442       	4.3237931e-07
0.0774649      	4.3247556e-07
0.0774877      	4.3257136e-07
0.0775105      	4.3266750e-07
0.0775334      	4.3276321e-07
0.0775562      	4.3285925e-07
0.077579       	4.3295486e-07
0.0776018      	4.3305080e-07
0.0776246      	4.3314631e-07
0.0776474      	4.3324215e-07
0.0776702      	4.3333756e-07
0.077693       	4.3343331e-07
0.0777158      	4.3352863e-07
0.0777386      	4.3362428e-07
0.0777613      	4.3371950e-07
0.0777841      	4.3381506e-07
0.0778069      	4.3391018e-07
0.0778296      	4.3400565e-07
0.0778524      	4.3410068e-07
0.0778751      	4.3419605e-07
0.0778979      	4.3429099e-07
0.0779206      	4.3438627e-07
0.0779433      	4.3448112e-07
0.0779661      	4.3457631e-07
0.0779888      	4.3467107e-07
0.0780115      	4.3476617e-07
0.0780342      	4.3486084e-07
0.0780569      	4.3495585e-07
0.0780796      	4.3505043e-07
0.0781023      	4.3514536e-07
0.078125       	4.3523985e-07
0.0781477      	4.3533469e-07
0.0781704      	4.3542910e-07
0.078193       	4.3552385e-07
0.0782157      	4.3561817e-07
0.0782384      	4.3571284e-07
0.078261       	4.3580708e-07
0.0782837      	4.3590166e-07
0.0783063      	4.3599582e-07
0.078329       	4.3609032e-07
0.0783516      	4.3618440e-07
0.0783742      	4.3627882e-07
0.0783969      	4.3637281e-07
0.0784195      	4.3646715e-07
0.0784421      	4.3656107e-07
0.0784647      	4.3665533e-07
0.0784873      	4.3674916e-07
0.0785099      	4.3684334e-07
0.0785325      	4.3693710e-07
0.0785551      	4.3703120e-07
0.0785777      	4.3712488e-07
0.0786003      	4.3721891e-07
0.0786228      	4.3731251e-07
0.0786454      	4.3740646e-07
0.078668       	4.3749999e-07
0.0786905      	4.3759386e-07
0.0787131      	4.3768732e-07
0.0787356      	4.3778112e-07
0.0787582      	4.3787450e-07
0.0787807      	4.3796823e-07
0.0788032      	4.3806153e-07
0.0788258      	4.3815519e-07
0.0788483      	4.3824842e-07
0.0788708      	4.3834201e-07
0.0788933      	4.3843517e-07
0.0789158      	4.3852869e-07
0.0789383      	4.3862179e-07
0.0789608      	4.3871523e-07
0.0789833      	4.3880826e-07
0.0790058      	4.3890148e-07
0.0790283      	4.3899384e-07
0.0790508      	4.3908656e-07
0.0790732      	4.3917885e-07
0.0790957      	4.3927150e-07
0.0791182      	4.3936373e-07
0.0791406      	4.3945631e-07
0.0791631      	4.3954847e-07
0.0791855      	4.3964099e-07
0.0792079      	4.3973309e-07
0.0792304      	4.3982554e-07
0.0792528      	4.3991758e-07
0.0792752      	4.4000996e-07
0.0792977      	4.4010194e-07
0.0793201      	4.4019426e-07
0.0793425      	4.4028617e-07
0.0793649      	4.4037844e-07
0.0793873      	4.4047029e-07
0.0794097      	4.4056249e-07
0.0794321      	4.4065428e-07
0.0794544      	4.4074642e-07
0.0794768      	4.4083815e-07
0.0794992      	4.4093024e-07
0.0795216      	4.4102191e-07
0.0795439      	4.4111393e-07
0.0795663      	4.4120555e-07
0.0795886      	4.4129752e-07
0.079611       	4.4138907e-07
0.0796333      	4.4148098e-07
0.0796557      	4.4157248e-07
0.079678       	4.4166434e-07
0.0797003      	4.4175578e-07
0.0797227      	4.4184758e-07
0.079745       	4.4193897e-07
0.0797673      	4.4203071e-07
0.0797896      	4.4212205e-07
0.0798119      	4.4221374e-07
0.0798342      	4.4230502e-07
0.0798565      	4.4239666e-07
0.0798788      	4.4248789e-07
0.0799011      	4.4257947e-07
0.0799233      	4.4267065e-07
0.0799456      	4.4276219e-07
0.0799679      	4.4285332e-07
0.0799901      	4.4294480e-07
0.0800124      	4.4299687e-07
0.0800347      	4.4301829e-07
0.0800569      	4.4303938e-07
0.0800792      	4.4306086e-07
0.0801014      	4.4308198e-07
0.0801236      	4.4310346e-07
0.0801459      	4.4312456e-07
0.0801681      	4.4314600e-07
0.0801904      	4.4316705e-07
0.0802126      	4.4318841e-07
0.0802348      	4.4320939e-07
0.0802571      	4.4323066e-07
0.0802793      	4.4325155e-07
0.0803015      	4.4327271e-07
0.0803237      	4.4329349e-07
0.0803459      	4.4331454e-07
0.0803681      	4.4333520e-07
0.0803904      	4.4335612e-07
0.0804126      	4.4337666e-07
0.0804348      	4.4339746e-07
0.080457       	4.4341787e-07
0.0804792      	4.4343853e-07
0.0805014      	4.4345881e-07
0.0805236      	4.4347933e-07
0.0805458      	4.4349948e-07
0.080568       	4.4351987e-07
0.0805901      	4.4353988e-07
0.0806123      	4.4356012e-07
0.0806345      	4.4357999e-07
0.0806567      	4.4360009e-07
0.0806789      	4.4361982e-07
0.080701       	4.4363978e-07
0.0807232      	4.4365937e-07
0.0807454      	4.4367919e-07
0.0807675      	4.4369864e-07
0.0807897      	4.4371831e-07
0.0808119      	4.4373762e-07
0.080834       	4.4375715e-07
0.0808562      	4.4377632e-07
0.0808783      	4.4379572e-07
0.0809005      	4.4381475e-07
0.0809226      	4.4383400e-07
0.0809448      	4.4385289e-07
0.0809669      	4.4387201e-07
0.0809891      	4.4389077e-07
0.0810112      	4.4390945e-07
0.0810333      	4.4392748e-07
0.0810555      	4.4394574e-07
0.0810776      	4.4396363e-07
0.0810997      	4.4398176e-07
0.0811218      	4.4399952e-07
0.0811439      	4.4401752e-07
0.0811661      	4.4403515e-07
0.0811882      	4.4405302e-07
0.0812103      	4.4407052e-07
0.0812324      	4.4408826e-07
0.0812545      	4.4410564e-07
0.0812766      	4.4412326e-07
0.0812987      	4.4414052e-07
0.0813208      	4.4415801e-07
0.0813429      	4.4417514e-07
0.081365       	4.4419252e-07
0.0813871      	4.4420954e-07
0.0814092      	4.4422679e-07
0.0814313      	4.4424369e-07
0.0814534      	4.4426083e-07
0.0814754      	4.4427763e-07
0.0814975      	4.4429465e-07
0.0815196      	4.4431133e-07
0.0815417      	4.4432825e-07
0.0815637      	4.4434482e-07
0.0815858      	4.4436163e-07
0.0816079      	4.4437810e-07
0.0816299      	4.4439481e-07
0.081652       	4.4441117e-07
0.081674       	4.4442777e-07
0.0816961      	4.4444404e-07
0.0817182      	4.4446055e-07
0.0817402      	4.4447671e-07
0.0817623      	4.4449312e-07
0.0817843      	4.4450920e-07
0.0818063      	4.4452552e-07
0.0818284      	4.4454151e-07
0.0818504      	4.4455774e-07
0.0818724      	4.4457364e-07
0.0818945      	4.4458978e-07
0.0819165      	4.4460560e-07
0.0819385      	4.4462166e-07
0.0819606      	4.4463739e-07
0.0819826      	4.4465338e-07
0.0820046      	4.4466904e-07
0.0820266      	4.4468494e-07
0.0820486      	4.4470053e-07
0.0820706      	4.4471636e-07
0.0820926      	4.4473188e-07
0.0821146      	4.4474764e-07
0.0821366      	4.4476309e-07
0.0821586      	4.4477880e-07
0.0821806      	4.4479418e-07
0.0822026      	4.4480982e-07
0.0822246      	4.4482515e-07
0.0822466      	4.4484073e-07
0.0822686      	4.4485600e-07
0.0822906      	4.4487153e-07
0.0823126      	4.4488675e-07
0.0823346      	4.4490223e-07
0.0823565      	4.4491740e-07
0.0823785      	4.4493283e-07
0.0824005      	4.4494795e-07
0.0824224      	4.4496334e-07
0.0824444      	4.4497843e-07
0.0824664      	4.4499378e-07
0.0824883      	4.4500882e-07
0.0825103      	4.4502414e-07
0.0825323      	4.4503915e-07
0.0825542      	4.4505443e-07
0.0825762      	4.4506940e-07
0.0825981      	4.4508466e-07
0.08262        	4.4509961e-07
0.082642       	4.4511483e-07
0.0826639      	4.4512976e-07
0.0826859      	4.4514497e-07
0.0827078      	4.4515988e-07
0.0827297      	4.4517506e-07
0.0827517      	4.4518996e-07
0.0827736      	4.4520513e-07
0.0827955      	4.4522002e-07
0.0828174      	4.4523518e-07
0.0828394      	4.4525005e-07
0.0828613      	4.4526521e-07
0.0828832      	4.4528008e-07
0.0829051      	4.4529523e-07
0.082927       	4.4531010e-07
0.0829489      	4.4532525e-07
0.0829708      	4.4534012e-07
0.0829927      	4.4535528e-07
0.0830146      	4.4537016e-07
0.0830365      	4.4538532e-07
0.0830584      	4.4540021e-07
0.0830803      	4.4541539e-07
0.0831022      	4.4543029e-07
0.0831241      	4.4544548e-07
0.083146       	4.4546040e-07
0.0831679      	4.4547562e-07
0.0831897      	4.4549056e-07
0.0832116      	4.4550579e-07
0.0832335      	4.4552076e-07
0.0832554      	4.4553602e-07
0.0832772      	4.4555102e-07
0.0832991      	4.4556631e-07
0.0833209      	4.4558134e-07
0.0833428      	4.4559667e-07
0.0833647      	4.4561173e-07
0.0833865      	4.4562709e-07
0.0834084      	4.4564219e-07
0.0834302      	4.4565760e-07
0.0834521      	4.4567275e-07
0.0834739      	4.4568820e-07
0.0834958      	4.4570339e-07
0.0835176      	4.4571889e-07
0.0835394      	4.4573413e-07
0.0835613      	4.4574968e-07
0.0835831      	4.4576497e-07
0.0836049      	4.4578058e-07
0.0836268      	4.4579593e-07
0.0836486      	4.4581159e-07
0.0836704      	4.4582701e-07
0.0836922      	4.4584273e-07
0.0837141      	4.4585821e-07
0.0837359      	4.4587400e-07
0.0837577      	4.4588954e-07
0.0837795      	4.4590540e-07
0.0838013      	4.4592102e-07
0.0838231      	4.4593695e-07
0.0838449      	4.4595264e-07
0.0838667      	4.4596865e-07
0.0838885      	4.4598442e-07
0.0839103      	4.4600051e-07
0.0839321      	4.4601636e-07
0.0839539      	4.4603253e-07
0.0839757      	4.4604847e-07
0.0839975      	4.4606473e-07
0.0840192      	4.4608127e-07
0.084041       	4.4609819e-07
0.0840628      	4.4611489e-07
0.0840846      	4.4613191e-07
0.0841063      	4.4614870e-07
0.0841281      	4.4616582e-07
0.0841499      	4.4618271e-07
0.0841716      	4.4619992e-07
0.0841934      	4.4621691e-07
0.0842152      	4.4623423e-07
0.0842369      	4.4625133e-07
0.0842587      	4.4626876e-07
0.0842804      	4.4628596e-07
0.0843022      	4.4630350e-07
0.0843239      	4.4632082e-07
0.0843457      	4.4633847e-07
0.0843674      	4.4635590e-07
0.0843892      	4.4637367e-07
0.0844109      	4.4639122e-07
0.0844326      	4.4640911e-07
0.0844544      	4.4642678e-07
0.0844761      	4.4644479e-07
0.0844978      	4.4646258e-07
0.0845195      	4.4648072e-07
0.0845413      	4.4649864e-07
0.084563       	4.4651691e-07
0.0845847      	4.4653496e-07
0.0846064      	4.4655336e-07
0.0846281      	4.4657155e-07
0.0846498      	4.4659008e-07
0.0846715      	4.4660840e-07
0.0846932      	4.4662707e-07
0.0847149      	4.4664553e-07
0.0847366      	4.4666435e-07
0.0847583      	4.4668295e-07
0.08478        	4.4670191e-07
0.0848017      	4.4672066e-07
0.0848234      	4.4673976e-07
0.0848451      	4.4675866e-07
0.0848668      	4.4677791e-07
0.0848885      	4.4679696e-07
0.0849101      	4.4681636e-07
0.0849318      	4.4683557e-07
0.0849535      	4.4685512e-07
0.0849752      	4.4687448e-07
0.0849968      	4.4689419e-07
0.0850185      	4.4691322e-07
0.0850402      	4.4693251e-07
0.0850618      	4.4695162e-07
0.0850835      	4.4697107e-07
0.0851051      	4.4699034e-07
0.0851268      	4.4700996e-07
0.0851484      	4.4702940e-07
0.0851701      	4.4704919e-07
0.0851917      	4.4706879e-07
0.0852134      	4.4708875e-07
0.085235       	4.4710853e-07
0.0852567      	4.4712866e-07
0.0852783      	4.4714861e-07
0.0852999      	4.4716891e-07
0.0853216      	4.4718904e-07
0.0853432      	4.4720952e-07
0.0853648      	4.4722982e-07
0.0853864      	4.4725048e-07
0.0854081      	4.4727096e-07
0.0854297      	4.4729181e-07
0.0854513      	4.4731247e-07
0.0854729      	4.4733349e-07
0.0854945      	4.4735434e-07
0.0855161      	4.4737555e-07
0.0855378      	4.4739658e-07
0.0855594      	4.4741798e-07
0.085581       	4.4743920e-07
0.0856026      	4.4746079e-07
0.0856242      	4.4748220e-07
0.0856458      	4.4750398e-07
0.0856673      	4.4752559e-07
0.0856889      	4.4754757e-07
0.0857105      	4.4756937e-07
0.0857321      	4.4759154e-07
0.0857537      	4.4761354e-07
0.0857753      	4.4763591e-07
0.0857968      	4.4765811e-07
0.0858184      	4.4768069e-07
0.08584        	4.4770309e-07
0.0858616      	4.4772586e-07
0.0858831      	4.4774847e-07
0.0859047      	4.4777145e-07
0.0859263      	4.4779426e-07
0.0859478      	4.4781744e-07
0.0859694      	4.4784045e-07
0.0859909      	4.4786384e-07
0.0860125      	4.4788706e-07
0.086034       	4.4791066e-07
0.0860556      	4.4793409e-07
0.0860771      	4.4795790e-07
0.0860987      	4.4798155e-07
0.0861202      	4.4800557e-07
0.0861418      	4.4802943e-07
0.0861633      	4.4805367e-07
0.0861848      	4.4807774e-07
0.0862064      	4.4810220e-07
0.0862279      	4.4812649e-07
0.0862494      	4.4815117e-07
0.0862709      	4.4817568e-07
0.0862925      	4.4820057e-07
0.086314       	4.4822531e-07
0.0863355      	4.4825042e-07
0.086357       	4.4827538e-07
0.0863785      	4.4830071e-07
0.0864         	4.4832589e-07
0.0864215      	4.4835145e-07
0.086443       	4.4837686e-07
0.0864645      	4.4840264e-07
0.086486       	4.4842827e-07
0.0865075      	4.4845429e-07
0.086529       	4.4848014e-07
0.0865505      	4.4850638e-07
0.086572       	4.4853247e-07
0.0865935      	4.4855894e-07
0.086615       	4.4858526e-07
0.0866365      	4.4861196e-07
0.086658       	4.4863851e-07
0.0866794      	4.4866545e-07
0.0867009      	4.4869223e-07
0.0867224      	4.4871940e-07
0.0867438      	4.4874641e-07
0.0867653      	4.4877382e-07
0.0867868      	4.4880107e-07
0.0868082      	4.4882871e-07
0.0868297      	4.4885620e-07
0.0868512      	4.4888407e-07
0.0868726      	4.4891179e-07
0.0868941      	4.4893990e-07
0.0869155      	4.4896787e-07
0.086937       	4.4899622e-07
0.0869584      	4.4902442e-07
0.0869799      	4.4905301e-07
0.0870013      	4.4908145e-07
0.0870227      	4.4911028e-07
0.0870442      	4.4913896e-07
0.0870656      	4.4916803e-07
0.0870871      	4.4919695e-07
0.0871085      	4.4922627e-07
0.0871299      	4.4925543e-07
0.0871513      	4.4928499e-07
0.0871728      	4.4931440e-07
0.0871942      	4.4934419e-07
0.0872156      	4.4937385e-07
0.087237       	4.4940389e-07
0.0872584      	4.4943379e-07
0.0872798      	4.4946408e-07
0.0873012      	4.4949422e-07
0.0873226      	4.4952475e-07
0.087344       	4.4955515e-07
0.0873654      	4.4958593e-07
0.0873868      	4.4961656e-07
0.0874082      	4.4964759e-07
0.0874296      	4.4967848e-07
0.087451       	4.4970975e-07
0.0874724      	4.4974088e-07
0.0874938      	4.4977241e-07
0.0875152      	4.4980379e-07
0.0875366      	4.4983556e-07
0.087558       	4.4986719e-07
0.0875793      	4.4989921e-07
0.0876007      	4.4993110e-07
0.0876221      	4.4996337e-07
0.0876434      	4.4999550e-07
0.0876648      	4.5002803e-07
0.0876862      	4.5006041e-07
0.0877075      	4.5009318e-07
0.0877289      	4.5012582e-07
0.0877503      	4.5015884e-07
0.0877716      	4.5019173e-07
0.087793       	4.5022501e-07
0.0878143      	4.5025815e-07
0.0878357      	4.5029168e-07
0.087857       	4.5032507e-07
0.0878784      	4.5035885e-07
0.0878997      	4.5039250e-07
0.087921       	4.5042653e-07
0.0879424      	4.5046043e-07
0.0879637      	4.5049472e-07
0.087985       	4.5052886e-07
0.0880064      	4.5056358e-07
0.0880277      	4.5059855e-07
0.088049       	4.5063391e-07
0.0880703      	4.5066913e-07
0.0880917      	4.5070475e-07
0.088113       	4.5074023e-07
0.0881343      	4.5077610e-07
0.0881556      	4.5081183e-07
0.0881769      	4.5084795e-07
0.0881982      	4.5088393e-07
0.0882195      	4.5092031e-07
0.0882408      	4.5095655e-07
0.0882621      	4.5099317e-07
0.0882834      	4.5102967e-07
0.0883047      	4.5106655e-07
0.088326       	4.5110329e-07
0.0883473      	4.5114043e-07
0.0883686      	4.5117742e-07
0.0883899      	4.5121481e-07
0.0884112      	4.5125207e-07
0.0884325      	4.5128971e-07
0.0884537      	4.5132721e-07
0.088475       	4.5136511e-07
0.0884963      	4.5140287e-07
0.0885176      	4.5144101e-07
0.0885388      	4.5147903e-07
0.0885601      	4.5151743e-07
0.0885814      	4.5155570e-07
0.0886026      	4.5159435e-07
0.0886239      	4.5163287e-07
0.0886452      	4.5167178e-07
0.0886664      	4.5171055e-07
0.0886877      	4.5174971e-07
0.0887089      	4.5178873e-07
0.0887302      	4.5182814e-07
0.0887514      	4.5186741e-07
0.0887727      	4.5190708e-07
0.0887939      	4.5194660e-07
0.0888151      	4.5198652e-07
0.0888364      	4.5202630e-07
0.0888576      	4.5206646e-07
0.0888788      	4.5210649e-07
0.0889001      	4.5214690e-07
0.0889213      	4.5218718e-07
0.0889425      	4.5222785e-07
0.0889637      	4.5226838e-07
0.088985       	4.5230929e-07
0.0890062      	4.5234991e-07
0.0890274      	4.5239050e-07
0.0890486      	4.5243096e-07
0.0890698      	4.5247181e-07
0.089091       	4.5251252e-07
0.0891122      	4.5255361e-07
0.0891334      	4.5259457e-07
0.0891546      	4.5263591e-07
0.0891758      	4.5267712e-07
0.089197       	4.5271871e-07
0.0892182      	4.5276016e-07
0.0892394      	4.5280199e-07
0.0892606      	4.5284369e-07
0.0892818      	4.5288577e-07
0.089303       	4.5292771e-07
0.0893242      	4.5297003e-07
0.0893454      	4.5301222e-07
0.0893665      	4.5305478e-07
0.0893877      	4.5309721e-07
0.0894089      	4.5314002e-07
0.0894301      	4.5318269e-07
0.0894512      	4.5322574e-07
0.0894724      	4.5326866e-07
0.0894936      	4.5331195e-07
0.0895147      	4.5335510e-07
0.0895359      	4.5339863e-07
0.089557       	4.5344202e-07
0.0895782      	4.5348579e-07
0.0895994      	4.5352942e-07
0.0896205      	4.5357343e-07
0.0896417      	4.5361730e-07
0.0896628      	4.5366155e-07
0.0896839      	4.5370566e-07
0.0897051      	4.5375014e-07
0.0897262      	4.5379449e-07
0.0897474      	4.5383921e-07
0.0897685      	4.5388379e-07
0.0897896      	4.5392875e-07
0.0898108      	4.5397356e-07
0.0898319      	4.5401875e-07
0.089853       	4.5406381e-07
0.0898741      	4.5410923e-07
0.0898953      	4.5415451e-07
0.0899164      	4.5420017e-07
0.0899375      	4.5424569e-07
0.0899586      	4.5429158e-07
0.0899797      	4.5433732e-07
0.0900008      	4.5438344e-07
0.0900219      	4.5442942e-07
0.090043       	4.5447577e-07
0.0900641      	4.5452198e-07
0.0900852      	4.5456856e-07
0.0901063      	4.5461500e-07
0.0901274      	4.5466181e-07
0.0901485      	4.5470847e-07
0.0901696      	4.5475551e-07
0.0901907      	4.5480240e-07
0.0902118      	4.5484966e-07
0.0902329      	4.5489679e-07
0.090254       	4.5494428e-07
0.090275       	4.5499162e-07
0.0902961      	4.5503934e-07
0.0903172      	4.5508692e-07
0.0903383      	4.5513486e-07
0.0903593      	4.5518267e-07
0.0903804      	4.5523084e-07
0.0904012      	4.5527819e-07
0.0904196      	4.5532104e-07
0.0904359      	4.5535926e-07
0.0904501      	4.5539348e-07
0.0904624      	4.5542355e-07
0.0904729      	4.5545010e-07
0.0904818      	4.5547318e-07
0.0904893      	4.5549339e-07
0.0904956      	4.5551091e-07
0.0905008      	4.5552624e-07
0.090505       	4.5553959e-07
0.0905086      	4.5555135e-07
0.0905115      	4.5556171e-07
0.0905138      	4.5557097e-07
0.0905157      	4.5557929e-07
0.0905173      	4.5558690e-07
0.0905186      	4.5559393e-07
0.0905196      	4.5560056e-07
0.0905204      	4.5560691e-07
0.0905211      	4.5561315e-07
0.0905216      	4.5561940e-07
0.090522       	4.5562584e-07
0.0905224      	4.5563259e-07
0.0905227      	4.5563984e-07
0.0905229      	4.5564782e-07
0.0905231      	4.5565677e-07
0.0905232      	4.5566701e-07
0.0905233      	4.5567890e-07
0.0905234      	4.5569290e-07
0.0905235      	4.5570957e-07
0.0905236      	4.5572958e-07
0.0905236      	4.5575380e-07
0.0905237      	4.5578332e-07
0.0905237      	4.5581943e-07
0.0905237      	4.5586378e-07
0.0905237      	4.5591843e-07
0.0905238      	4.5598590e-07
0.0905238      	4.5606938e-07
0.0905238      	4.5617280e-07
0.0905238      	4.5630107e-07
0.0905238      	4.5646034e-07
0.0905238      	4.5665821e-07
0.0905238      	4.5690417e-07
0.0905238      	4.5721005e-07
0.0905238      	4.5759055e-07
0.0905238      	4.5806401e-07
0.0905238      	4.5865327e-07
0.0905238      	4.5938677e-07
0.0905238      	4.6029992e-07
0.0905238      	4.6143682e-07
0.0905238      	4.6285241e-07
0.0905238      	4.6461516e-07
0.0905238      	4.6681021e-07
0.0905238      	4.6954371e-07
0.0905238      	4.7294780e-07
0.0905238      	4.7718735e-07
0.0905238      	4.8246719e-07
0.0905238      	4.8904289e-07
0.0905238      	4.9723195e-07
0.0905238      	5.0743139e-07
0.0905238      	5.2013325e-07
0.0905238      	5.3595383e-07
0.0905238      	5.5565569e-07
0.0905238      	5.8019573e-07
0.0905238      	6.1075534e-07
0.0905238      	6.4882079e-07
0.0905238      	6.9622084e-07
0.0905238      	7.5526560e-07
0.0905238      	8.2878471e-07
0.0905238      	9.2037136e-07
0.0905238      	1.0344082e-06
0.0905238      	1.1764697e-06
0.0905238      	1.3533534e-06
0.0905238      	1.5737104e-06
0.0905238      	1.8480819e-06
0.0905238      	2.1898867e-06
0.0905238      	2.6154774e-06
0.0905238      	3.1456712e-06
0.0905238      	3.8058343e-06
0.0905238      	4.6282572e-06
0.0905238      	5.6522860e-06
0.0905238      	6.9280104e-06
0.0905238      	8.5164654e-06
0.0905238      	1.0495349e-05
0.0905238      	1.2959334e-05
0.0905238      	1.6028946e-05
0.0905238      	1.9851041e-05
0.0905238      	2.4612583e-05
0.0905238      	3.0541370e-05
0.0905238      	3.7927415e-05
0.0905238      	4.7124070e-05
0.0905238      	5.8581203e-05
0.0905238      	7.2846933e-05
0.0905238      	9.0619090e-05
0.0905238      	1.1274790e-04
0.0905238      	1.4031584e-04
0.0905238      	1.7464177e-04
0.0905238      	2.1740481e-04
0.0905238      	2.7065075e-04
0.0905238      	3.3698422e-04
0.0905238      	4.1957863e-04
0.0905238      	5.2247427e-04
0.0905238      	6.5059364e-04
0.0905238      	8.1020403e-04
0.0905238      	1.0089411e-03
0.0905238      	1.2565267e-03
0.0905238      	1.5648052e-03
0.0905238      	1.9488567e-03
0.0905238      	2.4270542e-03
0.0905238      	3.0227901e-03
0.0905238      	3.7645639e-03
0.0905238      	4.6886618e-03
0.0905238      	5.8392917e-03
0.0905238      	7.2727404e-03
0.0905238      	9.0575826e-03
0.0905238      	1.1281130e-02
0.0905238      	1.4049754e-02
0.0905238      	1.7498892e-02
0.0905238      	2.1793546e-02
0.0905238      	2.7143804e-02
0.0905238      	3.3805616e-02
0.0905238      	4.2104868e-02
0.0905238      	5.2438584e-02
0.0905238      	6.5312277e-02
0.0905238      	8.1341805e-02
0.0905238      	1.0131131e-01
0.0905238      	1.2617611e-01
0.0905238      	1.5715255e-01
0.0905238      	1.9572250e-01
0.0905238      	2.4377275e-01
0.0905238      	3.0360196e-01
0.0905238      	3.7813690e-01
0.0905238      	4.7094320e-01
0.0905238      	5.8656083e-01
0.0905238      	7.3052077e-01
0.0905238      	9.0986535e-01
0.0905238      	1.1331741e+00
0.0905238      	1.4113712e+00
0.0905238      	1.7577649e+00
0.0905238      	2.1893005e+00
0.0905238      	2.7266220e+00
0.0905238      	3.3960144e+00
0.0905238      	4.2295006e+00
0.0905238      	5.2678536e+00
0.0905238      	6.5607465e+00
0.0905238      	8.1714263e+00
0.0905238      	1.0176945e+01
0.0905238      	1.2675411e+01
0.0905238      	1.5786346e+01
0.0905238      	1.9661934e+01
0.0905238      	2.4487576e+01
0.0905238      	3.0499338e+01
0.0905238      	3.7984812e+01
0.0905238      	4.7310179e+01
0.0905238      	5.8921550e+01
0.0905238      	7.3386940e+01
0.0905238      	9.1398348e+01
0.0905238      	1.1383687e+02
0.0905238      	1.4177594e+02
0.0905238      	1.7658229e+02
0.0905238      	2.1992101e+02
0.0905238      	2.7391218e+02
0.0905238      	3.4113863e+02
0.0905238      	4.2488904e+02
0.0905238      	5.2916983e+02
0.0905238      	6.5908241e+02
0.0905238      	8.2084141e+02
0.0905238      	1.0223602e+03
0.0905238      	1.2732786e+03
0.0905238      	1.5858720e+03
0.0905238      	1.9750931e+03
0.0905238      	2.4599844e+03
0.0905238      	3.0637386e+03
0.0905238      	3.8158968e+03
0.0905238      	4.7524306e+03
0.0905238      	5.9191718e+03
0.0905238      	7.3719052e+03
0.0905238      	9.1817482e+03
0.0905238      	1.1435202e+04
0.0905238      	1.4242612e+04
0.0905238      	1.7738136e+04
0.0905238      	2.2092961e+04
0.0905238      	2.7515164e+04
0.0905238      	3.4270322e+04
0.0905238      	4.2681163e+04
0.0905238      	5.3159691e+04
0.0905238      	6.6206462e+04
0.0905238      	8.2460640e+04
0.0905238      	1.0269860e+05
0.0905238      	1.2791189e+05
0.0905238      	1.5930474e+05
0.0905238      	1.9841528e+05
0.0905238      	2.4711146e+05
0.0905238      	3.0777922e+05
0.0905238      	3.8331610e+05
0.0905238      	4.7742316e+05
0.0905238      	5.9459500e+05
0.0905238      	7.4057266e+05
0.0905238      	9.2232809e+05
0.0905238      	1.1487668e+06
0.0905238      	1.4307034e+06
0.0905238      	1.7819522e+06
0.0905238      	2.2192887e+06
0.0905238      	2.7641412e+06
0.0905238      	3.4425321e+06
0.0905238      	4.2877003e+06
0.0905238      	5.3400114e+06
0.0905238      	6.6510254e+06
0.0905238      	8.2833568e+06
0.0905238      	1.0316985e+07
0.0905238      	1.2849036e+07
0.0905238      	1.6003574e+07
0.0905238      	1.9931259e+07
0.0905238      	2.4824537e+07
0.0905238      	3.0917113e+07
0.0905238      	3.8507502e+07
0.0905238      	4.7958226e+07
0.0905238      	5.9732341e+07
0.0905238      	7.4392182e+07
0.0905238      	9.2656037e+07
0.0905238      	1.1539619e+08
0.0905238      	1.4372685e+08
0.0905238      	1.7900109e+08
0.0905238      	2.2294724e+08
0.0905238      	2.7766418e+08
0.0905238      	3.4583288e+08
0.0905238      	4.3070910e+08
