# Region type : patch outlet
# Faces        : 34923
# Area         : 6.0186191e-04
# Scale factor : 1.0000000e+00
# Time         	sum(phi)
6e-05          	6.1795231e-08
0.000132       	1.3642144e-07
0.0002184      	2.2666550e-07
0.00032208     	3.3593986e-07
0.000446496    	4.6849537e-07
0.000595795    	6.2959457e-07
0.000774954    	8.2586451e-07
0.000989945    	1.0656152e-06
0.00124793     	1.3595080e-06
0.00155752     	1.7210261e-06
0.00192903     	2.1676642e-06
0.00237483     	2.7219044e-06
0.0029098      	3.4135547e-06
0.00355176     	4.2818147e-06
0.00429765     	5.3434570e-06
0.00475382     	6.0204793e-06
0.00497048     	6.3494772e-06
0.00518408     	6.6782676e-06
0.00542151     	7.0491749e-06
0.00568516     	7.4676737e-06
0.00595414     	7.9019334e-06
0.0062144      	8.3292657e-06
0.00646879     	8.7536857e-06
0.00672414     	9.1862492e-06
0.00698347     	9.6323647e-06
0.0072456      	1.0089791e-05
0.0075082      	1.0555010e-05
0.00777027     	1.1026127e-05
0.00803213     	1.1503837e-05
0.00829441     	1.1989146e-05
0.00855734     	1.2482658e-05
0.00882083     	1.2984099e-05
0.00908463     	1.3493342e-05
0.00934861     	1.4010165e-05
0.00961272     	1.4534347e-05
0.00987701     	1.5065827e-05
0.0101415      	1.5604470e-05
0.0104061      	1.6150122e-05
0.0106708      	1.6703084e-05
0.0109356      	1.7263213e-05
0.0112005      	1.7830639e-05
0.0114655      	1.8405246e-05
0.0117307      	1.8987153e-05
0.0119958      	1.9576221e-05
0.0122611      	2.0173199e-05
0.0125265      	2.0777365e-05
0.0127919      	2.1388840e-05
0.0130543      	2.2000085e-05
0.0133099      	2.2601680e-05
0.0135591      	2.3194653e-05
0.0138025      	2.3779661e-05
0.01404        	2.4356136e-05
0.0142718      	2.4925035e-05
0.0144983      	2.5486152e-05
0.0147199      	2.6039982e-05
0.0149367      	2.6586795e-05
0.0151492      	2.7126576e-05
0.0153574      	2.7659802e-05
0.0155616      	2.8187034e-05
0.0157619      	2.8708445e-05
0.0159587      	2.9224365e-05
0.016152       	2.9734933e-05
0.0163419      	3.0240444e-05
0.0165288      	3.0741010e-05
0.0167125      	3.1236896e-05
0.0168934      	3.1728195e-05
0.0170714      	3.2215382e-05
0.0172468      	3.2698646e-05
0.0174196      	3.3177848e-05
0.0175899      	3.3653048e-05
0.0177578      	3.4124447e-05
0.0179234      	3.4592092e-05
0.0180867      	3.5055861e-05
0.0182479      	3.5515833e-05
0.0184071      	3.5972449e-05
0.0185642      	3.6425740e-05
0.0187193      	3.6875865e-05
0.0188726      	3.7322844e-05
0.019024       	3.7766917e-05
0.0191736      	3.8208481e-05
0.0193216      	3.8647200e-05
0.0194678      	3.9083085e-05
0.0196124      	3.9516267e-05
0.0197555      	3.9946752e-05
0.019897       	4.0374666e-05
0.020037       	4.0799863e-05
0.0201755      	4.1222208e-05
0.0203126      	4.1642102e-05
0.0204484      	4.2059658e-05
0.0205828      	4.2474870e-05
0.0207159      	4.2887846e-05
0.0208477      	4.3298577e-05
0.0209783      	4.3707167e-05
0.0211076      	4.4113604e-05
0.0212358      	4.4517987e-05
0.0213628      	4.4920304e-05
0.0214886      	4.5320648e-05
0.0216134      	4.5719005e-05
0.021737       	4.6115466e-05
0.0218597      	4.6510014e-05
0.0219812      	4.6902738e-05
0.0221018      	4.7294059e-05
0.0222213      	4.7683699e-05
0.0223399      	4.8071560e-05
0.0224576      	4.8457722e-05
0.0225742      	4.8842166e-05
0.02269        	4.9224971e-05
0.0228049      	4.9606115e-05
0.0229189      	4.9985675e-05
0.023032       	5.0363486e-05
0.0231443      	5.0739402e-05
0.0232558      	5.1113766e-05
0.0233664      	5.1486651e-05
0.0234763      	5.1858032e-05
0.0235853      	5.2227981e-05
0.0236936      	5.2596474e-05
0.0238011      	5.2963577e-05
0.0239079      	5.3329267e-05
0.024014       	5.3693610e-05
0.0241193      	5.4056582e-05
0.0242239      	5.4418246e-05
0.0243279      	5.4778577e-05
0.0244311      	5.5137639e-05
0.0245337      	5.5495406e-05
0.0246356      	5.5851939e-05
0.0247369      	5.6207212e-05
0.0248375      	5.6561286e-05
0.0249375      	5.6914134e-05
0.0250369      	5.7265996e-05
0.0251357      	5.7616968e-05
0.0252339      	5.7966802e-05
0.0253315      	5.8315472e-05
0.0254285      	5.8663033e-05
0.0255249      	5.9009459e-05
0.0256208      	5.9354805e-05
0.0257161      	5.9699044e-05
0.0258108      	6.0042231e-05
0.0259051      	6.0384337e-05
0.0259987      	6.0725417e-05
0.0260919      	6.1064974e-05
0.0261846      	6.1403525e-05
0.0262767      	6.1741049e-05
0.0263683      	6.2077597e-05
0.0264595      	6.2413141e-05
0.0265501      	6.2747732e-05
0.0266403      	6.3081343e-05
0.02673        	6.3414022e-05
0.0268192      	6.3745742e-05
0.0269079      	6.4076553e-05
0.0269962      	6.4406425e-05
0.0270841      	6.4735853e-05
0.0271715      	6.5064381e-05
0.0272584      	6.5392038e-05
0.027345       	6.5718794e-05
0.0274311      	6.6044698e-05
0.0275167      	6.6369721e-05
0.027602       	6.6693909e-05
0.0276868      	6.7017234e-05
0.0277713      	6.7339742e-05
0.0278553      	6.7661405e-05
0.0279389      	6.7982267e-05
0.0280222      	6.8302179e-05
0.028105       	6.8620974e-05
0.0281875      	6.8938959e-05
0.0282696      	6.9256176e-05
0.0283513      	6.9572599e-05
0.0284326      	6.9888269e-05
0.0285136      	7.0203161e-05
0.0285942      	7.0517315e-05
0.0286744      	7.0830704e-05
0.0287543      	7.1143370e-05
0.0288339      	7.1455285e-05
0.0289131      	7.1766491e-05
0.0289919      	7.2076960e-05
0.0290705      	7.2386732e-05
0.0291486      	7.2695781e-05
0.0292265      	7.3004147e-05
0.029304       	7.3311802e-05
0.0293812      	7.3618786e-05
0.0294581      	7.3925071e-05
0.0295346      	7.4230698e-05
0.0296109      	7.4535639e-05
0.0296868      	7.4839932e-05
0.0297624      	7.5143551e-05
0.0298378      	7.5446534e-05
0.0299128      	7.5748854e-05
0.0299875      	7.6050548e-05
0.0300619      	7.6351955e-05
0.0301361      	7.6652819e-05
0.0302099      	7.6953041e-05
0.0302834      	7.7252657e-05
0.0303567      	7.7551642e-05
0.0304297      	7.7850031e-05
0.0305024      	7.8147798e-05
0.0305748      	7.8444980e-05
0.030647       	7.8741550e-05
0.0307189      	7.9037544e-05
0.0307905      	7.9332936e-05
0.0308618      	7.9627760e-05
0.0309329      	7.9921992e-05
0.0310038      	8.0215643e-05
0.0310743      	8.0508306e-05
0.0311446      	8.0800419e-05
0.0312147      	8.1091960e-05
0.0312845      	8.1382960e-05
0.0313541      	8.1673396e-05
0.0314234      	8.1963300e-05
0.0314924      	8.2252648e-05
0.0315613      	8.2541472e-05
0.0316298      	8.2829748e-05
0.0316982      	8.3117508e-05
0.0317663      	8.3404728e-05
0.0318342      	8.3691440e-05
0.0319018      	8.3977620e-05
0.0319692      	8.4263298e-05
0.0320364      	8.4548452e-05
0.0321034      	8.4833112e-05
0.0321701      	8.5117255e-05
0.0322366      	8.5400911e-05
0.0323029      	8.5684057e-05
0.032369       	8.5966723e-05
0.0324348      	8.6248886e-05
0.0325005      	8.6530576e-05
0.0325659      	8.6811770e-05
0.0326311      	8.7092497e-05
0.0326961      	8.7372735e-05
0.0327609      	8.7652513e-05
0.0328255      	8.7931808e-05
0.0328899      	8.8210649e-05
0.0329541      	8.8489013e-05
0.0330181      	8.8767046e-05
0.0330819      	8.9044904e-05
0.0331454      	8.9322319e-05
0.0332088      	8.9599269e-05
0.033272       	8.9875783e-05
0.033335       	9.0151836e-05
0.0333978      	9.0427459e-05
0.0334604      	9.0702628e-05
0.0335229      	9.0977372e-05
0.0335851      	9.1251668e-05
0.0336472      	9.1525544e-05
0.033709       	9.1798977e-05
0.0337707      	9.2071997e-05
0.0338322      	9.2344579e-05
0.0338935      	9.2616752e-05
0.0339547      	9.2888493e-05
0.0340156      	9.3159726e-05
0.0340764      	9.3430232e-05
0.034137       	9.3700340e-05
0.0341974      	9.3970027e-05
0.0342577      	9.4239322e-05
0.0343178      	9.4508200e-05
0.0343777      	9.4776690e-05
0.0344375      	9.5044770e-05
0.034497       	9.5312466e-05
0.0345564      	9.5579755e-05
0.0346157      	9.5846666e-05
0.0346748      	9.6113176e-05
0.0347337      	9.6379311e-05
0.0347925      	9.6645049e-05
0.034851       	9.6910418e-05
0.0349095      	9.7175394e-05
0.0349678      	9.7440004e-05
0.0350259      	9.7704403e-05
0.0350838      	9.7968661e-05
0.0351416      	9.8232534e-05
0.0351993      	9.8496049e-05
0.0352568      	9.8759184e-05
0.0353141      	9.9021965e-05
0.0353713      	9.9284370e-05
0.0354284      	9.9546425e-05
0.0354853      	9.9808108e-05
0.035542       	1.0006945e-04
0.0355986      	1.0033041e-04
0.035655       	1.0059104e-04
0.0357113      	1.0085130e-04
0.0357675      	1.0111123e-04
0.0358235      	1.0137079e-04
0.0358794      	1.0163002e-04
0.0359351      	1.0188889e-04
0.0359907      	1.0214744e-04
0.0360462      	1.0240530e-04
0.0361015      	1.0266277e-04
0.0361566      	1.0291990e-04
0.0362117      	1.0317670e-04
0.0362666      	1.0343315e-04
0.0363213      	1.0368929e-04
0.0363759      	1.0394508e-04
0.0364304      	1.0420056e-04
0.0364848      	1.0445570e-04
0.036539       	1.0471053e-04
0.0365931      	1.0496502e-04
0.0366471      	1.0521921e-04
0.0367009      	1.0547306e-04
0.0367546      	1.0572660e-04
0.0368082      	1.0597982e-04
0.0368616      	1.0623274e-04
0.0369149      	1.0648533e-04
0.0369681      	1.0673761e-04
0.0370212      	1.0698958e-04
0.0370741      	1.0724125e-04
0.037127       	1.0749260e-04
0.0371797      	1.0774366e-04
0.0372322      	1.0799440e-04
0.0372847      	1.0824485e-04
0.037337       	1.0849499e-04
0.0373892      	1.0874484e-04
0.0374413      	1.0899438e-04
0.0374933      	1.0924363e-04
0.0375451      	1.0949258e-04
0.0375969      	1.0974125e-04
0.0376485      	1.0998961e-04
0.0377         	1.1023769e-04
0.0377514      	1.1048547e-04
0.0378026      	1.1073297e-04
0.0378538      	1.1098017e-04
0.0379048      	1.1122710e-04
0.0379558      	1.1147374e-04
0.0380066      	1.1172015e-04
0.0380573      	1.1196659e-04
0.0381079      	1.1221277e-04
0.0381584      	1.1245865e-04
0.0382088      	1.1270427e-04
0.038259       	1.1294960e-04
0.0383092      	1.1319466e-04
0.0383592      	1.1343944e-04
0.0384092      	1.1368395e-04
0.038459       	1.1392818e-04
0.0385087      	1.1417215e-04
0.0385583      	1.1441584e-04
0.0386079      	1.1465927e-04
0.0386573      	1.1490243e-04
0.0387066      	1.1514532e-04
0.0387558      	1.1538794e-04
0.0388049      	1.1563031e-04
0.0388539      	1.1587241e-04
0.0389028      	1.1611425e-04
0.0389516      	1.1635582e-04
0.0390003      	1.1659714e-04
0.0390488      	1.1683783e-04
0.0390973      	1.1707826e-04
0.0391457      	1.1731844e-04
0.039194       	1.1755836e-04
0.0392422      	1.1779803e-04
0.0392903      	1.1803745e-04
0.0393383      	1.1827661e-04
0.0393862      	1.1851553e-04
0.039434       	1.1875419e-04
0.0394817      	1.1899261e-04
0.0395293      	1.1923077e-04
0.0395769      	1.1946870e-04
0.0396243      	1.1970638e-04
0.0396716      	1.1994382e-04
0.0397189      	1.2018100e-04
0.039766       	1.2041796e-04
0.0398131      	1.2065466e-04
0.03986        	1.2089114e-04
0.0399069      	1.2112736e-04
0.0399537      	1.2136336e-04
0.0400004      	1.2159913e-04
0.040047       	1.2183720e-04
0.0400935      	1.2207503e-04
0.0401399      	1.2231263e-04
0.0401862      	1.2254998e-04
0.0402324      	1.2278710e-04
0.0402786      	1.2302398e-04
0.0403246      	1.2326063e-04
0.0403706      	1.2349704e-04
0.0404165      	1.2373323e-04
0.0404623      	1.2396918e-04
0.040508       	1.2420490e-04
0.0405536      	1.2444039e-04
0.0405992      	1.2467566e-04
0.0406446      	1.2491069e-04
0.04069        	1.2514550e-04
0.0407353      	1.2538008e-04
0.0407805      	1.2561444e-04
0.0408256      	1.2584856e-04
0.0408706      	1.2608248e-04
0.0409155      	1.2631616e-04
0.0409604      	1.2654962e-04
0.0410052      	1.2678286e-04
0.0410499      	1.2701589e-04
0.0410945      	1.2724869e-04
0.041139       	1.2748128e-04
0.0411835      	1.2771364e-04
0.0412279      	1.2794579e-04
0.0412721      	1.2817772e-04
0.0413164      	1.2840944e-04
0.0413605      	1.2864094e-04
0.0414045      	1.2887224e-04
0.0414485      	1.2910331e-04
0.0414924      	1.2933418e-04
0.0415362      	1.2956483e-04
0.04158        	1.2979528e-04
0.0416236      	1.3002551e-04
0.0416672      	1.3025554e-04
0.0417107      	1.3048535e-04
0.0417542      	1.3071496e-04
0.0417975      	1.3094436e-04
0.0418408      	1.3117356e-04
0.041884       	1.3140255e-04
0.0419271      	1.3163134e-04
0.0419702      	1.3185992e-04
0.0420132      	1.3208820e-04
0.0420561      	1.3231602e-04
0.0420989      	1.3254365e-04
0.0421417      	1.3277107e-04
0.0421843      	1.3299830e-04
0.042227       	1.3322533e-04
0.0422695      	1.3345216e-04
0.042312       	1.3367879e-04
0.0423544      	1.3390522e-04
0.0423967      	1.3413146e-04
0.0424389      	1.3435751e-04
0.0424811      	1.3458335e-04
0.0425232      	1.3480901e-04
0.0425653      	1.3503447e-04
0.0426073      	1.3525974e-04
0.0426492      	1.3548481e-04
0.042691       	1.3570970e-04
0.0427328      	1.3593439e-04
0.0427745      	1.3615890e-04
0.0428161      	1.3638321e-04
0.0428576      	1.3660734e-04
0.0428991      	1.3683127e-04
0.0429405      	1.3705503e-04
0.0429819      	1.3727859e-04
0.0430232      	1.3750216e-04
0.0430644      	1.3772570e-04
0.0431056      	1.3794906e-04
0.0431467      	1.3817222e-04
0.0431877      	1.3839521e-04
0.0432286      	1.3861800e-04
0.0432695      	1.3884063e-04
0.0433104      	1.3906306e-04
0.0433511      	1.3928531e-04
0.0433918      	1.3950738e-04
0.0434324      	1.3972928e-04
0.043473       	1.3995099e-04
0.0435135      	1.4017252e-04
0.0435539      	1.4039387e-04
0.0435943      	1.4061505e-04
0.0436346      	1.4083605e-04
0.0436749      	1.4105687e-04
0.0437151      	1.4127751e-04
0.0437552      	1.4149798e-04
0.0437952      	1.4171827e-04
0.0438352      	1.4193839e-04
0.0438752      	1.4215833e-04
0.0439151      	1.4237811e-04
0.0439549      	1.4259770e-04
0.0439946      	1.4281713e-04
0.0440343      	1.4303638e-04
0.0440739      	1.4325546e-04
0.0441135      	1.4347437e-04
0.044153       	1.4369311e-04
0.0441925      	1.4391168e-04
0.0442319      	1.4413008e-04
0.0442712      	1.4434831e-04
0.0443105      	1.4456637e-04
0.0443497      	1.4478426e-04
0.0443888      	1.4500200e-04
0.0444279      	1.4521955e-04
0.044467       	1.4543695e-04
0.0445059      	1.4565418e-04
0.0445449      	1.4587125e-04
0.0445837      	1.4608814e-04
0.0446225      	1.4630488e-04
0.0446613      	1.4652145e-04
0.0447         	1.4673786e-04
0.0447386      	1.4695410e-04
0.0447772      	1.4717019e-04
0.0448157      	1.4738611e-04
0.0448542      	1.4760187e-04
0.0448926      	1.4781747e-04
0.0449309      	1.4803291e-04
0.0449692      	1.4824818e-04
0.0450075      	1.4846331e-04
0.0450457      	1.4867827e-04
0.0450838      	1.4889307e-04
0.0451219      	1.4910771e-04
0.0451599      	1.4932220e-04
0.0451979      	1.4953653e-04
0.0452358      	1.4975071e-04
0.0452736      	1.4996472e-04
0.0453114      	1.5017859e-04
0.0453492      	1.5039229e-04
0.0453869      	1.5060585e-04
0.0454245      	1.5081924e-04
0.0454621      	1.5103249e-04
0.0454997      	1.5124558e-04
0.0455371      	1.5145852e-04
0.0455746      	1.5167130e-04
0.045612       	1.5188394e-04
0.0456493      	1.5209642e-04
0.0456866      	1.5230875e-04
0.0457238      	1.5252093e-04
0.045761       	1.5273296e-04
0.0457981      	1.5294484e-04
0.0458351      	1.5315657e-04
0.0458722      	1.5336815e-04
0.0459091      	1.5357959e-04
0.0459461      	1.5379087e-04
0.0459829      	1.5400201e-04
0.0460197      	1.5421282e-04
0.0460565      	1.5442334e-04
0.0460932      	1.5463370e-04
0.0461299      	1.5484392e-04
0.0461665      	1.5505399e-04
0.0462031      	1.5526393e-04
0.0462396      	1.5547371e-04
0.0462761      	1.5568335e-04
0.0463125      	1.5589285e-04
0.0463489      	1.5610221e-04
0.0463852      	1.5631141e-04
0.0464215      	1.5652049e-04
0.0464577      	1.5672941e-04
0.0464939      	1.5693820e-04
0.04653        	1.5714684e-04
0.0465661      	1.5735535e-04
0.0466021      	1.5756370e-04
0.0466381      	1.5777193e-04
0.046674       	1.5798001e-04
0.0467099      	1.5818796e-04
0.0467458      	1.5839576e-04
0.0467816      	1.5860342e-04
0.0468173      	1.5881095e-04
0.046853       	1.5901834e-04
0.0468887      	1.5922559e-04
0.0469243      	1.5943270e-04
0.0469599      	1.5963968e-04
0.0469954      	1.5984652e-04
0.0470309      	1.6005351e-04
0.0470663      	1.6026040e-04
0.0471017      	1.6046716e-04
0.047137       	1.6067378e-04
0.0471723      	1.6088027e-04
0.0472075      	1.6108662e-04
0.0472428      	1.6129284e-04
0.0472779      	1.6149893e-04
0.047313       	1.6170487e-04
0.0473481      	1.6191070e-04
0.0473831      	1.6211638e-04
0.0474181      	1.6232193e-04
0.047453       	1.6252735e-04
0.0474879      	1.6273264e-04
0.0475228      	1.6293779e-04
0.0475576      	1.6314282e-04
0.0475923      	1.6334771e-04
0.047627       	1.6355248e-04
0.0476617      	1.6375711e-04
0.0476964      	1.6396162e-04
0.0477309      	1.6416599e-04
0.0477655      	1.6437024e-04
0.0478         	1.6457435e-04
0.0478344      	1.6477834e-04
0.0478689      	1.6498220e-04
0.0479032      	1.6518593e-04
0.0479376      	1.6538953e-04
0.0479719      	1.6559301e-04
0.0480061      	1.6579636e-04
0.0480403      	1.6599958e-04
0.0480745      	1.6620267e-04
0.0481086      	1.6640565e-04
0.0481427      	1.6660849e-04
0.0481767      	1.6681121e-04
0.0482107      	1.6701380e-04
0.0482447      	1.6721627e-04
0.0482786      	1.6741862e-04
0.0483125      	1.6762084e-04
0.0483463      	1.6782293e-04
0.0483801      	1.6802491e-04
0.0484138      	1.6822676e-04
0.0484476      	1.6842849e-04
0.0484812      	1.6863009e-04
0.0485149      	1.6883157e-04
0.0485485      	1.6903293e-04
0.048582       	1.6923417e-04
0.0486155      	1.6943529e-04
0.048649       	1.6963629e-04
0.0486824      	1.6983716e-04
0.0487158      	1.7003792e-04
0.0487492      	1.7023855e-04
0.0487825      	1.7043906e-04
0.0488158      	1.7063946e-04
0.048849       	1.7083973e-04
0.0488822      	1.7103989e-04
0.0489154      	1.7123993e-04
0.0489485      	1.7143984e-04
0.0489816      	1.7163965e-04
0.0490146      	1.7183933e-04
0.0490476      	1.7203889e-04
0.0490806      	1.7223834e-04
0.0491135      	1.7243767e-04
0.0491464      	1.7263688e-04
0.0491793      	1.7283598e-04
0.0492121      	1.7303496e-04
0.0492449      	1.7323383e-04
0.0492776      	1.7343257e-04
0.0493103      	1.7363121e-04
0.049343       	1.7382972e-04
0.0493756      	1.7402813e-04
0.0494082      	1.7422641e-04
0.0494408      	1.7442459e-04
0.0494733      	1.7462265e-04
0.0495058      	1.7482060e-04
0.0495382      	1.7501843e-04
0.0495706      	1.7521615e-04
0.049603       	1.7541375e-04
0.0496353      	1.7561125e-04
0.0496676      	1.7580862e-04
0.0496999      	1.7600590e-04
0.0497321      	1.7620305e-04
0.0497643      	1.7640010e-04
0.0497965      	1.7659703e-04
0.0498286      	1.7679385e-04
0.0498607      	1.7699056e-04
0.0498927      	1.7718716e-04
0.0499247      	1.7738365e-04
0.0499567      	1.7758003e-04
0.0499886      	1.7777629e-04
0.0500206      	1.7790003e-04
0.0500524      	1.7798371e-04
0.0500843      	1.7806734e-04
0.0501162      	1.7815092e-04
0.050148       	1.7823446e-04
0.0501798      	1.7831796e-04
0.0502116      	1.7840143e-04
0.0502434      	1.7848485e-04
0.0502752      	1.7856824e-04
0.050307       	1.7865158e-04
0.0503388      	1.7873489e-04
0.0503705      	1.7881815e-04
0.0504022      	1.7890139e-04
0.0504339      	1.7898458e-04
0.0504656      	1.7906774e-04
0.0504973      	1.7915085e-04
0.050529       	1.7923394e-04
0.0505606      	1.7931698e-04
0.0505923      	1.7939999e-04
0.0506239      	1.7948295e-04
0.0506555      	1.7956589e-04
0.0506871      	1.7964878e-04
0.0507187      	1.7973164e-04
0.0507503      	1.7981445e-04
0.0507818      	1.7989724e-04
0.0508134      	1.7997998e-04
0.0508449      	1.8006269e-04
0.0508764      	1.8014535e-04
0.0509079      	1.8022799e-04
0.0509394      	1.8031058e-04
0.0509708      	1.8039313e-04
0.0510023      	1.8047567e-04
0.0510337      	1.8055846e-04
0.0510652      	1.8064121e-04
0.0510966      	1.8072392e-04
0.051128       	1.8080659e-04
0.0511594      	1.8088922e-04
0.0511907      	1.8097182e-04
0.0512221      	1.8105437e-04
0.0512534      	1.8113689e-04
0.0512848      	1.8121937e-04
0.0513161      	1.8130181e-04
0.0513474      	1.8138422e-04
0.0513787      	1.8146658e-04
0.0514099      	1.8154891e-04
0.0514412      	1.8163119e-04
0.0514725      	1.8171345e-04
0.0515037      	1.8179565e-04
0.0515349      	1.8187783e-04
0.0515661      	1.8195996e-04
0.0515973      	1.8204205e-04
0.0516285      	1.8212411e-04
0.0516596      	1.8220613e-04
0.0516908      	1.8228810e-04
0.0517219      	1.8237004e-04
0.051753       	1.8245194e-04
0.0517842      	1.8253381e-04
0.0518153      	1.8261563e-04
0.0518463      	1.8269741e-04
0.0518774      	1.8277916e-04
0.0519085      	1.8286086e-04
0.0519395      	1.8294253e-04
0.0519705      	1.8302416e-04
0.0520015      	1.8310575e-04
0.0520325      	1.8318730e-04
0.0520635      	1.8326881e-04
0.0520945      	1.8335029e-04
0.0521255      	1.8343172e-04
0.0521564      	1.8351312e-04
0.0521873      	1.8359447e-04
0.0522183      	1.8367579e-04
0.0522492      	1.8375707e-04
0.0522801      	1.8383831e-04
0.0523109      	1.8391951e-04
0.0523418      	1.8400068e-04
0.0523727      	1.8408180e-04
0.0524035      	1.8416288e-04
0.0524343      	1.8424393e-04
0.0524651      	1.8432494e-04
0.0524959      	1.8440591e-04
0.0525267      	1.8448684e-04
0.0525575      	1.8456773e-04
0.0525883      	1.8464858e-04
0.052619       	1.8472940e-04
0.0526497      	1.8481017e-04
0.0526805      	1.8489091e-04
0.0527112      	1.8497161e-04
0.0527419      	1.8505227e-04
0.0527725      	1.8513289e-04
0.0528032      	1.8521348e-04
0.0528339      	1.8529402e-04
0.0528645      	1.8537453e-04
0.0528951      	1.8545500e-04
0.0529257      	1.8553543e-04
0.0529563      	1.8561582e-04
0.0529869      	1.8569617e-04
0.0530175      	1.8577649e-04
0.0530481      	1.8585677e-04
0.0530786      	1.8593701e-04
0.0531092      	1.8601721e-04
0.0531397      	1.8609737e-04
0.0531702      	1.8617750e-04
0.0532007      	1.8625759e-04
0.0532312      	1.8633764e-04
0.0532617      	1.8641765e-04
0.0532921      	1.8649762e-04
0.0533226      	1.8657756e-04
0.053353       	1.8665746e-04
0.0533834      	1.8673732e-04
0.0534138      	1.8681714e-04
0.0534442      	1.8689693e-04
0.0534746      	1.8697668e-04
0.053505       	1.8705639e-04
0.0535354      	1.8713607e-04
0.0535657      	1.8721571e-04
0.053596       	1.8729530e-04
0.0536264      	1.8737487e-04
0.0536567      	1.8745439e-04
0.053687       	1.8753388e-04
0.0537172      	1.8761333e-04
0.0537475      	1.8769275e-04
0.0537778      	1.8777212e-04
0.053808       	1.8785147e-04
0.0538383      	1.8793077e-04
0.0538685      	1.8801004e-04
0.0538987      	1.8808927e-04
0.0539289      	1.8816847e-04
0.0539591      	1.8824762e-04
0.0539892      	1.8832675e-04
0.0540194      	1.8840564e-04
0.0540495      	1.8848440e-04
0.0540797      	1.8856311e-04
0.0541098      	1.8864180e-04
0.0541399      	1.8872044e-04
0.05417        	1.8879906e-04
0.0542001      	1.8887763e-04
0.0542302      	1.8895617e-04
0.0542602      	1.8903467e-04
0.0542903      	1.8911314e-04
0.0543203      	1.8919157e-04
0.0543503      	1.8926997e-04
0.0543803      	1.8934833e-04
0.0544103      	1.8942666e-04
0.0544403      	1.8950495e-04
0.0544703      	1.8958321e-04
0.0545002      	1.8966143e-04
0.0545302      	1.8973962e-04
0.0545601      	1.8981777e-04
0.0545901      	1.8989589e-04
0.05462        	1.8997397e-04
0.0546499      	1.9005202e-04
0.0546798      	1.9013003e-04
0.0547096      	1.9020801e-04
0.0547395      	1.9028596e-04
0.0547694      	1.9036387e-04
0.0547992      	1.9044174e-04
0.054829       	1.9051958e-04
0.0548589      	1.9059739e-04
0.0548887      	1.9067516e-04
0.0549184      	1.9075290e-04
0.0549482      	1.9083061e-04
0.054978       	1.9090828e-04
0.0550078      	1.9098599e-04
0.0550375      	1.9106388e-04
0.0550672      	1.9114175e-04
0.055097       	1.9121957e-04
0.0551267      	1.9129736e-04
0.0551564      	1.9137512e-04
0.0551861      	1.9145285e-04
0.0552157      	1.9153054e-04
0.0552454      	1.9160820e-04
0.055275       	1.9168582e-04
0.0553047      	1.9176341e-04
0.0553343      	1.9184097e-04
0.0553639      	1.9191850e-04
0.0553935      	1.9199599e-04
0.0554231      	1.9207345e-04
0.0554527      	1.9215087e-04
0.0554823      	1.9222827e-04
0.0555118      	1.9230562e-04
0.0555414      	1.9238295e-04
0.0555709      	1.9246025e-04
0.0556004      	1.9253751e-04
0.0556299      	1.9261474e-04
0.0556594      	1.9269194e-04
0.0556889      	1.9276910e-04
0.0557184      	1.9284624e-04
0.0557479      	1.9292333e-04
0.0557773      	1.9300040e-04
0.0558068      	1.9307744e-04
0.0558362      	1.9315444e-04
0.0558656      	1.9323141e-04
0.055895       	1.9330836e-04
0.0559244      	1.9338526e-04
0.0559538      	1.9346214e-04
0.0559832      	1.9353898e-04
0.0560125      	1.9361580e-04
0.0560419      	1.9369258e-04
0.0560712      	1.9376933e-04
0.0561005      	1.9384605e-04
0.0561298      	1.9392274e-04
0.0561591      	1.9399939e-04
0.0561884      	1.9407602e-04
0.0562177      	1.9415261e-04
0.056247       	1.9422918e-04
0.0562762      	1.9430571e-04
0.0563055      	1.9438221e-04
0.0563347      	1.9445868e-04
0.0563639      	1.9453512e-04
0.0563932      	1.9461153e-04
0.0564224      	1.9468791e-04
0.0564515      	1.9476426e-04
0.0564807      	1.9484058e-04
0.0565099      	1.9491686e-04
0.056539       	1.9499312e-04
0.0565682      	1.9506934e-04
0.0565973      	1.9514554e-04
0.0566264      	1.9522171e-04
0.0566556      	1.9529784e-04
0.0566847      	1.9537395e-04
0.0567137      	1.9545002e-04
0.0567428      	1.9552607e-04
0.0567719      	1.9560209e-04
0.0568009      	1.9567807e-04
0.05683        	1.9575403e-04
0.056859       	1.9582995e-04
0.056888       	1.9590585e-04
0.056917       	1.9598172e-04
0.056946       	1.9605756e-04
0.056975       	1.9613337e-04
0.057004       	1.9620915e-04
0.057033       	1.9628490e-04
0.0570619      	1.9636062e-04
0.0570909      	1.9643631e-04
0.0571198      	1.9651198e-04
0.0571487      	1.9658761e-04
0.0571776      	1.9666322e-04
0.0572065      	1.9673879e-04
0.0572354      	1.9681434e-04
0.0572643      	1.9688986e-04
0.0572932      	1.9696535e-04
0.057322       	1.9704081e-04
0.0573509      	1.9711624e-04
0.0573797      	1.9719164e-04
0.0574085      	1.9726702e-04
0.0574374      	1.9734237e-04
0.0574662      	1.9741769e-04
0.057495       	1.9749297e-04
0.0575237      	1.9756824e-04
0.0575525      	1.9764347e-04
0.0575813      	1.9771868e-04
0.05761        	1.9779385e-04
0.0576388      	1.9786901e-04
0.0576675      	1.9794413e-04
0.0576962      	1.9801922e-04
0.0577249      	1.9809429e-04
0.0577536      	1.9816933e-04
0.0577823      	1.9824433e-04
0.057811       	1.9831932e-04
0.0578396      	1.9839427e-04
0.0578683      	1.9846920e-04
0.0578969      	1.9854410e-04
0.0579255      	1.9861897e-04
0.0579542      	1.9869382e-04
0.0579828      	1.9876864e-04
0.0580114      	1.9884331e-04
0.05804        	1.9891780e-04
0.0580685      	1.9899225e-04
0.0580971      	1.9906669e-04
0.0581257      	1.9914109e-04
0.0581542      	1.9921546e-04
0.0581827      	1.9928981e-04
0.0582113      	1.9936413e-04
0.0582398      	1.9943843e-04
0.0582683      	1.9951270e-04
0.0582968      	1.9958694e-04
0.0583253      	1.9966116e-04
0.0583537      	1.9973534e-04
0.0583822      	1.9980951e-04
0.0584107      	1.9988364e-04
0.0584391      	1.9995775e-04
0.0584675      	2.0003183e-04
0.0584959      	2.0010589e-04
0.0585244      	2.0017992e-04
0.0585528      	2.0025393e-04
0.0585811      	2.0032790e-04
0.0586095      	2.0040186e-04
0.0586379      	2.0047578e-04
0.0586663      	2.0054968e-04
0.0586946      	2.0062356e-04
0.0587229      	2.0069741e-04
0.0587513      	2.0077123e-04
0.0587796      	2.0084502e-04
0.0588079      	2.0091879e-04
0.0588362      	2.0099254e-04
0.0588645      	2.0106626e-04
0.0588928      	2.0113995e-04
0.058921       	2.0121362e-04
0.0589493      	2.0128726e-04
0.0589775      	2.0136087e-04
0.0590058      	2.0143452e-04
0.059034       	2.0150836e-04
0.0590622      	2.0158218e-04
0.0590904      	2.0165597e-04
0.0591186      	2.0172973e-04
0.0591468      	2.0180347e-04
0.059175       	2.0187718e-04
0.0592031      	2.0195087e-04
0.0592313      	2.0202453e-04
0.0592594      	2.0209817e-04
0.0592876      	2.0217178e-04
0.0593157      	2.0224536e-04
0.0593438      	2.0231893e-04
0.0593719      	2.0239246e-04
0.0594         	2.0246597e-04
0.0594281      	2.0253946e-04
0.0594562      	2.0261292e-04
0.0594842      	2.0268635e-04
0.0595123      	2.0275976e-04
0.0595403      	2.0283314e-04
0.0595684      	2.0290651e-04
0.0595964      	2.0297984e-04
0.0596244      	2.0305315e-04
0.0596524      	2.0312643e-04
0.0596804      	2.0319970e-04
0.0597084      	2.0327293e-04
0.0597364      	2.0334614e-04
0.0597643      	2.0341933e-04
0.0597923      	2.0349249e-04
0.0598202      	2.0356562e-04
0.0598482      	2.0363874e-04
0.0598761      	2.0371182e-04
0.059904       	2.0378489e-04
0.0599319      	2.0385792e-04
0.0599598      	2.0393094e-04
0.0599877      	2.0400393e-04
0.0600156      	2.0407689e-04
0.0600434      	2.0414983e-04
0.0600713      	2.0422275e-04
0.0600991      	2.0429564e-04
0.060127       	2.0436851e-04
0.0601548      	2.0444135e-04
0.0601826      	2.0451417e-04
0.0602104      	2.0458696e-04
0.0602382      	2.0465974e-04
0.060266       	2.0473248e-04
0.0602938      	2.0480520e-04
0.0603216      	2.0487790e-04
0.0603493      	2.0495058e-04
0.0603771      	2.0502322e-04
0.0604048      	2.0509585e-04
0.0604325      	2.0516845e-04
0.0604603      	2.0524103e-04
0.060488       	2.0531358e-04
0.0605157      	2.0538612e-04
0.0605434      	2.0545862e-04
0.0605711      	2.0553110e-04
0.0605987      	2.0560356e-04
0.0606264      	2.0567600e-04
0.060654       	2.0574841e-04
0.0606817      	2.0582080e-04
0.0607093      	2.0589316e-04
0.0607369      	2.0596550e-04
0.0607646      	2.0603782e-04
0.0607922      	2.0611011e-04
0.0608198      	2.0618238e-04
0.0608473      	2.0625463e-04
0.0608749      	2.0632685e-04
0.0609025      	2.0639905e-04
0.06093        	2.0647122e-04
0.0609576      	2.0654337e-04
0.0609851      	2.0661550e-04
0.0610127      	2.0668761e-04
0.0610402      	2.0675969e-04
0.0610677      	2.0683175e-04
0.0610952      	2.0690378e-04
0.0611227      	2.0697579e-04
0.0611502      	2.0704778e-04
0.0611776      	2.0711975e-04
0.0612051      	2.0719169e-04
0.0612326      	2.0726361e-04
0.06126        	2.0733550e-04
0.0612874      	2.0740737e-04
0.0613149      	2.0747922e-04
0.0613423      	2.0755105e-04
0.0613697      	2.0762285e-04
0.0613971      	2.0769463e-04
0.0614245      	2.0776639e-04
0.0614519      	2.0783812e-04
0.0614792      	2.0790983e-04
0.0615066      	2.0798152e-04
0.0615339      	2.0805319e-04
0.0615613      	2.0812483e-04
0.0615886      	2.0819645e-04
0.0616159      	2.0826805e-04
0.0616433      	2.0833962e-04
0.0616706      	2.0841117e-04
0.0616979      	2.0848270e-04
0.0617251      	2.0855421e-04
0.0617524      	2.0862569e-04
0.0617797      	2.0869715e-04
0.0618069      	2.0876858e-04
0.0618342      	2.0884000e-04
0.0618614      	2.0891139e-04
0.0618887      	2.0898276e-04
0.0619159      	2.0905411e-04
0.0619431      	2.0912543e-04
0.0619703      	2.0919673e-04
0.0619975      	2.0926801e-04
0.0620247      	2.0933927e-04
0.0620519      	2.0941050e-04
0.062079       	2.0948171e-04
0.0621062      	2.0955290e-04
0.0621333      	2.0962407e-04
0.0621605      	2.0969521e-04
0.0621876      	2.0976633e-04
0.0622147      	2.0983743e-04
0.0622419      	2.0990851e-04
0.062269       	2.0997957e-04
0.0622961      	2.1005060e-04
0.0623231      	2.1012161e-04
0.0623502      	2.1019259e-04
0.0623773      	2.1026356e-04
0.0624043      	2.1033450e-04
0.0624314      	2.1040543e-04
0.0624584      	2.1047632e-04
0.0624855      	2.1054720e-04
0.0625125      	2.1061805e-04
0.0625395      	2.1068889e-04
0.0625665      	2.1075970e-04
0.0625935      	2.1083049e-04
0.0626205      	2.1090125e-04
0.0626475      	2.1097200e-04
0.0626744      	2.1104272e-04
0.0627014      	2.1111342e-04
0.0627284      	2.1118410e-04
0.0627553      	2.1125476e-04
0.0627822      	2.1132539e-04
0.0628092      	2.1139600e-04
0.0628361      	2.1146659e-04
0.062863       	2.1153716e-04
0.0628899      	2.1160771e-04
0.0629168      	2.1167823e-04
0.0629437      	2.1174874e-04
0.0629705      	2.1181922e-04
0.0629974      	2.1188968e-04
0.0630243      	2.1195988e-04
0.0630511      	2.1203003e-04
0.0630779      	2.1210017e-04
0.0631048      	2.1217027e-04
0.0631316      	2.1224037e-04
0.0631584      	2.1231043e-04
0.0631852      	2.1238048e-04
0.063212       	2.1245050e-04
0.0632388      	2.1252051e-04
0.0632656      	2.1259049e-04
0.0632923      	2.1266045e-04
0.0633191      	2.1273039e-04
0.0633458      	2.1280031e-04
0.0633726      	2.1287020e-04
0.0633993      	2.1294008e-04
0.063426       	2.1300993e-04
0.0634528      	2.1307977e-04
0.0634795      	2.1314957e-04
0.0635062      	2.1321937e-04
0.0635329      	2.1328913e-04
0.0635595      	2.1335888e-04
0.0635862      	2.1342861e-04
0.0636129      	2.1349831e-04
0.0636395      	2.1356800e-04
0.0636662      	2.1363766e-04
0.0636928      	2.1370730e-04
0.0637195      	2.1377692e-04
0.0637461      	2.1384652e-04
0.0637727      	2.1391610e-04
0.0637993      	2.1398566e-04
0.0638259      	2.1405519e-04
0.0638525      	2.1412471e-04
0.0638791      	2.1419420e-04
0.0639056      	2.1426367e-04
0.0639322      	2.1433313e-04
0.0639587      	2.1440256e-04
0.0639853      	2.1447197e-04
0.0640118      	2.1454147e-04
0.0640384      	2.1461110e-04
0.0640649      	2.1468071e-04
0.0640914      	2.1475029e-04
0.0641179      	2.1481986e-04
0.0641444      	2.1488940e-04
0.0641709      	2.1495892e-04
0.0641974      	2.1502843e-04
0.0642238      	2.1509790e-04
0.0642503      	2.1516737e-04
0.0642767      	2.1523680e-04
0.0643032      	2.1530622e-04
0.0643296      	2.1537562e-04
0.0643561      	2.1544500e-04
0.0643825      	2.1551435e-04
0.0644089      	2.1558369e-04
0.0644353      	2.1565300e-04
0.0644617      	2.1572229e-04
0.0644881      	2.1579156e-04
0.0645144      	2.1586082e-04
0.0645408      	2.1593004e-04
0.0645672      	2.1599926e-04
0.0645935      	2.1606844e-04
0.0646199      	2.1613761e-04
0.0646462      	2.1620676e-04
0.0646725      	2.1627589e-04
0.0646989      	2.1634499e-04
0.0647252      	2.1641408e-04
0.0647515      	2.1648314e-04
0.0647778      	2.1655219e-04
0.0648041      	2.1662121e-04
0.0648303      	2.1669022e-04
0.0648566      	2.1675920e-04
0.0648829      	2.1682816e-04
0.0649091      	2.1689710e-04
0.0649354      	2.1696603e-04
0.0649616      	2.1703493e-04
0.0649878      	2.1710381e-04
0.0650141      	2.1717267e-04
0.0650403      	2.1724151e-04
0.0650665      	2.1731033e-04
0.0650927      	2.1737913e-04
0.0651189      	2.1744791e-04
0.065145       	2.1751667e-04
0.0651712      	2.1758540e-04
0.0651974      	2.1765412e-04
0.0652235      	2.1772282e-04
0.0652497      	2.1779150e-04
0.0652758      	2.1786015e-04
0.065302       	2.1792879e-04
0.0653281      	2.1799741e-04
0.0653542      	2.1806600e-04
0.0653803      	2.1813458e-04
0.0654064      	2.1820314e-04
0.0654325      	2.1827167e-04
0.0654586      	2.1834019e-04
0.0654847      	2.1840868e-04
0.0655107      	2.1847716e-04
0.0655368      	2.1854561e-04
0.0655628      	2.1861405e-04
0.0655889      	2.1868246e-04
0.0656149      	2.1875086e-04
0.0656409      	2.1881923e-04
0.065667       	2.1888759e-04
0.065693       	2.1895592e-04
0.065719       	2.1902424e-04
0.065745       	2.1909254e-04
0.065771       	2.1916081e-04
0.0657969      	2.1922907e-04
0.0658229      	2.1929730e-04
0.0658489      	2.1936552e-04
0.0658748      	2.1943372e-04
0.0659008      	2.1950189e-04
0.0659267      	2.1957005e-04
0.0659527      	2.1963818e-04
0.0659786      	2.1970630e-04
0.0660045      	2.1977440e-04
0.0660304      	2.1984248e-04
0.0660563      	2.1991053e-04
0.0660822      	2.1997857e-04
0.0661081      	2.2004659e-04
0.066134       	2.2011459e-04
0.0661598      	2.2018256e-04
0.0661857      	2.2025052e-04
0.0662115      	2.2031846e-04
0.0662374      	2.2038638e-04
0.0662632      	2.2045428e-04
0.0662891      	2.2052216e-04
0.0663149      	2.2059002e-04
0.0663407      	2.2065787e-04
0.0663665      	2.2072569e-04
0.0663923      	2.2079349e-04
0.0664181      	2.2086127e-04
0.0664439      	2.2092904e-04
0.0664696      	2.2099678e-04
0.0664954      	2.2106451e-04
0.0665212      	2.2113221e-04
0.0665469      	2.2119990e-04
0.0665727      	2.2126756e-04
0.0665984      	2.2133521e-04
0.0666241      	2.2140284e-04
0.0666499      	2.2147045e-04
0.0666756      	2.2153803e-04
0.0667013      	2.2160560e-04
0.066727       	2.2167315e-04
0.0667527      	2.2174069e-04
0.0667784      	2.2180820e-04
0.066804       	2.2187569e-04
0.0668297      	2.2194316e-04
0.0668554      	2.2201062e-04
0.066881       	2.2207805e-04
0.0669067      	2.2214547e-04
0.0669323      	2.2221286e-04
0.0669579      	2.2228024e-04
0.0669835      	2.2234760e-04
0.0670092      	2.2241485e-04
0.0670348      	2.2248192e-04
0.0670604      	2.2254897e-04
0.0670859      	2.2261600e-04
0.0671115      	2.2268301e-04
0.0671371      	2.2275001e-04
0.0671627      	2.2281698e-04
0.0671882      	2.2288394e-04
0.0672138      	2.2295088e-04
0.0672393      	2.2301779e-04
0.0672649      	2.2308470e-04
0.0672904      	2.2315158e-04
0.0673159      	2.2321844e-04
0.0673414      	2.2328528e-04
0.067367       	2.2335211e-04
0.0673925      	2.2341891e-04
0.067418       	2.2348570e-04
0.0674434      	2.2355247e-04
0.0674689      	2.2361922e-04
0.0674944      	2.2368595e-04
0.0675199      	2.2375266e-04
0.0675453      	2.2381936e-04
0.0675708      	2.2388603e-04
0.0675962      	2.2395269e-04
0.0676216      	2.2401933e-04
0.0676471      	2.2408595e-04
0.0676725      	2.2415255e-04
0.0676979      	2.2421913e-04
0.0677233      	2.2428570e-04
0.0677487      	2.2435224e-04
0.0677741      	2.2441877e-04
0.0677995      	2.2448528e-04
0.0678248      	2.2455177e-04
0.0678502      	2.2461824e-04
0.0678756      	2.2468469e-04
0.0679009      	2.2475113e-04
0.0679263      	2.2481755e-04
0.0679516      	2.2488394e-04
0.0679769      	2.2495032e-04
0.0680023      	2.2501670e-04
0.0680276      	2.2508330e-04
0.0680529      	2.2514987e-04
0.0680782      	2.2521642e-04
0.0681035      	2.2528296e-04
0.0681288      	2.2534947e-04
0.068154       	2.2541597e-04
0.0681793      	2.2548245e-04
0.0682046      	2.2554891e-04
0.0682298      	2.2561536e-04
0.0682551      	2.2568178e-04
0.0682803      	2.2574819e-04
0.0683056      	2.2581457e-04
0.0683308      	2.2588095e-04
0.068356       	2.2594730e-04
0.0683812      	2.2601363e-04
0.0684064      	2.2607994e-04
0.0684316      	2.2614624e-04
0.0684568      	2.2621252e-04
0.068482       	2.2627878e-04
0.0685072      	2.2634502e-04
0.0685324      	2.2641125e-04
0.0685575      	2.2647745e-04
0.0685827      	2.2654364e-04
0.0686078      	2.2660981e-04
0.068633       	2.2667596e-04
0.0686581      	2.2674210e-04
0.0686832      	2.2680821e-04
0.0687083      	2.2687431e-04
0.0687335      	2.2694039e-04
0.0687586      	2.2700645e-04
0.0687837      	2.2707250e-04
0.0688088      	2.2713852e-04
0.0688338      	2.2720453e-04
0.0688589      	2.2727052e-04
0.068884       	2.2733649e-04
0.068909       	2.2740244e-04
0.0689341      	2.2746838e-04
0.0689591      	2.2753430e-04
0.0689842      	2.2760020e-04
0.0690092      	2.2766608e-04
0.0690343      	2.2773194e-04
0.0690593      	2.2779779e-04
0.0690843      	2.2786362e-04
0.0691093      	2.2792943e-04
0.0691343      	2.2799522e-04
0.0691593      	2.2806100e-04
0.0691843      	2.2812676e-04
0.0692092      	2.2819249e-04
0.0692342      	2.2825822e-04
0.0692592      	2.2832392e-04
0.0692841      	2.2838961e-04
0.0693091      	2.2845528e-04
0.069334       	2.2852093e-04
0.069359       	2.2858656e-04
0.0693839      	2.2865218e-04
0.0694088      	2.2871778e-04
0.0694337      	2.2878336e-04
0.0694586      	2.2884892e-04
0.0694835      	2.2891447e-04
0.0695084      	2.2897999e-04
0.0695333      	2.2904551e-04
0.0695582      	2.2911100e-04
0.0695831      	2.2917648e-04
0.0696079      	2.2924193e-04
0.0696328      	2.2930737e-04
0.0696576      	2.2937280e-04
0.0696825      	2.2943820e-04
0.0697073      	2.2950359e-04
0.0697321      	2.2956896e-04
0.069757       	2.2963432e-04
0.0697818      	2.2969965e-04
0.0698066      	2.2976497e-04
0.0698314      	2.2983027e-04
0.0698562      	2.2989556e-04
0.069881       	2.2996082e-04
0.0699058      	2.3002607e-04
0.0699305      	2.3009131e-04
0.0699553      	2.3015652e-04
0.0699801      	2.3022172e-04
0.0700048      	2.3028690e-04
0.0700296      	2.3035206e-04
0.0700543      	2.3041721e-04
0.070079       	2.3048234e-04
0.0701038      	2.3054745e-04
0.0701285      	2.3061254e-04
0.0701532      	2.3067762e-04
0.0701779      	2.3074268e-04
0.0702026      	2.3080772e-04
0.0702273      	2.3087275e-04
0.070252       	2.3093775e-04
0.0702767      	2.3100275e-04
0.0703013      	2.3106772e-04
0.070326       	2.3113268e-04
0.0703507      	2.3119762e-04
0.0703753      	2.3126254e-04
0.0704         	2.3132745e-04
0.0704246      	2.3139234e-04
0.0704492      	2.3145721e-04
0.0704739      	2.3152206e-04
0.0704985      	2.3158690e-04
0.0705231      	2.3165172e-04
0.0705477      	2.3171652e-04
0.0705723      	2.3178131e-04
0.0705969      	2.3184608e-04
0.0706215      	2.3191084e-04
0.070646       	2.3197557e-04
0.0706706      	2.3204029e-04
0.0706952      	2.3210500e-04
0.0707197      	2.3216968e-04
0.0707443      	2.3223435e-04
0.0707688      	2.3229900e-04
0.0707934      	2.3236364e-04
0.0708179      	2.3242826e-04
0.0708424      	2.3249286e-04
0.0708669      	2.3255745e-04
0.0708914      	2.3262201e-04
0.0709159      	2.3268657e-04
0.0709404      	2.3275110e-04
0.0709649      	2.3281562e-04
0.0709894      	2.3288012e-04
0.0710139      	2.3294447e-04
0.0710384      	2.3300870e-04
0.0710628      	2.3307291e-04
0.0710873      	2.3313710e-04
0.0711117      	2.3320129e-04
0.0711362      	2.3326545e-04
0.0711606      	2.3332960e-04
0.0711851      	2.3339372e-04
0.0712095      	2.3345784e-04
0.0712339      	2.3352193e-04
0.0712583      	2.3358602e-04
0.0712827      	2.3365008e-04
0.0713071      	2.3371413e-04
0.0713315      	2.3377816e-04
0.0713559      	2.3384218e-04
0.0713803      	2.3390617e-04
0.0714046      	2.3397016e-04
0.071429       	2.3403412e-04
0.0714534      	2.3409807e-04
0.0714777      	2.3416200e-04
0.0715021      	2.3422592e-04
0.0715264      	2.3428982e-04
0.0715507      	2.3435371e-04
0.0715751      	2.3441758e-04
0.0715994      	2.3448143e-04
0.0716237      	2.3454526e-04
0.071648       	2.3460908e-04
0.0716723      	2.3467289e-04
0.0716966      	2.3473667e-04
0.0717209      	2.3480044e-04
0.0717452      	2.3486420e-04
0.0717694      	2.3492794e-04
0.0717937      	2.3499166e-04
0.071818       	2.3505537e-04
0.0718422      	2.3511906e-04
0.0718665      	2.3518273e-04
0.0718907      	2.3524639e-04
0.0719149      	2.3531003e-04
0.0719392      	2.3537366e-04
0.0719634      	2.3543727e-04
0.0719876      	2.3550086e-04
0.0720118      	2.3556455e-04
0.072036       	2.3562835e-04
0.0720602      	2.3569213e-04
0.0720844      	2.3575590e-04
0.0721086      	2.3581965e-04
0.0721328      	2.3588338e-04
0.072157       	2.3594710e-04
0.0721811      	2.3601080e-04
0.0722053      	2.3607449e-04
0.0722294      	2.3613816e-04
0.0722536      	2.3620181e-04
0.0722777      	2.3626545e-04
0.0723019      	2.3632907e-04
0.072326       	2.3639267e-04
0.0723501      	2.3645626e-04
0.0723742      	2.3651983e-04
0.0723983      	2.3658339e-04
0.0724224      	2.3664693e-04
0.0724465      	2.3671046e-04
0.0724706      	2.3677397e-04
0.0724947      	2.3683746e-04
0.0725188      	2.3690094e-04
0.0725428      	2.3696440e-04
0.0725669      	2.3702785e-04
0.072591       	2.3709127e-04
0.072615       	2.3715469e-04
0.0726391      	2.3721809e-04
0.0726631      	2.3728147e-04
0.0726871      	2.3734483e-04
0.0727112      	2.3740819e-04
0.0727352      	2.3747152e-04
0.0727592      	2.3753484e-04
0.0727832      	2.3759814e-04
0.0728072      	2.3766143e-04
0.0728312      	2.3772470e-04
0.0728552      	2.3778796e-04
0.0728792      	2.3785120e-04
0.0729031      	2.3791442e-04
0.0729271      	2.3797763e-04
0.0729511      	2.3804083e-04
0.072975       	2.3810400e-04
0.072999       	2.3816717e-04
0.0730229      	2.3823031e-04
0.0730469      	2.3829344e-04
0.0730708      	2.3835656e-04
0.0730947      	2.3841966e-04
0.0731186      	2.3848274e-04
0.0731425      	2.3854581e-04
0.0731665      	2.3860886e-04
0.0731904      	2.3867190e-04
0.0732143      	2.3873492e-04
0.0732381      	2.3879793e-04
0.073262       	2.3886091e-04
0.0732859      	2.3892389e-04
0.0733098      	2.3898685e-04
0.0733336      	2.3904979e-04
0.0733575      	2.3911272e-04
0.0733813      	2.3917563e-04
0.0734052      	2.3923853e-04
0.073429       	2.3930141e-04
0.0734529      	2.3936428e-04
0.0734767      	2.3942713e-04
0.0735005      	2.3948996e-04
0.0735243      	2.3955279e-04
0.0735481      	2.3961559e-04
0.0735719      	2.3967838e-04
0.0735957      	2.3974115e-04
0.0736195      	2.3980391e-04
0.0736433      	2.3986665e-04
0.0736671      	2.3992938e-04
0.0736909      	2.3999210e-04
0.0737146      	2.4005479e-04
0.0737384      	2.4011747e-04
0.0737621      	2.4018014e-04
0.0737859      	2.4024279e-04
0.0738096      	2.4030543e-04
0.0738334      	2.4036805e-04
0.0738571      	2.4043066e-04
0.0738808      	2.4049325e-04
0.0739045      	2.4055582e-04
0.0739283      	2.4061838e-04
0.073952       	2.4068093e-04
0.0739757      	2.4074345e-04
0.0739993      	2.4080597e-04
0.074023       	2.4086847e-04
0.0740467      	2.4093095e-04
0.0740704      	2.4099342e-04
0.0740941      	2.4105587e-04
0.0741177      	2.4111831e-04
0.0741414      	2.4118074e-04
0.074165       	2.4124314e-04
0.0741887      	2.4130554e-04
0.0742123      	2.4136791e-04
0.074236       	2.4143028e-04
0.0742596      	2.4149263e-04
0.0742832      	2.4155496e-04
0.0743068      	2.4161728e-04
0.0743304      	2.4167958e-04
0.074354       	2.4174187e-04
0.0743776      	2.4180414e-04
0.0744012      	2.4186640e-04
0.0744248      	2.4192864e-04
0.0744484      	2.4199087e-04
0.074472       	2.4205308e-04
0.0744955      	2.4211528e-04
0.0745191      	2.4217746e-04
0.0745426      	2.4223963e-04
0.0745662      	2.4230178e-04
0.0745897      	2.4236392e-04
0.0746133      	2.4242604e-04
0.0746368      	2.4248815e-04
0.0746603      	2.4255025e-04
0.0746839      	2.4261232e-04
0.0747074      	2.4267439e-04
0.0747309      	2.4273643e-04
0.0747544      	2.4279847e-04
0.0747779      	2.4286049e-04
0.0748014      	2.4292249e-04
0.0748249      	2.4298448e-04
0.0748483      	2.4304646e-04
0.0748718      	2.4310842e-04
0.0748953      	2.4317036e-04
0.0749187      	2.4323229e-04
0.0749422      	2.4329421e-04
0.0749656      	2.4335611e-04
0.0749891      	2.4341800e-04
0.0750125      	2.4347974e-04
0.075036       	2.4354137e-04
0.0750594      	2.4360299e-04
0.0750828      	2.4366459e-04
0.0751062      	2.4372617e-04
0.0751296      	2.4378774e-04
0.075153       	2.4384929e-04
0.0751764      	2.4391083e-04
0.0751998      	2.4397236e-04
0.0752232      	2.4403387e-04
0.0752466      	2.4409537e-04
0.07527        	2.4415685e-04
0.0752933      	2.4421832e-04
0.0753167      	2.4427977e-04
0.0753401      	2.4434121e-04
0.0753634      	2.4440264e-04
0.0753868      	2.4446404e-04
0.0754101      	2.4452544e-04
0.0754334      	2.4458682e-04
0.0754568      	2.4464819e-04
0.0754801      	2.4470954e-04
0.0755034      	2.4477088e-04
0.0755267      	2.4483220e-04
0.07555        	2.4489351e-04
0.0755733      	2.4495480e-04
0.0755966      	2.4501609e-04
0.0756199      	2.4507735e-04
0.0756432      	2.4513860e-04
0.0756665      	2.4519984e-04
0.0756897      	2.4526106e-04
0.075713       	2.4532227e-04
0.0757363      	2.4538347e-04
0.0757595      	2.4544465e-04
0.0757828      	2.4550581e-04
0.075806       	2.4556696e-04
0.0758293      	2.4562810e-04
0.0758525      	2.4568922e-04
0.0758757      	2.4575033e-04
0.0758989      	2.4581143e-04
0.0759221      	2.4587251e-04
0.0759454      	2.4593357e-04
0.0759686      	2.4599463e-04
0.0759918      	2.4605566e-04
0.076015       	2.4611683e-04
0.0760381      	2.4617807e-04
0.0760613      	2.4623929e-04
0.0760845      	2.4630050e-04
0.0761077      	2.4636169e-04
0.0761308      	2.4642287e-04
0.076154       	2.4648403e-04
0.0761771      	2.4654518e-04
0.0762003      	2.4660632e-04
0.0762234      	2.4666744e-04
0.0762466      	2.4672855e-04
0.0762697      	2.4678964e-04
0.0762928      	2.4685072e-04
0.0763159      	2.4691178e-04
0.0763391      	2.4697284e-04
0.0763622      	2.4703387e-04
0.0763853      	2.4709490e-04
0.0764084      	2.4715590e-04
0.0764315      	2.4721690e-04
0.0764545      	2.4727788e-04
0.0764776      	2.4733884e-04
0.0765007      	2.4739979e-04
0.0765238      	2.4746073e-04
0.0765468      	2.4752166e-04
0.0765699      	2.4758257e-04
0.0765929      	2.4764346e-04
0.076616       	2.4770434e-04
0.076639       	2.4776521e-04
0.0766621      	2.4782606e-04
0.0766851      	2.4788690e-04
0.0767081      	2.4794773e-04
0.0767311      	2.4800854e-04
0.0767542      	2.4806934e-04
0.0767772      	2.4813012e-04
0.0768002      	2.4819089e-04
0.0768232      	2.4825164e-04
0.0768462      	2.4831238e-04
0.0768691      	2.4837311e-04
0.0768921      	2.4843382e-04
0.0769151      	2.4849452e-04
0.0769381      	2.4855521e-04
0.076961       	2.4861588e-04
0.076984       	2.4867654e-04
0.0770069      	2.4873718e-04
0.0770299      	2.4879781e-04
0.0770528      	2.4885843e-04
0.0770758      	2.4891903e-04
0.0770987      	2.4897962e-04
0.0771216      	2.4904019e-04
0.0771445      	2.4910075e-04
0.0771675      	2.4916130e-04
0.0771904      	2.4922183e-04
0.0772133      	2.4928235e-04
0.0772362      	2.4934285e-04
0.0772591      	2.4940335e-04
0.077282       	2.4946382e-04
0.0773048      	2.4952429e-04
0.0773277      	2.4958474e-04
0.0773506      	2.4964517e-04
0.0773734      	2.4970559e-04
0.0773963      	2.4976600e-04
0.0774192      	2.4982640e-04
0.077442       	2.4988678e-04
0.0774649      	2.4994715e-04
0.0774877      	2.5000750e-04
0.0775105      	2.5006784e-04
0.0775334      	2.5012817e-04
0.0775562      	2.5018848e-04
0.077579       	2.5024878e-04
0.0776018      	2.5030906e-04
0.0776246      	2.5036933e-04
0.0776474      	2.5042959e-04
0.0776702      	2.5048983e-04
0.077693       	2.5055006e-04
0.0777158      	2.5061028e-04
0.0777386      	2.5067048e-04
0.0777613      	2.5073067e-04
0.0777841      	2.5079085e-04
0.0778069      	2.5085101e-04
0.0778296      	2.5091116e-04
0.0778524      	2.5097130e-04
0.0778751      	2.5103142e-04
0.0778979      	2.5109152e-04
0.0779206      	2.5115162e-04
0.0779433      	2.5121170e-04
0.0779661      	2.5127177e-04
0.0779888      	2.5133182e-04
0.0780115      	2.5139186e-04
0.0780342      	2.5145189e-04
0.0780569      	2.5151190e-04
0.0780796      	2.5157190e-04
0.0781023      	2.5163189e-04
0.078125       	2.5169186e-04
0.0781477      	2.5175182e-04
0.0781704      	2.5181176e-04
0.078193       	2.5187169e-04
0.0782157      	2.5193161e-04
0.0782384      	2.5199152e-04
0.078261       	2.5205141e-04
0.0782837      	2.5211129e-04
0.0783063      	2.5217115e-04
0.078329       	2.5223101e-04
0.0783516      	2.5229084e-04
0.0783742      	2.5235067e-04
0.0783969      	2.5241048e-04
0.0784195      	2.5247028e-04
0.0784421      	2.5253006e-04
0.0784647      	2.5258984e-04
0.0784873      	2.5264959e-04
0.0785099      	2.5270934e-04
0.0785325      	2.5276907e-04
0.0785551      	2.5282879e-04
0.0785777      	2.5288849e-04
0.0786003      	2.5294818e-04
0.0786228      	2.5300786e-04
0.0786454      	2.5306753e-04
0.078668       	2.5312718e-04
0.0786905      	2.5318682e-04
0.0787131      	2.5324644e-04
0.0787356      	2.5330605e-04
0.0787582      	2.5336565e-04
0.0787807      	2.5342524e-04
0.0788032      	2.5348481e-04
0.0788258      	2.5354437e-04
0.0788483      	2.5360392e-04
0.0788708      	2.5366345e-04
0.0788933      	2.5372297e-04
0.0789158      	2.5378247e-04
0.0789383      	2.5384197e-04
0.0789608      	2.5390145e-04
0.0789833      	2.5396091e-04
0.0790058      	2.5402031e-04
0.0790283      	2.5407953e-04
0.0790508      	2.5413874e-04
0.0790732      	2.5419793e-04
0.0790957      	2.5425711e-04
0.0791182      	2.5431628e-04
0.0791406      	2.5437544e-04
0.0791631      	2.5443458e-04
0.0791855      	2.5449371e-04
0.0792079      	2.5455283e-04
0.0792304      	2.5461193e-04
0.0792528      	2.5467102e-04
0.0792752      	2.5473010e-04
0.0792977      	2.5478916e-04
0.0793201      	2.5484822e-04
0.0793425      	2.5490725e-04
0.0793649      	2.5496628e-04
0.0793873      	2.5502529e-04
0.0794097      	2.5508429e-04
0.0794321      	2.5514328e-04
0.0794544      	2.5520225e-04
0.0794768      	2.5526122e-04
0.0794992      	2.5532016e-04
0.0795216      	2.5537910e-04
0.0795439      	2.5543802e-04
0.0795663      	2.5549693e-04
0.0795886      	2.5555583e-04
0.079611       	2.5561471e-04
0.0796333      	2.5567358e-04
0.0796557      	2.5573244e-04
0.079678       	2.5579129e-04
0.0797003      	2.5585012e-04
0.0797227      	2.5590894e-04
0.079745       	2.5596775e-04
0.0797673      	2.5602654e-04
0.0797896      	2.5608532e-04
0.0798119      	2.5614409e-04
0.0798342      	2.5620285e-04
0.0798565      	2.5626159e-04
0.0798788      	2.5632032e-04
0.0799011      	2.5637904e-04
0.0799233      	2.5643775e-04
0.0799456      	2.5649644e-04
0.0799679      	2.5655512e-04
0.0799901      	2.5661378e-04
0.0800124      	2.5665815e-04
0.0800347      	2.5669115e-04
0.0800569      	2.5672416e-04
0.0800792      	2.5675715e-04
0.0801014      	2.5679014e-04
0.0801236      	2.5682312e-04
0.0801459      	2.5685610e-04
0.0801681      	2.5688908e-04
0.0801904      	2.5692205e-04
0.0802126      	2.5695502e-04
0.0802348      	2.5698798e-04
0.0802571      	2.5702094e-04
0.0802793      	2.5705389e-04
0.0803015      	2.5708684e-04
0.0803237      	2.5711979e-04
0.0803459      	2.5715273e-04
0.0803681      	2.5718567e-04
0.0803904      	2.5721861e-04
0.0804126      	2.5725154e-04
0.0804348      	2.5728446e-04
0.080457       	2.5731739e-04
0.0804792      	2.5735030e-04
0.0805014      	2.5738322e-04
0.0805236      	2.5741613e-04
0.0805458      	2.5744904e-04
0.080568       	2.5748194e-04
0.0805901      	2.5751484e-04
0.0806123      	2.5754773e-04
0.0806345      	2.5758062e-04
0.0806567      	2.5761351e-04
0.0806789      	2.5764639e-04
0.080701       	2.5767927e-04
0.0807232      	2.5771215e-04
0.0807454      	2.5774502e-04
0.0807675      	2.5777788e-04
0.0807897      	2.5781075e-04
0.0808119      	2.5784361e-04
0.080834       	2.5787646e-04
0.0808562      	2.5790931e-04
0.0808783      	2.5794215e-04
0.0809005      	2.5797500e-04
0.0809226      	2.5800783e-04
0.0809448      	2.5804067e-04
0.0809669      	2.5807350e-04
0.0809891      	2.5810633e-04
0.0810112      	2.5813904e-04
0.0810333      	2.5817164e-04
0.0810555      	2.5820423e-04
0.0810776      	2.5823683e-04
0.0810997      	2.5826942e-04
0.0811218      	2.5830200e-04
0.0811439      	2.5833458e-04
0.0811661      	2.5836716e-04
0.0811882      	2.5839973e-04
0.0812103      	2.5843230e-04
0.0812324      	2.5846486e-04
0.0812545      	2.5849742e-04
0.0812766      	2.5852998e-04
0.0812987      	2.5856253e-04
0.0813208      	2.5859507e-04
0.0813429      	2.5862762e-04
0.081365       	2.5866015e-04
0.0813871      	2.5869269e-04
0.0814092      	2.5872522e-04
0.0814313      	2.5875775e-04
0.0814534      	2.5879027e-04
0.0814754      	2.5882278e-04
0.0814975      	2.5885529e-04
0.0815196      	2.5888780e-04
0.0815417      	2.5892031e-04
0.0815637      	2.5895281e-04
0.0815858      	2.5898530e-04
0.0816079      	2.5901779e-04
0.0816299      	2.5905028e-04
0.081652       	2.5908276e-04
0.081674       	2.5911524e-04
0.0816961      	2.5914771e-04
0.0817182      	2.5918018e-04
0.0817402      	2.5921265e-04
0.0817623      	2.5924511e-04
0.0817843      	2.5927757e-04
0.0818063      	2.5931002e-04
0.0818284      	2.5934246e-04
0.0818504      	2.5937491e-04
0.0818724      	2.5940735e-04
0.0818945      	2.5943978e-04
0.0819165      	2.5947221e-04
0.0819385      	2.5950463e-04
0.0819606      	2.5953706e-04
0.0819826      	2.5956947e-04
0.0820046      	2.5960188e-04
0.0820266      	2.5963429e-04
0.0820486      	2.5966669e-04
0.0820706      	2.5969909e-04
0.0820926      	2.5973149e-04
0.0821146      	2.5976387e-04
0.0821366      	2.5979626e-04
0.0821586      	2.5982864e-04
0.0821806      	2.5986102e-04
0.0822026      	2.5989339e-04
0.0822246      	2.5992576e-04
0.0822466      	2.5995812e-04
0.0822686      	2.5999048e-04
0.0822906      	2.6002283e-04
0.0823126      	2.6005518e-04
0.0823346      	2.6008752e-04
0.0823565      	2.6011986e-04
0.0823785      	2.6015220e-04
0.0824005      	2.6018453e-04
0.0824224      	2.6021685e-04
0.0824444      	2.6024918e-04
0.0824664      	2.6028149e-04
0.0824883      	2.6031381e-04
0.0825103      	2.6034611e-04
0.0825323      	2.6037842e-04
0.0825542      	2.6041072e-04
0.0825762      	2.6044301e-04
0.0825981      	2.6047530e-04
0.08262        	2.6050759e-04
0.082642       	2.6053987e-04
0.0826639      	2.6057215e-04
0.0826859      	2.6060442e-04
0.0827078      	2.6063669e-04
0.0827297      	2.6066895e-04
0.0827517      	2.6070121e-04
0.0827736      	2.6073346e-04
0.0827955      	2.6076571e-04
0.0828174      	2.6079795e-04
0.0828394      	2.6083019e-04
0.0828613      	2.6086243e-04
0.0828832      	2.6089466e-04
0.0829051      	2.6092689e-04
0.082927       	2.6095911e-04
0.0829489      	2.6099133e-04
0.0829708      	2.6102354e-04
0.0829927      	2.6105575e-04
0.0830146      	2.6108795e-04
0.0830365      	2.6112015e-04
0.0830584      	2.6115234e-04
0.0830803      	2.6118453e-04
0.0831022      	2.6121672e-04
0.0831241      	2.6124890e-04
0.083146       	2.6128108e-04
0.0831679      	2.6131325e-04
0.0831897      	2.6134542e-04
0.0832116      	2.6137758e-04
0.0832335      	2.6140974e-04
0.0832554      	2.6144189e-04
0.0832772      	2.6147404e-04
0.0832991      	2.6150618e-04
0.0833209      	2.6153832e-04
0.0833428      	2.6157046e-04
0.0833647      	2.6160259e-04
0.0833865      	2.6163471e-04
0.0834084      	2.6166684e-04
0.0834302      	2.6169895e-04
0.0834521      	2.6173107e-04
0.0834739      	2.6176317e-04
0.0834958      	2.6179528e-04
0.0835176      	2.6182738e-04
0.0835394      	2.6185947e-04
0.0835613      	2.6189156e-04
0.0835831      	2.6192365e-04
0.0836049      	2.6195573e-04
0.0836268      	2.6198781e-04
0.0836486      	2.6201988e-04
0.0836704      	2.6205195e-04
0.0836922      	2.6208401e-04
0.0837141      	2.6211607e-04
0.0837359      	2.6214812e-04
0.0837577      	2.6218017e-04
0.0837795      	2.6221222e-04
0.0838013      	2.6224426e-04
0.0838231      	2.6227629e-04
0.0838449      	2.6230833e-04
0.0838667      	2.6234035e-04
0.0838885      	2.6237238e-04
0.0839103      	2.6240439e-04
0.0839321      	2.6243641e-04
0.0839539      	2.6246842e-04
0.0839757      	2.6250042e-04
0.0839975      	2.6253242e-04
0.0840192      	2.6256461e-04
0.084041       	2.6259681e-04
0.0840628      	2.6262901e-04
0.0840846      	2.6266121e-04
0.0841063      	2.6269340e-04
0.0841281      	2.6272558e-04
0.0841499      	2.6275777e-04
0.0841716      	2.6278994e-04
0.0841934      	2.6282212e-04
0.0842152      	2.6285428e-04
0.0842369      	2.6288645e-04
0.0842587      	2.6291861e-04
0.0842804      	2.6295076e-04
0.0843022      	2.6298291e-04
0.0843239      	2.6301506e-04
0.0843457      	2.6304720e-04
0.0843674      	2.6307934e-04
0.0843892      	2.6311147e-04
0.0844109      	2.6314360e-04
0.0844326      	2.6317572e-04
0.0844544      	2.6320784e-04
0.0844761      	2.6323996e-04
0.0844978      	2.6327207e-04
0.0845195      	2.6330417e-04
0.0845413      	2.6333628e-04
0.084563       	2.6336837e-04
0.0845847      	2.6340047e-04
0.0846064      	2.6343256e-04
0.0846281      	2.6346464e-04
0.0846498      	2.6349672e-04
0.0846715      	2.6352880e-04
0.0846932      	2.6356087e-04
0.0847149      	2.6359293e-04
0.0847366      	2.6362500e-04
0.0847583      	2.6365706e-04
0.08478        	2.6368911e-04
0.0848017      	2.6372116e-04
0.0848234      	2.6375320e-04
0.0848451      	2.6378525e-04
0.0848668      	2.6381728e-04
0.0848885      	2.6384931e-04
0.0849101      	2.6388134e-04
0.0849318      	2.6391337e-04
0.0849535      	2.6394538e-04
0.0849752      	2.6397740e-04
0.0849968      	2.6400941e-04
0.0850185      	2.6404124e-04
0.0850402      	2.6407303e-04
0.0850618      	2.6410481e-04
0.0850835      	2.6413660e-04
0.0851051      	2.6416837e-04
0.0851268      	2.6420015e-04
0.0851484      	2.6423192e-04
0.0851701      	2.6426368e-04
0.0851917      	2.6429544e-04
0.0852134      	2.6432720e-04
0.085235       	2.6435895e-04
0.0852567      	2.6439070e-04
0.0852783      	2.6442245e-04
0.0852999      	2.6445419e-04
0.0853216      	2.6448592e-04
0.0853432      	2.6451765e-04
0.0853648      	2.6454938e-04
0.0853864      	2.6458111e-04
0.0854081      	2.6461283e-04
0.0854297      	2.6464454e-04
0.0854513      	2.6467625e-04
0.0854729      	2.6470796e-04
0.0854945      	2.6473966e-04
0.0855161      	2.6477136e-04
0.0855378      	2.6480306e-04
0.0855594      	2.6483475e-04
0.085581       	2.6486644e-04
0.0856026      	2.6489812e-04
0.0856242      	2.6492980e-04
0.0856458      	2.6496147e-04
0.0856673      	2.6499314e-04
0.0856889      	2.6502481e-04
0.0857105      	2.6505647e-04
0.0857321      	2.6508813e-04
0.0857537      	2.6511978e-04
0.0857753      	2.6515143e-04
0.0857968      	2.6518308e-04
0.0858184      	2.6521472e-04
0.08584        	2.6524636e-04
0.0858616      	2.6527799e-04
0.0858831      	2.6530962e-04
0.0859047      	2.6534125e-04
0.0859263      	2.6537287e-04
0.0859478      	2.6540449e-04
0.0859694      	2.6543610e-04
0.0859909      	2.6546771e-04
0.0860125      	2.6549932e-04
0.086034       	2.6553092e-04
0.0860556      	2.6556252e-04
0.0860771      	2.6559411e-04
0.0860987      	2.6562570e-04
0.0861202      	2.6565729e-04
0.0861418      	2.6568887e-04
0.0861633      	2.6572045e-04
0.0861848      	2.6575203e-04
0.0862064      	2.6578360e-04
0.0862279      	2.6581516e-04
0.0862494      	2.6584672e-04
0.0862709      	2.6587828e-04
0.0862925      	2.6590984e-04
0.086314       	2.6594139e-04
0.0863355      	2.6597294e-04
0.086357       	2.6600448e-04
0.0863785      	2.6603602e-04
0.0864         	2.6606756e-04
0.0864215      	2.6609909e-04
0.086443       	2.6613062e-04
0.0864645      	2.6616214e-04
0.086486       	2.6619366e-04
0.0865075      	2.6622517e-04
0.086529       	2.6625669e-04
0.0865505      	2.6628820e-04
0.086572       	2.6631970e-04
0.0865935      	2.6635120e-04
0.086615       	2.6638270e-04
0.0866365      	2.6641419e-04
0.086658       	2.6644568e-04
0.0866794      	2.6647717e-04
0.0867009      	2.6650865e-04
0.0867224      	2.6654013e-04
0.0867438      	2.6657160e-04
0.0867653      	2.6660307e-04
0.0867868      	2.6663454e-04
0.0868082      	2.6666600e-04
0.0868297      	2.6669746e-04
0.0868512      	2.6672891e-04
0.0868726      	2.6676037e-04
0.0868941      	2.6679181e-04
0.0869155      	2.6682326e-04
0.086937       	2.6685470e-04
0.0869584      	2.6688614e-04
0.0869799      	2.6691757e-04
0.0870013      	2.6694900e-04
0.0870227      	2.6698042e-04
0.0870442      	2.6701185e-04
0.0870656      	2.6704326e-04
0.0870871      	2.6707468e-04
0.0871085      	2.6710609e-04
0.0871299      	2.6713750e-04
0.0871513      	2.6716890e-04
0.0871728      	2.6720030e-04
0.0871942      	2.6723169e-04
0.0872156      	2.6726309e-04
0.087237       	2.6729447e-04
0.0872584      	2.6732586e-04
0.0872798      	2.6735724e-04
0.0873012      	2.6738862e-04
0.0873226      	2.6741999e-04
0.087344       	2.6745136e-04
0.0873654      	2.6748273e-04
0.0873868      	2.6751409e-04
0.0874082      	2.6754545e-04
0.0874296      	2.6757681e-04
0.087451       	2.6760816e-04
0.0874724      	2.6763951e-04
0.0874938      	2.6767085e-04
0.0875152      	2.6770219e-04
0.0875366      	2.6773353e-04
0.087558       	2.6776486e-04
0.0875793      	2.6779619e-04
0.0876007      	2.6782752e-04
0.0876221      	2.6785884e-04
0.0876434      	2.6789016e-04
0.0876648      	2.6792148e-04
0.0876862      	2.6795279e-04
0.0877075      	2.6798410e-04
0.0877289      	2.6801541e-04
0.0877503      	2.6804671e-04
0.0877716      	2.6807800e-04
0.087793       	2.6810930e-04
0.0878143      	2.6814059e-04
0.0878357      	2.6817188e-04
0.087857       	2.6820316e-04
0.0878784      	2.6823444e-04
0.0878997      	2.6826572e-04
0.087921       	2.6829699e-04
0.0879424      	2.6832826e-04
0.0879637      	2.6835953e-04
0.087985       	2.6839079e-04
0.0880064      	2.6842211e-04
0.0880277      	2.6845357e-04
0.088049       	2.6848503e-04
0.0880703      	2.6851649e-04
0.0880917      	2.6854794e-04
0.088113       	2.6857939e-04
0.0881343      	2.6861084e-04
0.0881556      	2.6864228e-04
0.0881769      	2.6867372e-04
0.0881982      	2.6870516e-04
0.0882195      	2.6873659e-04
0.0882408      	2.6876802e-04
0.0882621      	2.6879944e-04
0.0882834      	2.6883086e-04
0.0883047      	2.6886228e-04
0.088326       	2.6889370e-04
0.0883473      	2.6892511e-04
0.0883686      	2.6895651e-04
0.0883899      	2.6898792e-04
0.0884112      	2.6901932e-04
0.0884325      	2.6905072e-04
0.0884537      	2.6908211e-04
0.088475       	2.6911350e-04
0.0884963      	2.6914489e-04
0.0885176      	2.6917627e-04
0.0885388      	2.6920765e-04
0.0885601      	2.6923902e-04
0.0885814      	2.6927040e-04
0.0886026      	2.6930177e-04
0.0886239      	2.6933313e-04
0.0886452      	2.6936449e-04
0.0886664      	2.6939585e-04
0.0886877      	2.6942721e-04
0.0887089      	2.6945856e-04
0.0887302      	2.6948991e-04
0.0887514      	2.6952125e-04
0.0887727      	2.6955259e-04
0.0887939      	2.6958393e-04
0.0888151      	2.6961527e-04
0.0888364      	2.6964660e-04
0.0888576      	2.6967793e-04
0.0888788      	2.6970925e-04
0.0889001      	2.6974057e-04
0.0889213      	2.6977189e-04
0.0889425      	2.6980320e-04
0.0889637      	2.6983452e-04
0.088985       	2.6986582e-04
0.0890062      	2.6989707e-04
0.0890274      	2.6992816e-04
0.0890486      	2.6995925e-04
0.0890698      	2.6999034e-04
0.089091       	2.7002142e-04
0.0891122      	2.7005250e-04
0.0891334      	2.7008358e-04
0.0891546      	2.7011465e-04
0.0891758      	2.7014572e-04
0.089197       	2.7017679e-04
0.0892182      	2.7020785e-04
0.0892394      	2.7023891e-04
0.0892606      	2.7026997e-04
0.0892818      	2.7030102e-04
0.089303       	2.7033207e-04
0.0893242      	2.7036312e-04
0.0893454      	2.7039416e-04
0.0893665      	2.7042520e-04
0.0893877      	2.7045624e-04
0.0894089      	2.7048727e-04
0.0894301      	2.7051830e-04
0.0894512      	2.7054933e-04
0.0894724      	2.7058036e-04
0.0894936      	2.7061138e-04
0.0895147      	2.7064239e-04
0.0895359      	2.7067341e-04
0.089557       	2.7070442e-04
0.0895782      	2.7073543e-04
0.0895994      	2.7076643e-04
0.0896205      	2.7079743e-04
0.0896417      	2.7082843e-04
0.0896628      	2.7085942e-04
0.0896839      	2.7089042e-04
0.0897051      	2.7092140e-04
0.0897262      	2.7095239e-04
0.0897474      	2.7098337e-04
0.0897685      	2.7101435e-04
0.0897896      	2.7104532e-04
0.0898108      	2.7107630e-04
0.0898319      	2.7110727e-04
0.089853       	2.7113823e-04
0.0898741      	2.7116919e-04
0.0898953      	2.7120015e-04
0.0899164      	2.7123111e-04
0.0899375      	2.7126206e-04
0.0899586      	2.7129301e-04
0.0899797      	2.7132396e-04
0.0900008      	2.7135490e-04
0.0900219      	2.7138585e-04
0.090043       	2.7141678e-04
0.0900641      	2.7144772e-04
0.0900852      	2.7147865e-04
0.0901063      	2.7150958e-04
0.0901274      	2.7154050e-04
0.0901485      	2.7157143e-04
0.0901696      	2.7160235e-04
0.0901907      	2.7163326e-04
0.0902118      	2.7166418e-04
0.0902329      	2.7169509e-04
0.090254       	2.7172600e-04
0.090275       	2.7175691e-04
0.0902961      	2.7178781e-04
0.0903172      	2.7181871e-04
0.0903383      	2.7184961e-04
0.0903593      	2.7188051e-04
0.0903804      	2.7191141e-04
0.0904012      	2.7194183e-04
0.0904196      	2.7196891e-04
0.0904359      	2.7199281e-04
0.0904501      	2.7201368e-04
0.0904624      	2.7203172e-04
0.0904729      	2.7204716e-04
0.0904818      	2.7206026e-04
0.0904893      	2.7207130e-04
0.0904956      	2.7208053e-04
0.0905008      	2.7208823e-04
0.090505       	2.7209462e-04
0.0905086      	2.7209991e-04
0.0905115      	2.7210430e-04
0.0905138      	2.7210794e-04
0.0905157      	2.7211098e-04
0.0905173      	2.7211355e-04
0.0905186      	2.7211575e-04
0.0905196      	2.7211768e-04
0.0905204      	2.7211943e-04
0.0905211      	2.7212108e-04
0.0905216      	2.7212271e-04
0.090522       	2.7212440e-04
0.0905224      	2.7212622e-04
0.0905227      	2.7212826e-04
0.0905229      	2.7213062e-04
0.0905231      	2.7213341e-04
0.0905232      	2.7213678e-04
0.0905233      	2.7214088e-04
0.0905234      	2.7214591e-04
0.0905235      	2.7215211e-04
0.0905236      	2.7215978e-04
0.0905236      	2.7216930e-04
0.0905237      	2.7218113e-04
0.0905237      	2.7219583e-04
0.0905237      	2.7221412e-04
0.0905237      	2.7223688e-04
0.0905238      	2.7226520e-04
0.0905238      	2.7230047e-04
0.0905238      	2.7234437e-04
0.0905238      	2.7239904e-04
0.0905238      	2.7246713e-04
0.0905238      	2.7255192e-04
0.0905238      	2.7265752e-04
0.0905238      	2.7278903e-04
0.0905238      	2.7295281e-04
0.0905238      	2.7315680e-04
0.0905238      	2.7341084e-04
0.0905238      	2.7372725e-04
0.0905238      	2.7412132e-04
0.0905238      	2.7461211e-04
0.0905238      	2.7522337e-04
0.0905238      	2.7598468e-04
0.0905238      	2.7693284e-04
0.0905238      	2.7811374e-04
0.0905238      	2.7958448e-04
0.0905238      	2.8141630e-04
0.0905238      	2.8369775e-04
0.0905238      	2.8653927e-04
0.0905238      	2.9007809e-04
0.0905238      	2.9448579e-04
0.0905238      	2.9997509e-04
0.0905238      	3.0681232e-04
0.0905238      	3.1532713e-04
0.0905238      	3.2593312e-04
0.0905238      	3.3914094e-04
0.0905238      	3.5559316e-04
0.0905238      	3.7608049e-04
0.0905238      	4.0160166e-04
0.0905238      	4.3337995e-04
0.0905238      	4.7296875e-04
0.0905238      	5.2226282e-04
0.0905238      	5.8367279e-04
0.0905238      	6.6013710e-04
0.0905238      	7.5539558e-04
0.0905238      	8.7400595e-04
0.0905238      	1.0217697e-03
0.0905238      	1.2057565e-03
0.0905238      	1.4349659e-03
0.0905238      	1.7203637e-03
0.0905238      	2.0759103e-03
0.0905238      	2.5186157e-03
0.0905238      	3.0701351e-03
0.0905238      	3.7568539e-03
0.0905238      	4.6123637e-03
0.0905238      	5.6775930e-03
0.0905238      	7.0046489e-03
0.0905238      	8.6570187e-03
0.0905238      	1.0715531e-02
0.0905238      	1.3278665e-02
0.0905238      	1.6471803e-02
0.0905238      	2.0447704e-02
0.0905238      	2.5400858e-02
0.0905238      	3.1568224e-02
0.0905238      	3.9251493e-02
0.0905238      	4.8818232e-02
0.0905238      	6.0736420e-02
0.0905238      	7.5576221e-02
0.0905238      	9.4063562e-02
0.0905238      	1.1708287e-01
0.0905238      	1.4576019e-01
0.0905238      	1.8146744e-01
0.0905238      	2.2595134e-01
0.0905238      	2.8133997e-01
0.0905238      	3.5034282e-01
0.0905238      	4.3626094e-01
0.0905238      	5.4329728e-01
0.0905238      	6.7657235e-01
0.0905238      	8.4260575e-01
0.0905238      	1.0493403e+00
0.0905238      	1.3068892e+00
0.0905238      	1.6275732e+00
0.0905238      	2.0270797e+00
0.0905238      	2.5245205e+00
0.0905238      	3.1442299e+00
0.0905238      	3.9158537e+00
0.0905238      	4.8771388e+00
0.0905238      	6.0740717e+00
0.0905238      	7.5652049e+00
0.0905238      	9.4218718e+00
0.0905238      	1.1734898e+01
0.0905238      	1.4614936e+01
0.0905238      	1.8202873e+01
0.0905238      	2.2670350e+01
0.0905238      	2.8235912e+01
0.0905238      	3.5165805e+01
0.0905238      	4.3799033e+01
0.0905238      	5.4548593e+01
0.0905238      	6.7940345e+01
0.0905238      	8.4614924e+01
0.0905238      	1.0538804e+02
0.0905238      	1.3125343e+02
0.0905238      	1.6347641e+02
0.0905238      	2.0359848e+02
0.0905238      	2.5358236e+02
0.0905238      	3.1581918e+02
0.0905238      	3.9335353e+02
0.0905238      	4.8989449e+02
0.0905238      	6.1016478e+02
0.0905238      	7.5991787e+02
0.0905238      	9.4647959e+02
0.0905238      	1.1787747e+03
0.0905238      	1.4681668e+03
0.0905238      	1.8284999e+03
0.0905238      	2.2774012e+03
0.0905238      	2.8363453e+03
0.0905238      	3.5326753e+03
0.0905238      	4.3997021e+03
0.0905238      	5.4798402e+03
0.0905238      	6.8247611e+03
0.0905238      	8.5002574e+03
0.0905238      	1.0586481e+04
0.0905238      	1.3185489e+04
0.0905238      	1.6421613e+04
0.0905238      	2.0453161e+04
0.0905238      	2.5472994e+04
0.0905238      	3.1726680e+04
0.0905238      	3.9513380e+04
0.0905238      	4.9214016e+04
0.0905238      	6.1292645e+04
0.0905238      	7.6340148e+04
0.0905238      	9.5076360e+04
0.0905238      	1.1841785e+05
0.0905238      	1.4748122e+05
0.0905238      	1.8368825e+05
0.0905238      	2.2877097e+05
0.0905238      	2.8493485e+05
0.0905238      	3.5486657e+05
0.0905238      	4.4198727e+05
0.0905238      	5.5046443e+05
0.0905238      	6.8560499e+05
0.0905238      	8.5387327e+05
0.0905238      	1.0635017e+06
0.0905238      	1.3245170e+06
0.0905238      	1.6496904e+06
0.0905238      	2.0545732e+06
0.0905238      	2.5589794e+06
0.0905238      	3.1870258e+06
0.0905238      	3.9694580e+06
0.0905238      	4.9436726e+06
0.0905238      	6.1573733e+06
0.0905238      	7.6685601e+06
0.0905238      	9.5512399e+06
0.0905238      	1.1895370e+07
0.0905238      	1.4815763e+07
0.0905238      	1.8451942e+07
0.0905238      	2.2982024e+07
0.0905238      	2.8622412e+07
0.0905238      	3.5649425e+07
0.0905238      	4.4398712e+07
0.0905238      	5.5298933e+07
0.0905238      	6.8870707e+07
0.0905238      	8.5778993e+07
0.0905238      	1.0683135e+08
0.0905238      	1.3305927e+08
0.0905238      	1.6571542e+08
0.0905238      	2.0639982e+08
0.0905238      	2.5705562e+08
0.0905238      	3.2016474e+08
0.0905238      	3.9874136e+08
0.0905238      	4.9663541e+08
0.0905238      	6.1852246e+08
0.0905238      	7.7037445e+08
0.0905238      	9.5944406e+08
0.0905238      	1.1949949e+09
0.0905238      	1.4882773e+09
0.0905238      	1.8536607e+09
0.0905238      	2.3085965e+09
0.0905238      	2.8753746e+09
0.0905238      	3.5810651e+09
0.0905238      	4.4602440e+09
0.0905238      	5.5549020e+09
0.0905238      	6.9186730e+09
0.0905238      	8.6166924e+09
0.0905238      	1.0732156e+10
0.0905238      	1.3366102e+10
0.0905238      	1.6647582e+10
0.0905238      	2.0733325e+10
0.0905238      	2.5823515e+10
0.0905238      	3.2161267e+10
0.0905238      	4.0057104e+10
0.0905238      	4.9888143e+10
0.0905238      	6.2136063e+10
0.0905238      	7.7385844e+10
0.0905238      	9.6384660e+10
0.0905238      	1.2003992e+11
0.0905238      	1.4951064e+11
0.0905238      	1.8620438e+11
